wdm-btlcjy-500ml 620 333 720 697
wdm-btlcjy-1L 1014 1224 1147 1627
wdm-btlcjy-1L 923 1203 1044 1583
wdm-cxmc-1.3L 241 1330 350 1609
wdm-cxmc-1.3L 170 1315 276 1589
wdm-cxmc-1.3L 114 1286 203 1547
wdm-wjxjy-500ml 538 341 626 689
wdm-wjxjy-500ml 470 339 561 677
wdm-wjxjy-800ml 832 1177 947 1553
wdm-wjxjy-800ml 747 1147 850 1524
wdm-spjbsc-500ml 1011 783 1129 1206
wdm-spjbsc-500ml 920 774 1029 1171
wdm-cxhy-510g 1573 1421 1741 1868
wdm-cxhy-510g 1482 1400 1626 1821
wdm-cxhy-510g 1379 1365 1520 1777
wdm-wjxjy-1.3L 688 1539 826 1880
wdm-wjxjy-1.8L 920 1618 1094 1994
wdm-wjxjy-1.8L 791 1574 947 1939
