wdm-wjxjy-1L 1173 1286 1282 1612
wdm-wjxjy-1L 1023 1262 1138 1583
wdm-wjxjy-1L 958 1250 1055 1556
wdm-wjxjy-1L 900 1233 991 1518
wdm-wjxjy-1L 841 1230 932 1506
wdm-wjxjy-1L 791 1215 882 1489
wdm-wjxjy-800ml 738 1212 811 1477
wdm-wjxjy-800ml 694 1203 764 1465
wdm-wjxjy-800ml 647 1197 723 1447
wdm-wjxjy-800ml 603 1192 670 1439
wdm-wjxjy-800ml 564 1183 641 1433
wdm-wjxjy-800ml 526 1174 597 1412
wdm-wjxjy-800ml 897 947 970 1203
wdm-wjxjy-800ml 947 947 1023 1221
wdm-wjxjy-800ml 1008 947 1085 1236
wdm-wjxjy-800ml 1061 944 1144 1239
wdm-wjxjy-800ml 1117 930 1208 1236
wdm-wjxjy-800ml 1188 942 1282 1247
wdm-wjxjy-500ml 1250 983 1335 1262
wdm-wjxjy-500ml 1317 1003 1405 1277
wdm-wjxjy-500ml 1382 1006 1482 1286
wdm-wjxjy-500ml 1455 1009 1547 1300
wdm-wjxjy-500ml 1523 1006 1629 1300
wdm-wjxjy-500ml 1611 1006 1711 1300
wdm-btlcjy-1L 1255 1283 1344 1621
wdm-btlcjy-1L 1326 1289 1435 1650
wdm-btlcjy-1L 1408 1300 1529 1680
wdm-btlcjy-1L 1500 1324 1617 1715
wdm-btlcjy-1L 1588 1336 1705 1733
wdm-wjxjy-1.8L 1191 1653 1335 1950
wdm-wjxjy-1.8L 1088 1618 1238 1927
wdm-wjxjy-1.8L 1000 1574 1132 1889
wdm-wjxjy-1.8L 917 1559 1035 1839
wdm-wjxjy-1.8L 850 1536 953 1812
wdm-wjxjy-1.8L 785 1518 885 1786
wdm-wjxjy-1.8L 717 1486 814 1753
wdm-wjxjy-1.8L 664 1468 753 1715
wdm-wjxjy-1.8L 967 1877 1094 2209
wdm-wjxjy-1.8L 1047 1915 1200 2265
wdm-wjxjy-1.8L 1147 1965 1300 2309
wdm-wjxjy-1.8L 1253 2003 1417 2362
wdm-wjxjy-1.8L 1364 2053 1538 2436
wdm-wjxjy-1.8L 1497 2097 1670 2500
lyx-tjjy-500ml 1626 533 1753 894
lyx-tjjy-500ml 1520 544 1653 915
lyx-tjjy-500ml 1435 547 1553 915
lyx-tjjy-500ml 1353 556 1473 918
lyx-tjjy-500ml 1270 574 1376 915
lyx-hsjy-500ml 1205 583 1297 897
lyx-hsjy-500ml 1132 594 1235 912
lyx-tjyzjy-500ml 1058 603 1153 915
lyx-tjyzjy-500ml 1005 609 1088 909
lyx-tjyzjy-500ml 935 621 1029 918
lyx-tjyzjy-500ml 882 624 967 912
wdm-spjbsc-500ml 835 627 926 903
