cbl-lyxtmj-300g 914 818 1061 947
cbl-lyxtmj-300g 905 939 1058 1062
cbl-lyxtmj-300g 1052 821 1217 950
cbl-lyxtmj-300g 1046 941 1208 1074
cbl-lyxdbj-300g 1199 941 1352 1086
cbl-lyxdbj-300g 1211 821 1367 956
cbl-lyxdbj-300g 1364 824 1529 956
cbl-lyxdbj-300g 1352 950 1520 1094
cbl-lyxdbj-300g 1511 953 1690 1089
cbl-lyxdbj-300g 1526 824 1699 965
cbl-lyxdbj-300g 1702 827 1873 971
cbl-lyxdbj-300g 1693 956 1864 1097
cbl-lyxdbj-300g 1176 1218 1335 1374
cbl-lyxdbj-300g 1332 1224 1502 1391
cbl-lyxdbj-300g 1496 1230 1676 1418
cbl-lyxdbj-300g 1670 1241 1852 1424
cbl-lhdj-900g 723 1412 846 1674
cbl-lhdj-900g 829 1412 961 1697
cbl-hdj-900g 946 1430 1076 1712
cbl-hdj-900g 1061 1447 1199 1718
cbl-hdj-900g 1176 1456 1320 1739
cbl-lyxljj-300g 299 1180 440 1297
cbl-lyxljj-300g 182 1171 302 1289
cbl-lyxljj-300g 176 1074 314 1186
cbl-lyxljj-300g 296 1080 455 1194
