lyx-tjyzjy-500ml 1 396 48 588
lyx-tjyzjy-500ml 45 399 106 591
lyx-tjyzjy-500ml 103 400 162 599
lyx-tjyzjy-500ml 160 405 217 597
lyx-tjyzjy-500ml 214 409 268 600
lyx-tjyzjy-500ml 268 412 325 596
lyx-tjyzjy-500ml 1 612 50 803
lyx-tjyzjy-500ml 45 614 106 808
lyx-tjyzjy-500ml 110 617 170 808
lyx-tjyzjy-500ml 168 619 230 812
lyx-tjyzjy-500ml 240 622 303 817
wdm-wjxjy-500ml 326 423 385 600
wdm-wjxjy-500ml 311 636 368 816
wdm-wjxjy-500ml 363 640 414 823
wdm-wjxjy-500ml 413 645 465 822
wdm-wjxjy-500ml 337 852 396 1032
wdm-wjxjy-500ml 391 852 443 1032
wdm-wjxjy-500ml 313 1069 371 1248
wdm-spjbsc-500ml 457 1066 520 1249
wdm-spjbsc-500ml 514 1067 563 1249
wdm-spjbsc-500ml 560 1068 606 1249
wdm-spjbsc-500ml 510 423 571 611
wdm-spjbsc-500ml 568 425 625 605
wdm-spjbsc-500ml 617 431 673 611
wdm-spjbsc-500ml 670 436 720 616
wdm-spjbsc-500ml 719 434 771 619
wdm-spjbsc-500ml 608 1069 657 1251
wdm-spjbsc-500ml 654 1068 703 1251
