cbl-lyxdbj-300g 714 371 850 556
cbl-lyxdbj-300g 708 536 838 691
cbl-lyxdbj-300g 817 339 982 527
cbl-lyxdbj-300g 800 509 982 686
cbl-lyxdbj-300g 941 286 1188 509
cbl-lyxdbj-300g 944 474 1170 662
cbl-hdj-900g 1147 203 1379 650
cbl-hdj-900g 1320 147 1541 636
cbl-hdj-900g 1479 59 1785 641
wdm-wjxjy-1L 803 959 958 1447
wdm-wjxjy-1L 885 974 1073 1483
wdm-wjxjy-500ml 647 980 758 1391
wdm-wjxjy-500ml 720 1000 844 1418
wdm-wjxjy-800ml 988 947 1156 1533
wdm-wjxjy-800ml 1094 959 1276 1565
wdm-wjxjy-800ml 1203 971 1406 1627
wdm-wjxjy-800ml 1329 983 1573 1683
wdm-wjxjy-800ml 1526 980 1738 1659
