wdm-wjxjy-800ml 289 770 391 1000
wdm-wjxjy-800ml 381 775 472 1010
wdm-wjxjy-800ml 470 779 562 1018
wdm-wjxjy-800ml 543 781 631 1010
wdm-wjxjy-800ml 624 789 714 1014
wdm-wjxjy-800ml 706 791 793 1022
wdm-wjxjy-1L 808 806 895 1029
wdm-wjxjy-1L 887 818 970 1031
wdm-wjxjy-1L 964 824 1054 1033
wdm-wjxjy-1L 1049 831 1141 1039
wdm-wjxjy-1L 1137 845 1249 1045
cbl-lyxtmj-300g 1508 1214 1583 1293
cbl-lyxtmj-300g 1508 1279 1593 1354
cbl-lyxdbj-300g 1435 1214 1518 1291
cbl-lyxdbj-300g 1443 1274 1528 1360
cbl-hdj-900g 899 1179 1003 1350
