wdm-btlcjy-500ml 385 212 539 680
wdm-btlcjy-500ml 527 219 678 712
wdm-btlcjy-500ml 659 222 810 717
wdm-wjxjy-800ml 795 144 954 709
wdm-wjxjy-800ml 946 149 1103 717
wdm-wjxjy-800ml 1088 149 1246 714
wdm-wjxjy-800ml 1227 153 1388 717
wdm-wjxjy-800ml 1373 156 1532 722
wdm-wjxjy-800ml 1505 158 1668 707
cbl-lyxdbj-300g 373 895 561 1058
cbl-lyxdbj-300g 342 1056 539 1236
cbl-lyxdbj-300g 524 1051 722 1241
cbl-lyxdbj-300g 551 892 739 1053
cbl-lyxdbj-300g 727 890 903 1046
cbl-lyxdbj-300g 712 1049 898 1231
cbl-lyxdbj-300g 893 885 1063 1051
cbl-lyxdbj-300g 890 1051 1078 1239
cbl-lyxdbj-300g 1054 888 1224 1044
cbl-lyxdbj-300g 1066 1049 1259 1234
cbl-lyxdbj-300g 1212 892 1390 1051
cbl-lyxdbj-300g 1229 1046 1417 1234
cbl-lyxdbj-300g 1378 890 1563 1056
cbl-lyxdbj-300g 1400 1049 1603 1224
