wdm-wjxjy-500ml 238 312 438 947
wdm-wjxjy-500ml 405 339 567 944
wdm-wjxjy-800ml 567 259 776 956
wdm-wjxjy-800ml 741 292 903 936
wdm-wjxjy-800ml 858 321 994 936
wdm-cxmc-460ml 950 394 1082 942
wdm-cxmc-460ml 1050 418 1197 936
wdm-btlcjy-500ml 1141 471 1270 947
wdm-btlcjy-500ml 1241 492 1358 944
lyx-hsjy-500ml 1555 521 1688 927
lyx-hsjy-500ml 1647 518 1779 939
lyx-hsjy-500ml 1723 530 1858 944
wdm-wjxjy-1.3L 258 1118 438 1703
wdm-wjxjy-1.3L 423 1106 661 1680
wdm-wjxjy-1.8L 626 1071 864 1653
wdm-wjxjy-1.8L 832 1053 1038 1603
wdm-wjxjy-1.8L 997 1053 1200 1565
wdm-wjxjy-1.8L 1170 1044 1353 1530
wdm-wjxjy-1L 1329 1059 1473 1512
wdm-wjxjy-1L 1426 1056 1555 1486
wdm-wjxjy-1L 1529 1044 1650 1474
wdm-wjxjy-1L 1611 1044 1741 1444
wdm-wjxjy-1L 1700 1039 1814 1442
wdm-wjxjy-1.8L 1129 1615 1305 2044
wdm-wjxjy-1.8L 1270 1565 1435 1992
wdm-wjxjy-800ml 1032 1630 1150 2068
wdm-wjxjy-800ml 914 1644 1067 2106
wdm-wjxjy-800ml 814 1683 932 2130
wdm-wjxjy-800ml 708 1703 841 2183
wdm-wjxjy-800ml 585 1739 735 2236
wdm-wjxjy-800ml 441 1759 600 2300
wdm-wjxjy-800ml 279 1800 455 2359
