wdm-wjxjy-800ml 1167 530 1320 1006
wdm-wjxjy-800ml 1067 550 1191 1003
wdm-wjxjy-800ml 976 580 1105 1009
wdm-wjxjy-800ml 911 583 1020 1006
wdm-wjxjy-800ml 844 603 941 1009
wdm-wjxjy-800ml 791 636 891 1018
wdm-wjxjy-800ml 741 636 817 1006
wdm-wjxjy-1L 1279 489 1432 994
wdm-wjxjy-1L 1388 465 1547 986
wdm-wjxjy-1L 1508 424 1705 1000
wdm-wjxjy-1L 1629 394 1835 994
wdm-wjxjy-1L 1791 344 1920 994
wdm-spjbsc-500ml 750 1065 841 1374
wdm-spjbsc-500ml 811 1062 900 1380
wdm-spjbsc-500ml 847 1071 953 1406
wdm-cxmc-460ml 914 1068 991 1418
wdm-cxmc-460ml 955 1086 1035 1442
wdm-wjxjy-800ml 991 1077 1088 1450
wdm-wjxjy-800ml 1058 1074 1161 1471
wdm-wjxjy-800ml 1123 1080 1226 1483
wdm-wjxjy-800ml 1182 1080 1308 1503
wdm-wjxjy-800ml 1276 1074 1400 1527
wdm-wjxjy-1L 1638 1086 1847 1650
wdm-wjxjy-1L 1797 1092 1920 1680
cbl-lyxdbj-300g 1323 1706 1526 1936
cbl-lyxdbj-300g 1311 1856 1523 2059
cbl-lyxdbj-300g 1197 1565 1394 1736
cbl-lyxdbj-300g 1191 1692 1388 1877
cbl-hdj-900g 1476 1730 1688 2103
cbl-hdj-900g 1614 1777 1820 2183
cbl-hdj-900g 1741 1842 1920 2297
