wdm-wjxjy-1.3L 750 427 879 715
wdm-wjxjy-1.3L 864 436 979 709
wdm-wjxjy-1.8L 620 400 764 721
wdm-wjxjy-1.8L 500 397 635 715
wdm-wjxjy-1.8L 358 383 511 724
wdm-wjxjy-1.8L 208 374 376 730
wdm-wjxjy-1.8L 70 374 232 721
wdm-wjxjy-1L 767 744 882 1050
wdm-wjxjy-1L 867 747 973 1047
wdm-wjxjy-1L 961 739 1082 1039
wdm-wjxjy-1L 1070 747 1164 1030
wdm-wjxjy-1L 1156 744 1256 1030
wdm-wjxjy-1L 979 418 1082 709
wdm-wjxjy-1L 1070 418 1164 715
wdm-wjxjy-1L 1156 421 1250 712
wdm-wjxjy-1L 1232 424 1329 718
wdm-wjxjy-1L 1314 430 1408 718
wdm-wjxjy-1L 1394 430 1473 721
wdm-wjxjy-1L 906 1341 1006 1621
wdm-wjxjy-1L 1014 1347 1097 1618
wdm-wjxjy-1L 1091 1344 1182 1603
wdm-wjxjy-1L 1176 1341 1279 1603
wdm-wjxjy-1L 1253 1333 1350 1594
wdm-wjxjy-800ml 1497 415 1585 718
wdm-wjxjy-800ml 1582 418 1679 724
wdm-wjxjy-800ml 1611 730 1697 1018
wdm-wjxjy-800ml 1547 741 1626 1015
wdm-wjxjy-800ml 1479 741 1556 1015
wdm-wjxjy-800ml 1414 736 1494 1015
wdm-wjxjy-800ml 1338 741 1420 1024
wdm-wjxjy-800ml 1256 744 1347 1024
wdm-wjxjy-1.8L 797 1368 908 1630
wdm-wjxjy-1.8L 694 1374 820 1636
wdm-wjxjy-1.8L 576 1374 708 1647
wdm-wjxjy-500ml 629 1083 717 1347
wdm-wjxjy-500ml 700 1083 785 1350
wdm-wjxjy-500ml 770 1077 861 1341
wdm-wjxjy-500ml 850 1086 932 1327
wdm-spjbsc-500ml 917 1071 988 1327
wdm-spjbsc-500ml 982 1071 1053 1327
wdm-spjbsc-500ml 1041 1059 1117 1327
wdm-cxmc-460ml 1108 1059 1176 1321
wdm-cxmc-460ml 1167 1059 1250 1324
wdm-cxhy-510g 1241 1062 1317 1315
wdm-cxhy-510g 1303 1056 1370 1315
wdm-cxhy-510g 1356 1059 1423 1309
wdm-cxhy-510g 1411 1041 1476 1294
cbl-hdj-900g 1335 1391 1429 1580
cbl-hdj-900g 1408 1383 1500 1577
cbl-hdj-900g 1482 1374 1570 1568
cbl-hdj-900g 1550 1368 1647 1556
cbl-lyxdbj-300g 579 1677 691 1777
cbl-lyxdbj-300g 679 1677 791 1762
cbl-lyxdbj-300g 582 1759 691 1844
cbl-lyxdbj-300g 685 1747 794 1833
cbl-lyxdbj-300g 585 1827 691 1930
cbl-lyxdbj-300g 694 1818 794 1912
cbl-lyxdbj-300g 788 1721 888 1824
cbl-lyxdbj-300g 782 1809 891 1906
