wdm-wjxjy-800ml 268 466 381 802
wdm-wjxjy-800ml 364 470 468 799
wdm-wjxjy-800ml 456 474 562 799
wdm-wjxjy-800ml 549 474 647 799
wdm-wjxjy-800ml 637 475 731 793
wdm-wjxjy-800ml 720 470 818 795
wdm-wjxjy-800ml 806 477 897 789
wdm-wjxjy-800ml 889 472 983 791
wdm-wjxjy-800ml 972 481 1060 789
wdm-wjxjy-800ml 1066 475 1162 789
wdm-wjxjy-800ml 762 799 856 1118
wdm-wjxjy-800ml 866 804 958 1118
wdm-wjxjy-800ml 958 802 1054 1108
wdm-wjxjy-1L 1072 800 1168 1100
wdm-wjxjy-1L 1160 800 1251 1102
wdm-wjxjy-1L 1247 800 1343 1099
wdm-wjxjy-1L 1326 797 1422 1091
wdm-wjxjy-1L 1403 795 1499 1087
wdm-wjxjy-1L 1153 497 1256 785
wdm-wjxjy-1L 1237 493 1333 785
wdm-wjxjy-1L 1322 493 1414 787
wdm-wjxjy-1L 1399 497 1497 783
wdm-wjxjy-500ml 1570 829 1637 1099
