wdm-wjxjy-800ml 494 221 611 553
wdm-wjxjy-1L 855 236 964 550
wdm-wjxjy-1L 950 247 1070 553
wdm-wjxjy-1L 1047 233 1155 556
wdm-wjxjy-1.3L 1138 256 1273 547
wdm-btlcjy-500ml 500 589 594 868
wdm-btlcjy-500ml 582 597 653 862
wdm-wjxjy-500ml 638 600 744 880
wdm-wjxjy-500ml 720 597 805 862
wdm-wjxjy-500ml 788 594 867 859
wdm-qxmc-460ml 923 580 1008 877
wdm-qxmc-460ml 991 577 1076 868
wdm-cxmc-460ml 1058 577 1150 865
wdm-cxmc-460ml 1132 568 1208 859
wdm-cxmc-460ml 1194 583 1273 859
wdm-spjbsc-500ml 550 903 644 1180
wdm-spjbsc-500ml 629 915 717 1183
wdm-cxhy-510g 897 924 967 1180
wdm-cxhy-510g 947 924 1020 1183
wdm-cxhy-510g 1003 924 1070 1192
wdm-wjxjy-800ml 664 1489 764 1742
wdm-wjxjy-800ml 741 1486 838 1750
wdm-wjxjy-800ml 808 1480 900 1739
wdm-wjxjy-1.3L 567 1492 694 1753
wdm-cxmc-1.3L 1073 1489 1194 1733
wdm-cxmc-1.3L 1179 1486 1276 1742
wdm-wjxjy-1.3L 591 1783 694 2053
wdm-wjxjy-1.3L 667 1812 776 2062
wdm-cxmc-1.3L 755 1774 882 2062
lyx-tjjy-500ml 847 1215 914 1465
lyx-tjjy-500ml 903 1227 988 1468
lyx-tjjy-500ml 970 1221 1053 1453
lyx-hsjy-500ml 1044 1209 1120 1465
lyx-hsjy-500ml 1111 1209 1188 1465
lyx-hsjy-500ml 1182 1215 1264 1459
lyx-tjyzjy-500ml 770 1218 855 1474
lyx-tjyzjy-500ml 711 1218 788 1474
lyx-tjyzjy-500ml 635 1221 723 1474
lyx-tjyzjy-500ml 561 1212 653 1477
