wdm-wjxjy-500ml 1 859 203 1286
wdm-wjxjy-500ml 182 794 347 1259
wdm-wjxjy-500ml 338 780 500 1227
wdm-btlcjy-500ml 464 771 606 1186
wdm-btlcjy-500ml 582 756 720 1162
wdm-btlcjy-500ml 691 739 844 1136
wdm-spjbsc-500ml 1123 677 1241 1039
wdm-spjbsc-500ml 1191 668 1323 1039
wdm-cxhy-510g 1256 659 1388 1000
wdm-cxhy-510g 1300 662 1456 1000
wdm-qxmc-460ml 635 1209 764 1530
wdm-cxmc-460ml 735 1194 838 1515
wdm-cxmc-460ml 808 1168 900 1465
wdm-cxmc-460ml 885 1139 1006 1450
wdm-cxmc-460ml 953 1133 1044 1403
wdm-cxmc-460ml 1006 1103 1117 1380
wdm-wjxjy-1.3L 511 1236 667 1550
wdm-wjxjy-1.3L 353 1286 538 1630
wdm-wjxjy-1.3L 167 1339 385 1683
wdm-wjxjy-800ml 156 1750 323 2124
wdm-wjxjy-800ml 297 1718 435 2068
wdm-wjxjy-800ml 411 1662 541 2012
wdm-wjxjy-800ml 520 1627 644 1956
wdm-wjxjy-1L 617 1594 738 1915
wdm-wjxjy-1L 714 1559 832 1865
wdm-wjxjy-1L 797 1518 917 1818
wdm-wjxjy-1L 879 1477 1003 1774
