cbl-lyxdbj-300g 344 1503 529 1697
wdm-wjxjy-800ml 567 744 717 1239
wdm-wjxjy-800ml 700 756 832 1244
wdm-wjxjy-800ml 585 100 729 647
wdm-wjxjy-800ml 708 97 879 650
wdm-wjxjy-800ml 858 103 1014 653
wdm-wjxjy-500ml 444 183 597 650
wdm-wjxjy-500ml 329 189 476 662
wdm-wjxjy-1L 829 780 967 1250
wdm-wjxjy-1L 953 768 1103 1247
wdm-wjxjy-1L 1000 150 1150 653
wdm-wjxjy-1L 1135 156 1294 647
wdm-wjxjy-1L 1261 159 1423 639
wdm-wjxjy-1L 1388 150 1564 650
wdm-wjxjy-1.3L 1088 800 1270 1250
wdm-wjxjy-1.3L 1255 789 1429 1244
wdm-wjxjy-1.3L 1417 797 1600 1227
