wdm-wjxjy-1L 879 656 1097 1259
wdm-wjxjy-1L 1061 680 1314 1283
wdm-wjxjy-1L 1241 700 1476 1286
wdm-wjxjy-1L 1400 715 1664 1306
wdm-wjxjy-1L 1582 739 1832 1330
wdm-wjxjy-800ml 970 1353 1164 1950
wdm-wjxjy-800ml 1120 1362 1314 1956
wdm-wjxjy-800ml 1267 1380 1473 1968
wdm-wjxjy-800ml 1414 1409 1623 1980
wdm-wjxjy-800ml 1570 1421 1776 1989
wdm-wjxjy-500ml 556 706 729 1233
wdm-wjxjy-500ml 438 692 588 1209
wdm-wjxjy-1.3L 94 1921 320 2433
wdm-wjxjy-1.3L 306 1947 538 2442
wdm-wjxjy-1.3L 517 1971 747 2456
wdm-wjxjy-1.8L 803 1989 1041 2489
wdm-wjxjy-1.8L 1011 1997 1247 2497
wdm-wjxjy-1.8L 1223 2021 1450 2506
wdm-wjxjy-1.8L 1426 2030 1658 2524
