wdm-wjxjy-800ml 1447 1391 1600 1868
wdm-wjxjy-800ml 1326 1371 1473 1836
wdm-wjxjy-800ml 1211 1356 1353 1797
wdm-wjxjy-800ml 1103 1341 1256 1768
wdm-wjxjy-800ml 982 1333 1111 1741
wdm-wjxjy-800ml 908 1312 1017 1715
wdm-wjxjy-800ml 826 1289 941 1694
wdm-wjxjy-800ml 741 1286 856 1662
wdm-wjxjy-800ml 623 1265 738 1639
wdm-wjxjy-800ml 553 1262 667 1624
wdm-wjxjy-800ml 485 1253 608 1589
wdm-wjxjy-800ml 411 1239 544 1574
wdm-wjxjy-800ml 1488 850 1647 1271
wdm-wjxjy-800ml 1361 856 1506 1268
wdm-wjxjy-800ml 1247 850 1388 1277
wdm-wjxjy-800ml 1123 859 1261 1256
wdm-wjxjy-800ml 723 859 856 1197
wdm-wjxjy-800ml 820 865 935 1212
wdm-wjxjy-800ml 632 871 758 1200
wdm-wjxjy-800ml 550 844 685 1189
wdm-wjxjy-800ml 479 841 603 1183
wdm-wjxjy-800ml 1558 218 1729 791
wdm-wjxjy-800ml 1432 247 1591 806
wdm-wjxjy-800ml 1314 274 1456 803
wdm-wjxjy-800ml 1188 300 1332 809
wdm-wjxjy-800ml 1050 327 1188 809
wdm-wjxjy-800ml 779 380 920 821
wdm-wjxjy-800ml 697 409 811 821
wdm-wjxjy-800ml 626 421 750 830
wdm-wjxjy-800ml 553 430 676 833
wdm-wjxjy-800ml 494 444 597 836
