wdm-cxmc-460ml 737 9 800 239
wdm-cxmc-460ml 781 12 846 239
wdm-cxmc-460ml 807 253 859 458
wdm-cxmc-460ml 846 258 903 461
wdm-cxmc-460ml 888 258 942 463
wdm-cxhy-510g 1095 273 1149 466
wdm-cxhy-510g 1139 278 1181 461
wdm-cxhy-510g 1171 280 1215 453
wdm-cxhy-510g 1205 280 1249 449
wdm-qxmc-460ml 659 246 720 463
wdm-qxmc-460ml 710 253 766 456
wdm-qxmc-460ml 756 249 815 463
wdm-spjbsc-500ml 929 268 983 463
wdm-spjbsc-500ml 973 270 1027 458
wdm-spjbsc-500ml 1017 270 1071 461
wdm-spjbsc-500ml 1056 266 1110 456
wdm-wjxjy-800ml 924 9 988 249
wdm-wjxjy-800ml 976 17 1037 244
wdm-wjxjy-800ml 1024 22 1085 246
wdm-wjxjy-800ml 1073 24 1132 244
wdm-wjxjy-800ml 1117 31 1168 246
wdm-wjxjy-800ml 1159 31 1217 246
wdm-wjxjy-800ml 1207 39 1261 246
wdm-wjxjy-800ml 1249 41 1307 249
wdm-wjxjy-800ml 1293 44 1351 251
wdm-wjxjy-800ml 1337 49 1388 244
wdm-btlcjy-500ml 681 539 744 724
wdm-btlcjy-500ml 732 536 788 719
wdm-btlcjy-500ml 783 529 837 717
wdm-btlcjy-500ml 824 534 883 707
wdm-wjxjy-500ml 683 795 742 975
wdm-wjxjy-500ml 727 788 785 966
wdm-wjxjy-500ml 776 783 834 956
wdm-wjxjy-500ml 824 775 881 953
wdm-wjxjy-800ml 1015 719 1073 909
wdm-wjxjy-800ml 1063 712 1124 902
wdm-wjxjy-800ml 1110 709 1171 892
wdm-wjxjy-800ml 1151 702 1210 880
wdm-wjxjy-800ml 1198 695 1261 875
wdm-wjxjy-800ml 1244 685 1298 870
wdm-wjxjy-800ml 1285 683 1342 858
wdm-wjxjy-800ml 1324 680 1385 856
wdm-wjxjy-1L 861 749 924 941
wdm-wjxjy-1L 910 741 976 936
wdm-wjxjy-1L 963 729 1027 924
wdm-cxmc-1.3L 1298 888 1356 1041
wdm-cxmc-1.3L 1249 897 1312 1056
wdm-cxmc-1.3L 1195 907 1261 1061
wdm-wjxjy-1.3L 1144 919 1207 1073
wdm-wjxjy-1.3L 1093 934 1159 1097
wdm-wjxjy-1.3L 1037 939 1107 1107
wdm-wjxjy-1.3L 976 946 1046 1122
wdm-wjxjy-1.8L 907 958 988 1136
wdm-wjxjy-1.8L 842 970 922 1149
wdm-wjxjy-1.8L 763 988 851 1175
wdm-wjxjy-1.8L 693 997 778 1190
