wdm-cxmc-460ml 1073 530 1147 806
wdm-cxmc-460ml 1135 533 1205 809
wdm-cxmc-460ml 1194 527 1270 815
wdm-cxmc-460ml 1261 536 1323 818
wdm-spjbsc-500ml 1011 539 1082 803
wdm-spjbsc-500ml 950 533 1029 818
wdm-spjbsc-500ml 879 539 961 803
wdm-cxhy-510g 594 880 667 1121
wdm-cxhy-510g 538 868 608 1121
wdm-cxhy-510g 494 868 558 1115
wdm-cxhy-510g 441 871 517 1109
wdm-wjxjy-1.3L 1179 1227 1291 1489
wdm-wjxjy-1.3L 1079 1212 1191 1471
wdm-wjxjy-1.3L 982 1215 1094 1480
wdm-wjxjy-1.3L 888 1203 1000 1465
wdm-btlcjy-500ml 432 1189 508 1412
lyx-tjjy-500ml 426 527 494 792
lyx-tjjy-500ml 485 533 553 794
lyx-tjjy-500ml 553 530 623 809
lyx-tjjy-500ml 617 527 685 803
lyx-hsjy-500ml 682 536 755 803
lyx-hsjy-500ml 741 536 814 812
lyx-hsjy-500ml 811 533 879 803
