wdm-wjxjy-1.3L 214 1118 335 1471
wdm-wjxjy-1.3L 273 1109 396 1477
wdm-wjxjy-1.3L 329 1094 473 1491
wdm-wjxjy-1.3L 402 1080 543 1509
wdm-wjxjy-1L 502 1050 638 1524
wdm-wjxjy-1L 582 1033 720 1527
wdm-wjxjy-1L 685 1012 829 1539
wdm-wjxjy-1L 785 1003 935 1553
wdm-wjxjy-1L 870 980 1040 1571
wdm-wjxjy-1L 1008 959 1188 1589
wdm-wjxjy-1L 1138 930 1358 1612
wdm-wjxjy-1L 1282 1 1517 694
wdm-wjxjy-1L 1135 106 1338 733
wdm-wjxjy-1L 982 177 1176 791
wdm-wjxjy-1L 849 239 1032 827
wdm-wjxjy-1L 752 315 914 847
wdm-wjxjy-1.8L 629 389 796 874
wdm-wjxjy-1.8L 543 453 690 906
