wdm-wjxjy-1.3L 364 353 496 656
wdm-wjxjy-1.3L 485 356 608 656
wdm-wjxjy-1.3L 596 341 732 650
wdm-wjxjy-1.3L 714 327 849 653
wdm-wjxjy-1.3L 835 327 970 644
wdm-wjxjy-1.3L 961 321 1090 641
wdm-wjxjy-1.3L 1085 306 1226 650
wdm-wjxjy-1.3L 1208 289 1352 641
wdm-wjxjy-1.3L 1343 286 1496 627
wdm-wjxjy-500ml 220 715 296 968
wdm-wjxjy-500ml 279 715 352 965
wdm-wjxjy-500ml 340 718 417 965
wdm-wjxjy-500ml 405 712 485 965
wdm-wjxjy-500ml 470 715 549 971
wdm-wjxjy-500ml 538 712 620 968
wdm-wjxjy-500ml 605 709 682 965
wdm-wjxjy-500ml 673 715 749 968
wdm-wjxjy-500ml 738 706 823 977
wdm-btlcjy-500ml 811 709 888 971
wdm-btlcjy-500ml 885 703 961 968
wdm-btlcjy-500ml 955 700 1032 977
wdm-btlcjy-500ml 1029 697 1105 980
wdm-btlcjy-500ml 1105 700 1185 980
wdm-btlcjy-500ml 1182 689 1267 983
wdm-btlcjy-500ml 1264 686 1346 983
wdm-btlcjy-500ml 1338 683 1426 980
wdm-btlcjy-500ml 1414 680 1511 983
wdm-qxmc-460ml 320 997 393 1268
wdm-qxmc-460ml 385 1000 452 1262
wdm-qxmc-460ml 443 1000 511 1262
wdm-qxmc-460ml 502 1006 564 1262
wdm-spjbsc-500ml 555 1009 629 1271
wdm-spjbsc-500ml 620 1006 693 1274
wdm-spjbsc-500ml 682 1012 752 1271
wdm-spjbsc-500ml 740 1015 820 1277
wdm-cxhy-510g 811 1015 879 1274
wdm-cxhy-510g 873 1018 938 1286
wdm-cxhy-510g 932 1015 999 1289
wdm-wjxjy-800ml 299 1294 376 1571
wdm-wjxjy-800ml 364 1297 438 1580
wdm-wjxjy-800ml 426 1300 508 1591
wdm-wjxjy-800ml 493 1303 573 1594
wdm-wjxjy-800ml 561 1312 635 1603
wdm-wjxjy-800ml 626 1318 708 1609
wdm-wjxjy-800ml 696 1318 776 1615
wdm-wjxjy-800ml 767 1324 849 1621
wdm-wjxjy-800ml 846 1333 926 1627
wdm-wjxjy-800ml 920 1336 1005 1633
wdm-wjxjy-1.8L 317 1597 429 1824
wdm-wjxjy-1.8L 414 1606 526 1839
wdm-wjxjy-1.8L 511 1618 626 1853
wdm-wjxjy-1.8L 611 1621 726 1856
wdm-wjxjy-1.8L 714 1633 835 1871
wdm-wjxjy-1.8L 817 1650 932 1894
wdm-wjxjy-1.8L 923 1656 1052 1906
wdm-wjxjy-1.8L 1043 1662 1167 1924
wdm-wjxjy-1.8L 1161 1680 1282 1941
wdm-wjxjy-1.8L 1273 1694 1405 1953
