wdm-wjxjy-1L 247 683 470 1277
wdm-wjxjy-1L 397 689 623 1253
wdm-wjxjy-1L 558 671 773 1224
wdm-wjxjy-1L 703 662 914 1200
wdm-wjxjy-1L 835 656 1041 1183
wdm-wjxjy-1L 964 659 1156 1159
wdm-wjxjy-1L 1073 659 1250 1130
wdm-wjxjy-1L 1182 650 1358 1118
wdm-wjxjy-1L 1294 639 1467 1097
wdm-wjxjy-1L 1403 644 1579 1071
wdm-wjxjy-1L 1494 636 1661 1062
wdm-wjxjy-500ml 129 1 317 489
wdm-wjxjy-500ml 279 1 470 492
wdm-wjxjy-500ml 417 1 606 503
wdm-wjxjy-500ml 567 18 735 489
wdm-wjxjy-800ml 438 1365 638 1947
wdm-wjxjy-800ml 570 1347 779 1906
wdm-wjxjy-800ml 729 1327 906 1853
wdm-wjxjy-800ml 858 1292 1050 1803
wdm-wjxjy-800ml 982 1268 1164 1762
wdm-wjxjy-800ml 1097 1242 1273 1733
wdm-wjxjy-800ml 1197 1215 1356 1692
wdm-wjxjy-800ml 1291 1197 1461 1659
wdm-wjxjy-800ml 1394 1180 1558 1627
wdm-wjxjy-800ml 1503 1156 1650 1589
wdm-wjxjy-1.8L 1247 36 1453 477
wdm-wjxjy-1.8L 1385 42 1591 480
cbl-lyxtmj-300g 1350 1900 1529 2083
cbl-lyxtmj-300g 1397 2030 1556 2192
cbl-lyxtmj-300g 1226 1947 1420 2144
cbl-lyxtmj-300g 1250 2086 1438 2250
cbl-lyxdbj-300g 1091 2000 1267 2197
cbl-lyxdbj-300g 1106 2130 1297 2324
