wdm-wjxjy-1.8L 1361 1871 1520 2227
wdm-wjxjy-1.8L 1238 1889 1385 2247
wdm-wjxjy-1.8L 1114 1915 1256 2280
wdm-wjxjy-1.8L 982 1933 1141 2306
wdm-wjxjy-1.8L 835 1959 994 2347
wdm-wjxjy-1.8L 638 1994 808 2377
wdm-wjxjy-1.8L 479 2018 650 2397
wdm-wjxjy-1.8L 326 2021 503 2409
wdm-wjxjy-1.8L 367 1618 556 1989
wdm-wjxjy-1.8L 535 1609 706 1959
wdm-wjxjy-1.8L 688 1591 853 1933
wdm-wjxjy-1.3L 832 1574 991 1921
wdm-wjxjy-1.3L 967 1562 1132 1886
wdm-wjxjy-1L 1120 1539 1238 1868
wdm-wjxjy-1L 1235 1524 1364 1850
wdm-wjxjy-1L 1341 1521 1444 1839
wdm-wjxjy-1L 1423 1509 1514 1818
wdm-wjxjy-1L 385 1177 526 1586
wdm-wjxjy-1L 514 1162 661 1568
wdm-wjxjy-1L 647 1159 779 1562
wdm-wjxjy-1L 761 1153 876 1550
wdm-wjxjy-1L 861 1153 985 1539
wdm-wjxjy-1L 964 1144 1094 1533
wdm-wjxjy-1L 1076 1141 1200 1521
wdm-wjxjy-1L 1170 1136 1288 1512
wdm-wjxjy-1L 1264 1141 1385 1503
wdm-wjxjy-1L 1353 1136 1479 1483
wdm-wjxjy-1L 1444 1130 1570 1477
wdm-wjxjy-800ml 338 647 491 1130
wdm-wjxjy-800ml 476 650 608 1130
wdm-wjxjy-800ml 600 665 735 1130
wdm-wjxjy-800ml 711 665 838 1130
wdm-wjxjy-800ml 823 665 947 1121
wdm-wjxjy-800ml 932 677 1041 1121
wdm-wjxjy-800ml 1029 677 1141 1115
wdm-wjxjy-800ml 1120 683 1232 1112
wdm-wjxjy-800ml 1214 686 1338 1109
wdm-wjxjy-800ml 1317 689 1435 1109
wdm-wjxjy-800ml 1400 694 1517 1106
wdm-wjxjy-800ml 1494 697 1594 1094
wdm-wjxjy-800ml 1494 215 1632 665
wdm-wjxjy-800ml 1406 197 1529 656
wdm-wjxjy-800ml 1311 191 1438 647
wdm-wjxjy-800ml 1200 183 1332 641
wdm-wjxjy-800ml 1106 165 1232 639
wdm-wjxjy-800ml 1008 150 1126 630
wdm-wjxjy-800ml 900 115 1035 621
wdm-wjxjy-800ml 785 106 914 624
wdm-wjxjy-800ml 661 94 794 603
wdm-wjxjy-800ml 529 83 670 603
wdm-wjxjy-800ml 397 53 556 594
wdm-wjxjy-800ml 256 36 426 603
