wdm-cxhy-510g 753 950 850 1297
wdm-cxhy-510g 829 953 932 1294
wdm-cxhy-510g 908 944 1006 1291
wdm-wjxjy-1L 985 927 1100 1291
wdm-wjxjy-1L 1085 924 1194 1291
wdm-wjxjy-800ml 1179 921 1282 1274
wdm-wjxjy-800ml 1264 927 1376 1277
wdm-wjxjy-800ml 1350 921 1458 1274
wdm-wjxjy-800ml 1447 927 1544 1274
wdm-wjxjy-500ml 1538 965 1617 1274
wdm-wjxjy-500ml 1570 615 1656 889
wdm-wjxjy-500ml 1647 618 1738 894
wdm-wjxjy-500ml 1723 618 1814 897
wdm-wjxjy-800ml 1482 565 1582 894
wdm-wjxjy-800ml 1417 550 1511 900
wdm-wjxjy-800ml 1332 544 1441 886
wdm-wjxjy-800ml 1241 544 1344 886
wdm-wjxjy-800ml 1141 544 1253 883
wdm-wjxjy-1L 1056 544 1173 891
wdm-wjxjy-1L 950 533 1064 889
wdm-wjxjy-1.8L 641 494 820 886
wdm-wjxjy-1.8L 800 515 958 889
wdm-wjxjy-1.8L 456 483 629 877
wdm-wjxjy-1.8L 279 465 467 868
wdm-wjxjy-1.8L 91 433 291 868
wdm-spjbsc-500ml 132 915 258 1321
wdm-spjbsc-500ml 247 933 358 1318
lyx-tjjy-500ml 558 933 676 1294
lyx-tjjy-500ml 656 930 761 1315
lyx-hsjy-500ml 356 930 476 1306
lyx-hsjy-500ml 456 933 567 1315
