wdm-wjxjy-500ml 1758 1025 1920 1494
wdm-wjxjy-500ml 1613 1033 1772 1481
wdm-wjxjy-500ml 1491 1044 1639 1475
wdm-wjxjy-800ml 1365 979 1515 1468
wdm-wjxjy-800ml 1256 992 1387 1457
wdm-wjxjy-800ml 1150 992 1278 1453
wdm-wjxjy-800ml 1050 1003 1167 1433
wdm-wjxjy-800ml 952 1010 1067 1433
wdm-wjxjy-800ml 874 1014 976 1412
wdm-wjxjy-800ml 787 1020 887 1418
wdm-wjxjy-1L 708 1042 819 1405
wdm-wjxjy-1L 632 1047 735 1405
wdm-wjxjy-1L 554 1051 658 1407
wdm-wjxjy-1.3L 482 1066 591 1392
wdm-wjxjy-1.3L 417 1066 517 1386
wdm-wjxjy-1.8L 352 1049 472 1373
wdm-wjxjy-1.8L 267 1055 380 1355
wdm-wjxjy-1.8L 202 1060 311 1347
wdm-spjbsc-500ml 154 1090 222 1347
