cbl-hdj-900g 114 653 353 1033
cbl-hdj-900g 311 650 520 1024
cbl-hdj-900g 494 644 682 1018
cbl-hdj-900g 676 650 858 997
cbl-hdj-900g 841 647 1020 991
cbl-hdj-900g 182 1015 382 1312
cbl-hdj-900g 350 1006 547 1318
cbl-hdj-900g 514 1009 708 1294
cbl-hdj-900g 679 997 856 1312
cbl-hdj-900g 838 997 1000 1297
cbl-hdj-900g 979 991 1141 1277
cbl-hdj-900g 244 1318 417 1580
cbl-hdj-900g 394 1306 573 1574
cbl-hdj-900g 547 1291 714 1544
cbl-hdj-900g 703 1280 870 1556
cbl-hdj-900g 853 1274 1006 1541
cbl-hdj-900g 988 1262 1141 1550
