wdm-btlcjy-1L 52 194 136 463
wdm-btlcjy-1L 126 202 201 458
wdm-btlcjy-1L 191 212 273 463
wdm-btlcjy-1L 263 215 337 455
wdm-wjxjy-800ml 326 200 402 467
wdm-wjxjy-800ml 389 210 469 463
wdm-wjxjy-800ml 453 215 529 464
wdm-wjxjy-800ml 513 219 575 463
wdm-wjxjy-800ml 565 223 633 460
wdm-wjxjy-800ml 621 222 691 464
wdm-spjbsc-500ml 78 480 147 699
wdm-spjbsc-500ml 139 479 204 689
wdm-cxmc-460ml 189 480 252 686
wdm-cxmc-460ml 243 476 297 684
wdm-cxmc-460ml 282 483 342 680
wdm-cxhy-510g 420 480 469 674
wdm-cxhy-510g 460 477 514 677
wdm-wjxjy-500ml 34 718 102 909
wdm-wjxjy-500ml 91 718 158 900
wdm-wjxjy-500ml 144 712 207 887
wdm-wjxjy-500ml 195 707 255 886
wdm-btlcjy-500ml 246 700 310 883
lyx-tjjy-500ml 300 697 358 874
lyx-tjjy-500ml 350 694 407 868
lyx-tjjy-500ml 398 694 452 863
lyx-hsjy-500ml 446 686 501 857
wdm-cxmc-1.3L 137 925 223 1109
wdm-cxmc-1.3L 59 932 147 1119
wdm-wjxjy-1.3L 363 887 443 1068
wdm-wjxjy-1.3L 427 883 500 1060
wdm-wjxjy-1.3L 492 877 562 1044
wdm-wjxjy-1.3L 553 864 627 1034
