wdm-wjxjy-1.8L 150 2092 355 2536
wdm-wjxjy-1.8L 297 2009 500 2427
wdm-wjxjy-1.8L 458 1944 638 2344
wdm-wjxjy-1.8L 597 1892 755 2271
wdm-wjxjy-1.3L 776 1818 923 2162
wdm-wjxjy-1.3L 888 1777 1011 2103
wdm-wjxjy-1.3L 964 1727 1082 2030
wdm-wjxjy-1.3L 697 1836 814 2174
wdm-wjxjy-800ml 8 1218 203 1821
wdm-wjxjy-800ml 167 1218 335 1759
wdm-wjxjy-800ml 311 1203 467 1736
wdm-wjxjy-800ml 426 1186 579 1674
wdm-wjxjy-800ml 538 1174 688 1650
wdm-wjxjy-500ml 1108 1162 1220 1480
wdm-spjbsc-500ml 653 1200 782 1594
wdm-spjbsc-500ml 753 1197 897 1583
wdm-wjxjy-500ml 1053 1168 1153 1503
wdm-wjxjy-500ml 967 1180 1103 1518
wdm-btlcjy-500ml 900 1150 1014 1521
wdm-btlcjy-500ml 844 1189 944 1556
lyx-hsjy-500ml 1 347 197 997
lyx-hsjy-500ml 176 368 355 1021
wdm-btlcjy-500ml 655 497 811 989
wdm-btlcjy-500ml 758 518 903 980
wdm-cxmc-460ml 844 489 1003 980
wdm-cxmc-460ml 941 509 1067 965
wdm-spjbsc-500ml 1005 544 1144 983
wdm-spjbsc-500ml 1088 544 1214 971
