cbl-hdj-900g 687 181 808 458
cbl-hdj-900g 439 250 556 485
cbl-hdj-900g 512 233 643 475
cbl-hdj-900g 599 210 733 464
cbl-lyxdbj-300g 774 597 914 723
cbl-lyxdbj-300g 789 700 931 823
cbl-lyxdbj-300g 879 585 1041 718
cbl-lyxdbj-300g 889 695 1056 837
cbl-lyxdbj-300g 991 450 1147 585
cbl-lyxtmj-300g 997 568 1183 720
cbl-lyxtmj-300g 1014 675 1201 833
cbl-lyxtmj-300g 1154 550 1354 710
cbl-lyxtmj-300g 1174 664 1360 825
wdm-btlcjy-500ml 1345 866 1504 1277
wdm-btlcjy-500ml 1239 866 1376 1272
wdm-btlcjy-500ml 1135 868 1289 1262
wdm-btlcjy-500ml 1047 862 1183 1237
wdm-qxmc-460ml 970 845 1089 1222
wdm-qxmc-460ml 899 845 1018 1218
wdm-qxmc-460ml 828 843 945 1206
lyx-tjjy-500ml 776 843 870 1181
lyx-tjjy-500ml 699 841 814 1168
lyx-hsjy-500ml 629 843 739 1158
lyx-hsjy-500ml 568 843 668 1145
lyx-tjyzjy-500ml 516 841 606 1135
lyx-tjyzjy-500ml 464 837 556 1123
