wdm-wjxjy-800ml 8 415 135 818
wdm-wjxjy-800ml 97 415 220 812
wdm-wjxjy-800ml 191 409 303 809
wdm-wjxjy-500ml 261 444 370 803
wdm-wjxjy-500ml 347 436 461 794
wdm-wjxjy-500ml 435 433 555 794
wdm-cxhy-510g 561 418 673 786
wdm-cxhy-510g 650 418 755 783
wdm-spjbsc-500ml 738 409 844 774
wdm-spjbsc-500ml 826 409 944 783
wdm-btlcjy-500ml 917 400 1035 774
wdm-btlcjy-500ml 1023 383 1153 759
cbl-lyxdbj-300g 1173 489 1341 627
cbl-lyxdbj-300g 1176 597 1329 744
cbl-lyxdbj-300g 605 915 708 1015
cbl-lyxdbj-300g 603 1015 708 1130
cbl-lyxdbj-300g 597 1109 708 1233
