lyx-tjyzjy-500ml 1376 1030 1476 1353
lyx-tjyzjy-500ml 1291 1050 1394 1359
lyx-tjyzjy-500ml 1205 1050 1308 1359
lyx-hsjy-500ml 1123 1056 1214 1365
lyx-hsjy-500ml 1035 1056 1135 1368
lyx-hsjy-500ml 947 1068 1055 1377
lyx-tjjy-500ml 873 1065 970 1368
lyx-tjjy-500ml 785 1071 885 1365
lyx-tjjy-500ml 705 1065 797 1374
wdm-spjbsc-500ml 603 1083 717 1380
wdm-spjbsc-500ml 523 1092 635 1383
wdm-spjbsc-500ml 441 1092 544 1386
wdm-btlcjy-500ml 367 1103 461 1383
wdm-btlcjy-500ml 270 1109 388 1392
wdm-btlcjy-500ml 191 1115 303 1397
wdm-cxhy-510g 405 739 511 1053
wdm-cxhy-510g 497 742 603 1039
wdm-cxhy-510g 585 736 685 1039
wdm-cxhy-510g 676 727 767 1039
wdm-cxmc-460ml 1082 697 1191 1021
wdm-cxmc-460ml 1173 692 1267 1018
wdm-cxmc-460ml 1261 689 1370 1012
wdm-cxmc-460ml 1344 674 1438 1015
wdm-wjxjy-800ml 179 1433 300 1786
wdm-wjxjy-800ml 267 1424 397 1797
wdm-wjxjy-800ml 370 1430 485 1786
wdm-wjxjy-800ml 461 1433 576 1783
wdm-wjxjy-800ml 553 1430 667 1774
wdm-wjxjy-800ml 638 1436 750 1771
wdm-wjxjy-800ml 726 1427 832 1762
wdm-wjxjy-800ml 808 1421 923 1762
wdm-wjxjy-800ml 894 1421 1005 1765
wdm-wjxjy-800ml 982 1418 1088 1759
wdm-wjxjy-800ml 1067 1418 1182 1768
wdm-wjxjy-500ml 1153 1462 1253 1753
wdm-wjxjy-500ml 1232 1453 1326 1747
wdm-wjxjy-500ml 1308 1450 1414 1756
wdm-wjxjy-500ml 1388 1442 1479 1744
wdm-cxmc-1.3L 294 1830 429 2139
wdm-cxmc-1.3L 400 1824 538 2144
wdm-wjxjy-1.3L 517 1824 638 2133
wdm-wjxjy-1.3L 620 1815 758 2142
wdm-wjxjy-1.8L 729 1794 879 2133
wdm-wjxjy-1.8L 853 1794 1005 2139
