wdm-cxhy-510g 338 680 417 980
wdm-cxhy-510g 385 668 444 980
wdm-cxhy-510g 414 662 485 986
wdm-cxhy-510g 458 642 547 980
wdm-cxhy-510g 511 642 597 977
wdm-btlcjy-1L 573 612 685 980
wdm-btlcjy-1L 647 594 750 980
wdm-btlcjy-1L 720 574 847 977
wdm-spjbsc-500ml 811 586 929 983
wdm-spjbsc-500ml 891 565 997 986
wdm-spjbsc-500ml 970 565 1091 986
wdm-wjxjy-1.3L 1055 542 1220 1000
wdm-wjxjy-1.3L 1188 503 1373 994
wdm-wjxjy-1.3L 1332 471 1541 989
wdm-wjxjy-1.3L 1503 439 1729 977
wdm-wjxjy-1L 1464 1015 1626 1497
wdm-wjxjy-1L 1344 1015 1503 1468
wdm-wjxjy-1L 1232 1012 1394 1450
wdm-wjxjy-1L 1120 1012 1264 1433
wdm-wjxjy-1L 1044 1006 1173 1409
wdm-wjxjy-800ml 953 1009 1091 1406
wdm-wjxjy-800ml 864 1009 985 1389
wdm-wjxjy-800ml 800 1006 905 1380
wdm-wjxjy-800ml 726 1012 835 1365
wdm-cxmc-1.3L 391 1009 508 1303
wdm-cxmc-1.3L 461 1006 594 1324
cbl-lyxdbj-300g 414 1400 538 1515
cbl-lyxdbj-300g 423 1489 529 1597
cbl-lyxdbj-300g 488 1415 564 1527
cbl-lyxdbj-300g 482 1500 579 1612
