wdm-wjxjy-1.8L 847 839 988 1162
wdm-wjxjy-1.8L 964 850 1117 1159
wdm-wjxjy-1.8L 1076 844 1226 1168
wdm-wjxjy-1.8L 853 1118 1014 1465
wdm-wjxjy-1.8L 976 1118 1155 1480
wdm-wjxjy-1.8L 1123 1112 1279 1459
wdm-wjxjy-1.8L 1203 830 1344 1139
wdm-wjxjy-1.8L 1320 836 1461 1144
wdm-wjxjy-1.8L 1438 827 1573 1144
wdm-wjxjy-1.8L 1261 1136 1403 1468
wdm-wjxjy-1.8L 1388 1118 1532 1477
wdm-wjxjy-1.8L 1511 1121 1664 1474
wdm-wjxjy-1.8L 1500 1465 1647 1765
wdm-wjxjy-1.8L 1373 1462 1520 1783
wdm-wjxjy-1.8L 1267 1468 1397 1777
wdm-wjxjy-1.8L 870 1465 994 1762
wdm-wjxjy-1.8L 979 1465 1129 1765
wdm-wjxjy-1.8L 1105 1456 1258 1756
wdm-wjxjy-1.8L 858 1800 1008 2089
wdm-wjxjy-1.8L 979 1815 1135 2092
wdm-wjxjy-1.8L 1108 1794 1264 2086
wdm-wjxjy-1.8L 1261 1771 1394 2077
wdm-wjxjy-1.8L 1364 1792 1517 2071
wdm-wjxjy-1.8L 1497 1777 1647 2059
wdm-wjxjy-1.3L 732 912 861 1203
wdm-wjxjy-1.3L 635 906 755 1192
wdm-wjxjy-1.3L 523 903 650 1197
wdm-wjxjy-1.3L 476 1192 632 1533
wdm-wjxjy-1.3L 597 1189 747 1527
wdm-wjxjy-1.3L 717 1183 867 1503
wdm-wjxjy-1.3L 485 1515 620 1818
wdm-wjxjy-1.3L 605 1518 744 1812
wdm-wjxjy-1.3L 723 1506 850 1803
wdm-wjxjy-1.3L 500 1836 629 2121
wdm-wjxjy-1.3L 611 1830 764 2112
wdm-wjxjy-1.3L 729 1824 847 2094
