wdm-wjxjy-500ml 182 397 279 671
wdm-wjxjy-500ml 261 394 349 671
wdm-wjxjy-500ml 335 394 423 668
wdm-wjxjy-500ml 417 394 514 674
wdm-wjxjy-500ml 496 394 593 671
wdm-wjxjy-500ml 573 400 670 668
wdm-wjxjy-500ml 658 403 749 665
wdm-wjxjy-500ml 732 397 826 674
wdm-spjbsc-500ml 814 389 905 674
wdm-spjbsc-500ml 893 386 985 680
wdm-spjbsc-500ml 973 389 1064 677
wdm-spjbsc-500ml 1052 386 1146 674
wdm-spjbsc-500ml 1132 383 1223 677
wdm-cxhy-510g 1214 391 1308 668
wdm-cxhy-510g 1293 397 1379 683
wdm-cxhy-510g 1370 394 1455 689
wdm-cxhy-510g 1440 391 1532 686
wdm-cxhy-510g 1520 389 1617 686
wdm-wjxjy-800ml 470 712 582 1027
wdm-wjxjy-800ml 561 730 667 1027
wdm-wjxjy-800ml 652 727 755 1030
wdm-wjxjy-800ml 743 730 846 1027
wdm-wjxjy-800ml 835 733 938 1041
wdm-wjxjy-800ml 926 736 1032 1036
wdm-wjxjy-800ml 1017 727 1126 1039
wdm-wjxjy-800ml 1111 733 1217 1050
wdm-wjxjy-800ml 1202 730 1314 1050
wdm-wjxjy-800ml 1305 727 1411 1062
wdm-wjxjy-800ml 1396 727 1514 1062
wdm-wjxjy-1L 1496 721 1623 1086
wdm-wjxjy-1L 1611 724 1732 1083
wdm-wjxjy-1L 1720 727 1849 1086
wdm-wjxjy-1L 1835 721 1920 1083
cbl-lyxtmj-300g 188 1171 305 1274
cbl-lyxtmj-300g 182 1262 302 1356
cbl-lyxtmj-300g 299 1177 414 1283
cbl-lyxtmj-300g 288 1265 405 1371
cbl-lyxtmj-300g 405 1186 526 1291
cbl-lyxtmj-300g 393 1274 520 1386
cbl-lyxdbj-300g 517 1189 635 1297
cbl-lyxdbj-300g 508 1283 632 1391
cbl-lyxdbj-300g 626 1197 749 1303
cbl-lyxdbj-300g 626 1286 746 1397
cbl-lyxdbj-300g 743 1206 876 1309
cbl-lyxdbj-300g 740 1291 867 1409
cbl-lyxdbj-300g 867 1212 993 1315
cbl-lyxdbj-300g 858 1297 993 1421
cbl-lyxdbj-300g 990 1215 1114 1324
cbl-lyxdbj-300g 982 1303 1108 1424
cbl-lyxdbj-300g 1105 1224 1238 1333
cbl-lyxdbj-300g 1096 1312 1229 1430
cbl-hdj-900g 1217 1206 1349 1433
cbl-hdj-900g 1332 1212 1464 1450
cbl-hdj-900g 1446 1206 1582 1447
cbl-hdj-900g 1561 1221 1693 1468
cbl-lhdj-900g 1676 1224 1814 1474
cbl-lhdj-900g 1799 1230 1920 1480
