wdm-wjxjy-800ml 838 121 949 518
wdm-wjxjy-800ml 940 124 1055 506
wdm-wjxjy-800ml 1046 124 1155 500
wdm-wjxjy-800ml 1149 115 1261 497
wdm-wjxjy-800ml 1252 118 1370 497
wdm-wjxjy-800ml 1361 115 1476 491
wdm-wjxjy-800ml 1464 106 1573 486
wdm-cxhy-510g 399 603 482 909
wdm-cxhy-510g 473 606 564 921
wdm-zphy-510g 552 612 632 921
wdm-zphy-510g 623 603 711 918
wdm-cxmc-460ml 782 583 879 921
wdm-cxmc-460ml 867 571 958 915
wdm-cxmc-460ml 708 580 793 927
wdm-zplj-450ml 952 586 1040 915
wdm-zplj-450ml 1029 583 1126 912
wdm-zplj-450ml 1117 577 1211 906
wdm-qxmc-460ml 1202 577 1293 912
wdm-qxmc-460ml 1288 574 1382 912
wdm-qxmc-460ml 1373 571 1464 918
wdm-qxmc-460ml 1455 571 1552 918
wdm-wjxjy-500ml 673 1062 761 1347
wdm-wjxjy-500ml 758 1059 852 1344
wdm-wjxjy-500ml 840 1065 932 1350
wdm-wjxjy-500ml 926 1056 1017 1350
wdm-wjxjy-500ml 1008 1065 1108 1344
wdm-btlcjy-500ml 1099 1053 1190 1347
wdm-btlcjy-500ml 1185 1056 1279 1353
wdm-btlcjy-500ml 1270 1059 1361 1356
wdm-btlcjy-500ml 1358 1059 1452 1356
wdm-btlcjy-500ml 1443 1062 1540 1356
wdm-cxmc-1.3L 429 1444 552 1750
wdm-cxmc-1.3L 543 1444 673 1750
wdm-cxmc-1.3L 661 1433 790 1756
wdm-spjbsc-500ml 779 1456 867 1762
wdm-spjbsc-500ml 858 1456 943 1762
wdm-spjbsc-500ml 935 1456 1020 1756
lyx-tjyzjy-500ml 1011 1462 1102 1756
lyx-tjyzjy-500ml 1093 1456 1193 1759
lyx-tjjy-500ml 1185 1465 1285 1768
lyx-tjjy-500ml 1273 1459 1367 1762
lyx-hsjy-500ml 1358 1462 1458 1774
lyx-hsjy-500ml 1452 1462 1549 1774
wdm-wjxjy-800ml 452 1797 552 2124
wdm-wjxjy-800ml 538 1803 640 2130
wdm-wjxjy-800ml 629 1809 726 2130
wdm-wjxjy-800ml 717 1794 811 2133
wdm-wjxjy-800ml 799 1806 890 2133
wdm-wjxjy-800ml 885 1803 985 2144
wdm-wjxjy-800ml 973 1803 1073 2139
wdm-wjxjy-800ml 1064 1815 1158 2144
wdm-wjxjy-800ml 1152 1818 1243 2147
wdm-wjxjy-800ml 1235 1812 1335 2147
wdm-wjxjy-800ml 1326 1815 1423 2153
wdm-wjxjy-800ml 1426 1809 1523 2159
wdm-wjxjy-1L 435 2203 535 2515
wdm-wjxjy-1L 517 2212 626 2524
wdm-wjxjy-1L 635 2203 743 2527
wdm-wjxjy-1.3L 732 2215 852 2527
wdm-wjxjy-1.3L 843 2218 970 2533
wdm-wjxjy-1.3L 961 2215 1090 2536
wdm-wjxjy-1.8L 1082 2203 1220 2536
wdm-wjxjy-1.8L 1211 2194 1349 2536
wdm-wjxjy-1.8L 1343 2206 1488 2539
