lyx-tjyzjy-500ml 182 232 231 402
lyx-tjyzjy-500ml 226 229 274 399
lyx-tjyzjy-500ml 271 229 323 399
lyx-tjyzjy-500ml 320 236 368 399
wdm-spjbsc-500ml 543 232 590 402
wdm-spjbsc-500ml 591 234 633 405
wdm-spjbsc-500ml 631 234 679 408
wdm-wjxjy-800ml 679 242 728 411
wdm-wjxjy-800ml 725 243 776 408
wdm-wjxjy-800ml 773 243 826 403
wdm-wjxjy-800ml 823 240 876 402
lyx-tjjy-500ml 170 448 213 603
lyx-tjjy-500ml 208 445 253 602
lyx-tjjy-500ml 250 451 303 605
lyx-tjjy-500ml 297 451 348 606
lyx-tjjy-500ml 345 449 394 609
lyx-tjjy-500ml 391 452 442 611
lyx-hsjy-500ml 434 456 488 612
lyx-hsjy-500ml 486 454 534 612
lyx-hsjy-500ml 533 451 580 612
wdm-spjbsc-500ml 577 454 623 620
wdm-spjbsc-500ml 619 457 665 623
wdm-spjbsc-500ml 660 457 710 622
wdm-spjbsc-500ml 705 457 753 625
lyx-tjjy-1L 146 634 191 792
lyx-tjjy-1L 190 637 243 797
lyx-tjjy-1L 240 640 299 797
lyx-hsjy-1L 300 637 351 803
lyx-hsjy-1L 348 640 400 803
lyx-hsjy-1L 397 643 448 803
lyx-hsjy-1L 442 643 499 809
wdm-btlcjy-1L 510 642 566 811
wdm-btlcjy-1L 563 642 619 814
wdm-btlcjy-1L 623 651 677 816
wdm-wjxjy-1L 673 649 728 814
wdm-wjxjy-1L 726 651 782 819
wdm-wjxjy-1L 777 651 837 822
wdm-spjbsc-1.3L 613 851 677 1011
wdm-spjbsc-1.3L 674 852 739 1019
wdm-spjbsc-1.3L 731 859 803 1017
