wdm-wjxjy-1.8L 842 1064 1005 1405
wdm-wjxjy-1.8L 995 1078 1154 1398
wdm-wjxjy-1.8L 1132 1078 1293 1408
wdm-wjxjy-1.8L 1271 1073 1434 1403
wdm-wjxjy-1.3L 642 1078 800 1410
wdm-wjxjy-1.3L 498 1071 654 1415
wdm-wjxjy-1.3L 344 1073 505 1415
wdm-wjxjy-1.3L 173 1071 339 1420
wdm-wjxjy-800ml 951 622 1083 1039
wdm-wjxjy-800ml 1059 637 1188 1042
wdm-wjxjy-800ml 1161 637 1293 1054
wdm-wjxjy-800ml 1266 659 1400 1044
wdm-wjxjy-800ml 1363 656 1500 1049
wdm-wjxjy-500ml 620 159 746 539
wdm-wjxjy-500ml 522 147 654 544
wdm-wjxjy-1L 859 117 1015 559
wdm-wjxjy-1L 998 125 1168 564
wdm-wjxjy-1L 1132 137 1290 576
wdm-wjxjy-1L 1259 142 1422 586
wdm-wjxjy-1L 1371 154 1551 578
