wdm-cxhy-510g 446 312 570 715
wdm-cxhy-510g 556 315 670 718
wdm-cxhy-510g 650 324 758 733
wdm-cxhy-510g 741 330 847 733
wdm-btlcjy-500ml 638 803 747 1183
wdm-btlcjy-500ml 738 803 850 1171
wdm-btlcjy-500ml 838 803 944 1168
wdm-zphy-510g 926 797 1032 1171
wdm-zphy-510g 1017 800 1114 1168
wdm-zphy-510g 1100 800 1194 1159
wdm-spjbsc-500ml 1176 794 1282 1165
wdm-spjbsc-500ml 1273 794 1367 1174
wdm-spjbsc-500ml 1356 794 1453 1162
wdm-wjxjy-500ml 1435 806 1547 1156
wdm-wjxjy-500ml 1529 812 1626 1159
wdm-wjxjy-500ml 1614 806 1720 1150
wdm-wjxjy-800ml 835 1212 964 1574
wdm-wjxjy-800ml 944 1206 1079 1562
wdm-wjxjy-800ml 1061 1206 1185 1556
wdm-wjxjy-800ml 1173 1200 1303 1553
wdm-wjxjy-800ml 1282 1194 1406 1550
wdm-wjxjy-800ml 1388 1189 1494 1547
wdm-wjxjy-800ml 1482 1186 1597 1544
wdm-wjxjy-800ml 1582 1177 1688 1541
wdm-spjbsc-1.3L 667 1633 817 2000
wdm-spjbsc-1.3L 800 1615 953 1983
wdm-wjxjy-1L 932 1606 1056 1968
wdm-wjxjy-1L 1041 1600 1153 1959
wdm-wjxjy-1L 1141 1600 1256 1953
wdm-wjxjy-1L 1241 1589 1358 1944
wdm-wjxjy-800ml 1341 1586 1464 1941
wdm-wjxjy-800ml 1450 1574 1567 1906
wdm-wjxjy-800ml 1550 1574 1673 1903
wdm-wjxjy-1.3L 861 2009 1026 2403
wdm-wjxjy-1.3L 1008 1997 1173 2374
wdm-wjxjy-1.3L 1156 1983 1308 2365
wdm-wjxjy-1.3L 1294 1971 1429 2339
wdm-wjxjy-1.3L 1414 1956 1550 2324
wdm-wjxjy-1.3L 1526 1944 1667 2303
