wdm-wjxjy-1.3L 1518 404 1612 664
wdm-wjxjy-1.3L 1456 395 1547 664
wdm-wjxjy-1.3L 1393 377 1483 658
wdm-wjxjy-1.8L 1297 337 1420 649
wdm-wjxjy-1.8L 1185 318 1316 641
wdm-wjxjy-1.8L 1068 299 1206 633
wdm-wjxjy-800ml 987 274 1097 622
wdm-wjxjy-800ml 924 254 1010 618
wdm-wjxjy-800ml 845 229 962 616
wdm-wjxjy-800ml 749 204 879 608
wdm-wjxjy-800ml 641 187 770 597
wdm-wjxjy-800ml 524 154 674 589
wdm-wjxjy-800ml 389 137 547 595
wdm-wjxjy-500ml 691 631 804 983
wdm-wjxjy-500ml 787 641 879 974
wdm-wjxjy-500ml 864 647 964 972
wdm-wjxjy-500ml 947 654 1043 954
wdm-wjxjy-500ml 1026 660 1095 947
wdm-wjxjy-500ml 1083 666 1172 937
cbl-lyxdbj-300g 516 724 685 870
cbl-lyxdbj-300g 514 849 683 981
cbl-lyxdbj-300g 351 714 545 872
cbl-lyxdbj-300g 353 841 535 993
