wdm-qxmc-460ml 223 462 367 1003
wdm-qxmc-460ml 353 477 488 994
wdm-zplj-450ml 467 491 600 1006
wdm-zplj-450ml 585 506 723 1018
wdm-zphy-510g 700 539 823 1021
wdm-zphy-510g 814 553 935 1012
wdm-spjbsc-500ml 920 556 1050 1033
wdm-spjbsc-500ml 1038 556 1176 1033
wdm-spjbsc-500ml 1156 565 1303 1039
wdm-btlcjy-500ml 1273 589 1423 1039
wdm-btlcjy-500ml 1406 600 1558 1047
wdm-wjxjy-800ml 1514 524 1688 1068
wdm-wjxjy-800ml 1650 530 1823 1080
wdm-wjxjy-800ml 1794 539 1920 1083
cbl-lyxdbj-300g 1058 1621 1241 1780
cbl-lyxdbj-300g 1229 1615 1403 1791
cbl-lyxtmj-300g 1420 1639 1594 1800
cbl-lyxtmj-300g 1432 1536 1617 1691
cbl-lyxtmj-300g 1585 1644 1761 1812
cbl-lyxtmj-300g 1603 1530 1776 1694
