lyx-tjjy-160ml 272 399 322 535
lyx-tjjy-160ml 323 397 377 539
lyx-tjjy-160ml 385 401 435 537
lyx-tjjy-160ml 429 401 481 537
lyx-tjjy-160ml 477 408 523 537
lyx-tjyzjy-500ml 277 595 341 803
lyx-tjyzjy-500ml 329 595 393 805
lyx-tjdyjy-375ml 341 849 402 1047
lyx-tjdyjy-375ml 393 849 454 1049
lyx-tjjy-500ml 200 845 252 1051
lyx-tjjy-500ml 241 843 293 1051
lyx-tjjy-500ml 279 843 339 1053
lyx-tjjy-1L 187 1118 258 1337
lyx-tjjy-1L 250 1118 331 1328
lyx-tjjy-1L 325 1103 398 1301
lyx-tjjy-1L 385 1110 448 1310
lyx-tjjy-1L 187 1378 266 1612
lyx-tjjy-1L 262 1380 335 1601
lyx-tjjy-1L 372 1385 443 1616
lyx-tjjy-1L 458 1385 531 1608
lyx-tjjy-1L 525 1389 600 1626
wdm-spjbsc-1.3L 483 1120 570 1341
wdm-spjbsc-1.3L 562 1120 648 1345
wdm-spjbsc-1.3L 643 1128 729 1347
