wdm-zplj-450ml 758 583 816 797
wdm-zplj-450ml 809 585 867 797
wdm-spjbsc-500ml 858 590 916 790
wdm-spjbsc-500ml 906 590 965 795
wdm-cxmc-460ml 958 580 1014 792
wdm-cxmc-460ml 1009 580 1065 792
wdm-qxmc-460ml 1055 580 1111 792
wdm-qxmc-460ml 1104 578 1160 790
wdm-zphy-510g 1153 588 1206 790
wdm-zphy-510g 1202 588 1255 783
wdm-cxhy-510g 1245 585 1304 788
wdm-cxhy-510g 1297 583 1355 788
wdm-wjxjy-500ml 892 822 948 1014
wdm-wjxjy-500ml 938 822 1002 1014
wdm-btlcjy-500ml 997 822 1055 1017
wdm-btlcjy-500ml 1048 819 1106 1017
wdm-wjxjy-1L 1094 807 1167 1029
wdm-wjxjy-1L 1158 802 1233 1031
wdm-wjxjy-800ml 1226 802 1292 1027
wdm-wjxjy-800ml 948 1031 1014 1246
wdm-wjxjy-800ml 1004 1036 1072 1246
wdm-wjxjy-800ml 1065 1031 1131 1246
wdm-wjxjy-800ml 1123 1034 1192 1251
wdm-wjxjy-800ml 1184 1027 1255 1256
wdm-wjxjy-800ml 1243 1036 1316 1251
