cbl-lyxtmj-300g 262 389 345 449
cbl-lyxtmj-300g 264 439 349 497
cbl-lyxtmj-300g 333 391 406 449
cbl-lyxtmj-300g 331 441 412 500
cbl-lyxtmj-300g 399 395 474 456
cbl-lyxtmj-300g 403 443 472 506
cbl-lyxdbj-800g 453 318 537 385
cbl-lyxdbj-800g 456 377 541 447
cbl-lyxdbj-800g 458 375 543 443
cbl-lyxdbj-800g 462 435 549 502
cbl-lyxdbj-800g 533 377 614 445
cbl-lyxdbj-800g 537 435 618 506
cbl-lyxdbj-800g 608 379 687 449
cbl-lyxdbj-800g 612 435 691 504
cbl-lyxdbj-800g 681 385 758 452
cbl-lyxdbj-800g 681 439 760 506
cbl-lyxdbj-300g 741 360 806 416
cbl-lyxdbj-300g 749 404 806 460
cbl-lyxdbj-300g 749 452 810 506
cbl-lyxdbj-300g 803 360 866 416
cbl-lyxdbj-300g 854 364 926 420
cbl-lyxdbj-300g 801 404 868 460
cbl-lyxdbj-300g 858 410 924 462
cbl-lyxdbj-300g 804 450 866 510
cbl-lyxdbj-300g 858 450 924 508
wdm-wjxjy-500ml 991 387 1041 522
wdm-wjxjy-500ml 1026 391 1076 524
wdm-wjxjy-500ml 1064 389 1108 518
wdm-wjxjy-500ml 1095 381 1139 516
wdm-wjxjy-800ml 1128 372 1179 520
wdm-wjxjy-800ml 1166 368 1216 525
wdm-wjxjy-800ml 1201 368 1249 520
wdm-wjxjy-800ml 1241 366 1287 520
wdm-wjxjy-800ml 1274 366 1318 518
wdm-wjxjy-800ml 1308 372 1356 518
wdm-wjxjy-800ml 1343 372 1391 518
wdm-wjxjy-800ml 1379 372 1426 514
wdm-wjxjy-800ml 1437 377 1485 522
wdm-wjxjy-800ml 1466 377 1516 520
wdm-wjxjy-800ml 1504 374 1551 518
wdm-wjxjy-800ml 1537 370 1581 514
wdm-wjxjy-1L 1424 562 1458 695
wdm-wjxjy-1L 1441 556 1491 695
wdm-wjxjy-1L 1478 558 1524 702
wdm-wjxjy-1L 1510 558 1560 695
wdm-wjxjy-1L 1547 562 1593 695
wdm-wjxjy-1L 1579 558 1618 697
