wdm-spjbsc-500ml 1253 627 1500 1347
wdm-spjbsc-500ml 1103 568 1311 1274
wdm-cxmc-460ml 1441 656 1717 1403
wdm-cxmc-460ml 1611 709 1908 1515
wdm-zplj-450ml 982 524 1161 1197
wdm-zplj-450ml 855 480 1053 1130
wdm-zplj-450ml 767 456 932 1074
wdm-zphy-510g 676 447 855 1027
wdm-zphy-510g 576 430 755 983
wdm-zphy-510g 497 409 679 959
wdm-wjxjy-500ml 426 394 603 912
wdm-btlcjy-500ml 370 377 526 862
wdm-btlcjy-500ml 305 350 473 833
wdm-wjxjy-800ml 1079 1309 1247 1662
wdm-wjxjy-800ml 950 1218 1117 1612
wdm-wjxjy-800ml 838 1142 1005 1536
wdm-wjxjy-800ml 738 1071 903 1494
wdm-wjxjy-800ml 676 1036 811 1409
wdm-wjxjy-800ml 591 983 761 1365
lyx-tjjy-500ml 1188 1377 1364 1756
lyx-tjjy-500ml 1276 1439 1494 1874
lyx-hsjy-500ml 1444 1527 1661 1930
lyx-hsjy-500ml 1567 1624 1803 2062
