wdm-zphy-510g 108 371 159 525
wdm-zphy-510g 152 373 192 525
wdm-zphy-510g 182 376 226 528
wdm-zphy-510g 217 379 256 528
wdm-zphy-510g 249 379 288 523
wdm-cxhy-510g 281 380 323 525
wdm-cxhy-510g 313 374 352 526
wdm-cxhy-510g 346 379 381 521
wdm-cxhy-510g 375 381 408 525
wdm-spjbsc-500ml 424 379 473 521
wdm-spjbsc-500ml 460 381 501 522
wdm-spjbsc-500ml 492 383 533 523
wdm-spjbsc-500ml 518 386 555 523
wdm-zplj-450ml 117 703 162 857
wdm-zplj-450ml 150 702 195 855
wdm-cxmc-460ml 187 702 230 852
wdm-cxmc-460ml 220 694 263 851
wdm-cxmc-460ml 252 694 294 844
wdm-btlcjy-500ml 285 703 326 842
wdm-btlcjy-500ml 317 694 360 831
wdm-btlcjy-500ml 350 694 392 832
wdm-wjxjy-500ml 384 694 424 828
wdm-wjxjy-500ml 416 690 450 826
wdm-wjxjy-800ml 439 673 484 819
wdm-wjxjy-800ml 475 674 516 810
wdm-wjxjy-800ml 504 668 549 809
wdm-wjxjy-800ml 487 822 536 967
wdm-wjxjy-800ml 450 828 500 961
wdm-wjxjy-800ml 414 831 462 974
wdm-wjxjy-800ml 381 838 427 980
wdm-btlcjy-1L 342 845 387 992
wdm-btlcjy-1L 305 851 350 1000
wdm-btlcjy-1L 268 857 316 1009
wdm-btlcjy-1L 227 858 275 1010
wdm-cxmc-1.3L 171 867 236 1012
wdm-cxmc-1.3L 120 880 185 1029
wdm-cxmc-1.3L 56 887 131 1039
wdm-spsc-2L 301 1022 365 1183
wdm-spsc-2L 243 1028 311 1193
wdm-wjxjy-1.3L 524 216 579 357
wdm-wjxjy-1.3L 469 209 534 358
wdm-wjxjy-1.3L 426 207 482 355
wdm-wjxjy-1.3L 375 203 437 352
wdm-wjxjy-1.3L 327 194 382 342
wdm-wjxjy-1.8L 273 190 339 347
wdm-wjxjy-1.8L 221 184 288 345
wdm-wjxjy-1.8L 159 180 233 345
wdm-wjxjy-1.8L 101 173 176 335
wdm-wjxjy-1.8L 40 168 116 339
wdm-wjxjy-1.8L 1 161 52 334
wdm-wjxjy-1.8L 356 1021 418 1174
wdm-wjxjy-1.8L 405 1012 468 1161
wdm-wjxjy-1.8L 455 1002 508 1147
wdm-wjxjy-1.8L 498 993 563 1132
wdm-wjxjy-1.3L 549 990 600 1123
wdm-wjxjy-1.3L 589 981 637 1113
lyx-tjjy-500ml 518 526 558 657
lyx-tjjy-500ml 484 532 529 660
lyx-tjjy-500ml 450 528 489 661
lyx-tjjy-500ml 420 534 460 665
lyx-hsjy-500ml 242 536 292 677
lyx-hsjy-500ml 205 535 253 681
lyx-hsjy-500ml 166 535 211 684
lyx-hsjy-500ml 120 535 175 684
lyx-tjyzjy-500ml 284 536 326 680
lyx-tjyzjy-500ml 320 536 365 677
lyx-tjyzjy-500ml 353 536 391 677
lyx-tjyzjy-500ml 384 531 431 670
