wdm-wjxjy-800ml 0.8543062210083008 35 1454 235 1884
wdm-wjxjy-800ml 0.8980704545974731 191 1445 379 1866
wdm-wjxjy-800ml 0.9183840751647949 344 1422 519 1851
wdm-wjxjy-800ml 0.9214964509010315 493 1412 654 1835
wdm-wjxjy-800ml 0.9248567819595337 634 1397 786 1824
wdm-wjxjy-800ml 0.9365167617797852 769 1376 912 1807
wdm-wjxjy-800ml 0.9267780780792236 895 1367 1043 1781
wdm-wjxjy-800ml 0.9065114855766296 1016 1359 1166 1760
wdm-wjxjy-500ml 0.7411379814147949 803 822 973 1298
wdm-wjxjy-500ml 0.7699353098869324 944 815 1103 1276
wdm-wjxjy-800ml 0.7959283590316772 1079 810 1258 1293
