cbl-lyxdbj-300g 0.9243322014808655 673 1796 790 1914
cbl-lyxdbj-300g 0.9069888591766357 869 1774 980 1888
cbl-lyxdbj-300g 0.9161713123321533 955 1764 1066 1875
cbl-lyxdbj-300g 0.9235802888870239 769 1718 879 1830
cbl-lyxdbj-300g 0.8578919768333435 571 1675 686 1784
cbl-lyxdbj-300g 0.8734767436981201 669 1671 785 1776
cbl-lyxdbj-300g 0.9175698161125183 943 1665 1067 1786
cbl-lyxdbj-300g 0.8771896958351135 1042 1663 1168 1784
cbl-hdj-900g 0.8492106795310974 1407 1377 1502 1582
cbl-hdj-900g 0.8561567068099976 1547 1368 1643 1568
wdm-wjxjy-1L 0.9207955598831177 999 1345 1103 1622
wdm-wjxjy-1L 0.9034949541091919 1084 1338 1191 1614
wdm-wjxjy-1L 0.8523097038269043 1173 1334 1283 1603
wdm-wjxjy-500ml 0.8587285280227661 774 1086 859 1341
wdm-wjxjy-1L 0.9044545888900757 860 744 965 1054
wdm-wjxjy-1L 0.9212125539779663 958 749 1067 1042
wdm-wjxjy-1L 0.905517578125 766 735 879 1054
wdm-wjxjy-1L 0.8875199556350708 1065 739 1169 1037
wdm-wjxjy-1L 0.8877575993537903 1150 740 1253 1029
wdm-wjxjy-800ml 0.8639051914215088 1548 724 1631 1022
wdm-wjxjy-1L 0.9020925760269165 967 423 1076 720
wdm-wjxjy-1L 0.8665505647659302 1385 423 1480 719
wdm-wjxjy-1L 0.8736297488212585 1067 421 1164 725
wdm-wjxjy-1L 0.9025558233261108 1309 424 1403 722
wdm-wjxjy-1L 0.9041278958320618 1228 419 1325 725
wdm-wjxjy-1L 0.8918845653533936 1147 419 1245 726
