cbl-lyxtmj-300g 0.8659247159957886 1393 2032 1552 2193
cbl-lyxdbj-300g 0.9511143565177917 1090 1999 1274 2211
cbl-lyxtmj-300g 0.8782649040222168 1359 1895 1529 2084
wdm-wjxjy-800ml 0.9155209064483643 411 1355 626 1956
wdm-wjxjy-800ml 0.9093309640884399 569 1340 777 1916
wdm-wjxjy-800ml 0.915343165397644 714 1298 914 1870
wdm-wjxjy-800ml 0.9004020690917969 974 1256 1160 1762
wdm-wjxjy-800ml 0.887161374092102 1292 1185 1447 1659
wdm-wjxjy-800ml 0.8997880220413208 1401 1167 1550 1632
wdm-wjxjy-800ml 0.8721871376037598 1508 1156 1653 1596
wdm-wjxjy-1L 0.9400215744972229 233 679 475 1270
wdm-wjxjy-1L 0.9262068867683411 546 674 785 1227
wdm-wjxjy-1L 0.9022172689437866 823 657 1045 1174
wdm-wjxjy-1L 0.9155306816101074 1292 630 1473 1091
