wdm-cxhy-510g 0.7224838137626648 727 828 835 1205
wdm-cxhy-510g 0.741746187210083 637 825 744 1200
wdm-cxhy-510g 0.6020616292953491 276 826 392 1207
wdm-cxhy-510g 0.6708618998527527 366 835 477 1212
wdm-cxhy-510g 0.7892580628395081 545 819 653 1198
wdm-cxhy-510g 0.7387924194335938 452 816 560 1203
wdm-cxmc-460ml 0.5958357453346252 422 398 509 679
wdm-wjxjy-500ml 0.6661422252655029 187 393 280 691
wdm-cxmc-460ml 0.641830563545227 347 393 434 678
wdm-wjxjy-500ml 0.6454253196716309 269 391 357 684
wdm-wjxjy-500ml 0.5716143846511841 168 11 262 308
wdm-wjxjy-500ml 0.5820821523666382 407 5 507 299
wdm-wjxjy-500ml 0.5814138054847717 326 6 420 296
wdm-wjxjy-500ml 0.6194186210632324 248 2 340 302
