cbl-lyxdbj-300g 0.7698334455490112 1044 595 1122 668
cbl-lyxdbj-300g 0.8202474117279053 963 593 1045 667
cbl-lyxdbj-300g 0.7099760174751282 784 578 882 666
cbl-lyxdbj-300g 0.8178926706314087 1037 531 1121 604
cbl-lyxdbj-300g 0.8048588633537292 963 531 1047 607
cbl-lhdj-900g 0.887763261795044 1252 507 1329 661
cbl-lhdj-900g 0.9288013577461243 1186 513 1267 665
cbl-lyxtmj-300g 0.779650092124939 576 348 668 423
cbl-lyxtmj-300g 0.7160214781761169 493 348 584 420
cbl-lyxtmj-300g 0.8140363693237305 665 348 755 424
cbl-hdj-900g 0.8463110327720642 1267 285 1347 441
cbl-hdj-900g 0.7542399168014526 1137 286 1220 435
cbl-hdj-900g 0.8868749737739563 1205 286 1283 441
cbl-lyxtmj-300g 0.801494300365448 661 282 749 361
cbl-lyxtmj-300g 0.7947952747344971 576 279 666 356
cbl-lyxtmj-300g 0.7554129362106323 492 276 584 354
cbl-lyxtmj-300g 0.7287336587905884 490 203 584 287
cbl-lyxtmj-300g 0.7335925698280334 393 193 488 279
