wdm-btlcjy-500ml 0.763370156288147 559 697 634 925
wdm-wjxjy-500ml 0.8010948300361633 687 691 762 923
wdm-wjxjy-800ml 0.8297961354255676 812 665 892 919
cbl-lyxdbj-300g 0.8857227563858032 981 435 1076 520
cbl-lyxdbj-300g 0.921074390411377 885 433 981 516
cbl-lyxdbj-300g 0.9160048961639404 790 426 889 511
cbl-lyxdbj-300g 0.8426520824432373 356 399 465 500
cbl-lhdj-900g 0.7979846596717834 1359 368 1445 527
cbl-lhdj-900g 0.7828346490859985 1436 366 1524 522
cbl-lhdj-900g 0.8136515617370605 1283 364 1368 528
cbl-hdj-900g 0.881750226020813 1208 358 1301 525
cbl-hdj-900g 0.8902746438980103 1141 357 1232 525
cbl-hdj-900g 0.8632506132125854 1061 349 1154 518
cbl-lyxdbj-300g 0.8400673866271973 980 368 1073 453
cbl-lyxdbj-300g 0.8433403968811035 888 361 984 443
cbl-lyxdbj-300g 0.8013370037078857 788 351 891 440
