cbl-lyxdbj-300g 0.9153831601142883 361 1510 523 1684
cbl-hdj-900g 0.7961251735687256 705 1390 853 1687
cbl-hdj-900g 0.7629073262214661 830 1383 985 1673
wdm-wjxjy-1L 0.8938691020011902 819 776 969 1249
wdm-wjxjy-1L 0.9249913692474365 947 770 1107 1247
wdm-wjxjy-800ml 0.9111546277999878 701 761 839 1245
wdm-wjxjy-800ml 0.9356729388237 567 738 719 1242
wdm-wjxjy-1L 0.8520094156265259 989 152 1154 651
wdm-wjxjy-1L 0.9008100032806396 1126 149 1286 655
wdm-wjxjy-1L 0.907551109790802 1259 150 1419 651
wdm-wjxjy-1L 0.9168255925178528 1387 151 1553 646
wdm-wjxjy-800ml 0.8832277059555054 849 127 1003 648
wdm-wjxjy-800ml 0.8743290305137634 569 116 737 645
wdm-wjxjy-800ml 0.8962648510932922 714 109 873 645
