wdm-wjxjy-1L 0.9297170639038086 1591 1832 1724 2128
wdm-wjxjy-1L 0.9058072566986084 1480 1816 1606 2119
wdm-wjxjy-1L 0.8846772909164429 1383 1803 1502 2110
wdm-wjxjy-800ml 0.8547343015670776 917 1444 1015 1730
wdm-wjxjy-1L 0.866614043712616 1488 1424 1615 1775
wdm-wjxjy-800ml 0.9171490669250488 730 1408 839 1717
wdm-wjxjy-800ml 0.8568732738494873 452 1411 560 1704
wdm-wjxjy-800ml 0.8684974312782288 635 1403 742 1716
wdm-wjxjy-800ml 0.8850389719009399 542 1404 652 1712
wdm-wjxjy-800ml 0.8911515474319458 354 1409 462 1706
wdm-wjxjy-800ml 0.8937754034996033 268 1408 378 1700
cbl-hdj-900g 0.861778974533081 215 1101 342 1342
cbl-hdj-900g 0.876844048500061 314 1096 438 1346
wdm-cxhy-510g 0.8829710483551025 1612 1042 1723 1390
wdm-spjbsc-500ml 0.88466876745224 1350 1032 1458 1384
cbl-lyxtmj-300g 0.9076578617095947 1156 852 1307 982
cbl-lyxtmj-300g 0.8948937654495239 1017 848 1167 977
cbl-lyxdbj-300g 0.8863037824630737 174 839 317 965
cbl-lyxtmj-300g 0.9236575961112976 1021 740 1173 874
cbl-lyxtmj-300g 0.9437490105628967 1304 735 1468 873
cbl-lyxtmj-300g 0.9376456141471863 1162 735 1314 870
cbl-lyxdbj-300g 0.8582068681716919 295 738 438 860
cbl-lyxdbj-300g 0.9160194396972656 163 727 311 860
