wdm-wjxjy-800ml 0.8597721457481384 966 856 1073 1080
wdm-wjxjy-800ml 0.8766944408416748 1232 528 1366 840
cbl-lyxdbj-300g 0.8593348264694214 795 364 944 507
cbl-lyxdbj-300g 0.9278773069381714 656 353 835 504
cbl-lyxdbj-300g 0.9698532819747925 1106 320 1297 497
cbl-lyxdbj-300g 0.9342325925827026 775 228 956 402
cbl-lyxdbj-300g 0.9454206824302673 629 227 814 404
cbl-lyxdbj-300g 0.9448959231376648 932 205 1113 391
cbl-lyxdbj-300g 0.9052771329879761 738 23 913 178
cbl-lyxdbj-300g 0.8770613670349121 1018 2 1181 146
cbl-lyxdbj-300g 0.8564244508743286 1166 0 1331 135
