wdm-wjxjy-1.8L 0.7458107471466064 633 1570 810 1797
wdm-wjxjy-1.8L 0.7775990962982178 797 1545 954 1778
wdm-wjxjy-1L 0.7846624851226807 1189 1473 1325 1750
wdm-wjxjy-500ml 0.7289974689483643 1082 1475 1209 1741
wdm-wjxjy-1L 0.7215017676353455 1304 1458 1446 1744
wdm-wjxjy-1.3L 0.7196834683418274 576 1130 776 1517
wdm-wjxjy-1.8L 0.7572102546691895 405 1103 609 1514
wdm-wjxjy-1.3L 0.7104834914207458 747 1076 954 1495
wdm-wjxjy-1.3L 0.7132666110992432 577 536 768 917
wdm-wjxjy-1.3L 0.7543296813964844 1088 535 1240 892
wdm-wjxjy-1.3L 0.7275848388671875 739 524 939 911
wdm-wjxjy-1.3L 0.7509542107582092 939 532 1118 901
wdm-wjxjy-1.8L 0.7254400253295898 404 519 609 913
wdm-wjxjy-1.3L 0.7312203645706177 1226 530 1404 890
