wdm-wjxjy-1.3L 0.713585376739502 1170 1205 1285 1484
wdm-wjxjy-1.3L 0.7764236927032471 1076 1207 1191 1477
wdm-wjxjy-1.3L 0.7064554691314697 980 1201 1091 1478
wdm-cxmc-1.3L 0.6760975122451782 755 882 868 1134
wdm-cxmc-1.3L 0.7406924962997437 839 880 955 1141
wdm-cxmc-1.3L 0.7300242185592651 933 878 1055 1147
wdm-cxhy-510g 0.7312990427017212 589 873 658 1119
wdm-cxhy-510g 0.7630507349967957 539 875 602 1115
wdm-spjbsc-500ml 0.7012982368469238 1068 543 1143 809
lyx-hsjy-500ml 0.7099587917327881 810 537 891 813
wdm-spjbsc-500ml 0.7442829608917236 942 543 1021 809
wdm-spjbsc-500ml 0.724885106086731 1008 545 1085 807
wdm-spjbsc-500ml 0.7708309292793274 873 537 952 810
lyx-hsjy-500ml 0.7471292018890381 742 536 821 813
lyx-hsjy-500ml 0.6883860230445862 678 536 756 809
lyx-tjjy-500ml 0.748471736907959 516 547 601 797
lyx-tjjy-500ml 0.7405139207839966 612 531 697 802
