wdm-wjxjy-800ml 0.8304612636566162 745 1494 833 1747
wdm-wjxjy-800ml 0.8238254189491272 666 1502 761 1751
wdm-wjxjy-500ml 0.7753102779388428 819 1493 905 1744
lyx-tjjy-500ml 0.7359352111816406 973 1217 1056 1478
lyx-tjjy-500ml 0.7315064668655396 904 1219 986 1466
lyx-tjjy-500ml 0.7194955348968506 1042 1212 1123 1478
lyx-tjjy-500ml 0.7107610702514648 830 1214 916 1463
wdm-cxhy-510g 0.7118276953697205 950 922 1013 1179
wdm-spjbsc-500ml 0.7603009343147278 629 919 710 1186
wdm-cxhy-510g 0.7573913335800171 1007 921 1070 1177
wdm-spjbsc-500ml 0.7866539359092712 558 909 640 1184
wdm-wjxjy-500ml 0.7738486528396606 639 599 723 865
wdm-wjxjy-500ml 0.7597179412841797 787 601 873 866
wdm-wjxjy-500ml 0.8115501999855042 715 601 800 868
wdm-btlcjy-500ml 0.7502636909484863 504 595 588 866
wdm-wjxjy-1.3L 0.7570327520370483 1129 258 1269 555
wdm-wjxjy-1L 0.87120121717453 1035 243 1140 545
wdm-wjxjy-1L 0.8850455284118652 857 235 962 549
wdm-wjxjy-1L 0.8194402456283569 766 237 871 551
wdm-wjxjy-1L 0.8809912800788879 948 236 1053 545
wdm-wjxjy-800ml 0.8039292097091675 487 221 606 554
