wdm-cxmc-1.3L 0.6615602970123291 423 1093 519 1300
wdm-wjxjy-1.8L 0.6384828090667725 534 849 619 1033
wdm-wjxjy-800ml 0.7475551962852478 392 654 471 880
wdm-wjxjy-800ml 0.8899227380752563 456 638 534 867
wdm-wjxjy-800ml 0.8821655511856079 518 631 590 861
wdm-wjxjy-800ml 0.8332104682922363 576 624 643 830
lyx-tjjy-500ml 0.6347820162773132 471 353 539 612
wdm-spjbsc-500ml 0.6954139471054077 626 363 684 590
lyx-tjjy-500ml 0.7630109190940857 404 359 481 630
wdm-spjbsc-500ml 0.7912396192550659 576 356 639 593
wdm-spjbsc-500ml 0.747810423374176 524 350 589 600
lyx-tjyzjy-500ml 0.7330664396286011 336 343 420 630
lyx-tjyzjy-500ml 0.6615033745765686 257 342 341 620
wdm-wjxjy-500ml 0.6878926157951355 578 56 640 306
wdm-wjxjy-500ml 0.7072276473045349 530 58 596 310
wdm-btlcjy-500ml 0.694674015045166 673 50 738 304
wdm-wjxjy-800ml 0.6755920648574829 470 51 539 306
wdm-btlcjy-500ml 0.6489032506942749 625 49 690 304
