wdm-wjxjy-800ml 0.9190648198127747 797 1550 918 1910
wdm-wjxjy-800ml 0.8782868385314941 903 1555 1013 1891
wdm-wjxjy-800ml 0.9295960664749146 1000 1549 1102 1878
wdm-wjxjy-800ml 0.8766615390777588 1087 1544 1184 1857
wdm-wjxjy-1L 0.8326512575149536 1162 1536 1263 1841
wdm-wjxjy-1L 0.8289048075675964 1250 1530 1349 1828
wdm-wjxjy-1L 0.8279510736465454 1329 1521 1424 1818
wdm-cxhy-510g 0.8482125997543335 414 1173 522 1548
wdm-cxhy-510g 0.8977555632591248 503 1171 607 1537
wdm-wjxjy-800ml 0.8979548811912537 1000 1176 1101 1514
wdm-wjxjy-800ml 0.8912923336029053 910 1172 1017 1520
wdm-wjxjy-800ml 0.764482855796814 1081 1175 1176 1504
wdm-cxhy-510g 0.8595036268234253 584 1167 690 1527
wdm-spjbsc-500ml 0.8536527156829834 1226 1175 1321 1489
wdm-wjxjy-800ml 0.8960447311401367 811 1167 928 1529
wdm-spjbsc-500ml 0.8053012490272522 1302 1174 1396 1486
wdm-btlcjy-1L 0.8223788738250732 1500 1175 1589 1467
wdm-wjxjy-500ml 0.8066345453262329 942 795 1039 1137
wdm-wjxjy-500ml 0.8597418069839478 851 795 953 1137
wdm-wjxjy-800ml 0.799576461315155 1147 470 1227 751
wdm-wjxjy-800ml 0.8268539905548096 1081 457 1164 741
wdm-wjxjy-800ml 0.7987329363822937 1007 435 1092 723
