wdm-cxmc-460ml 0.5807214975357056 103 1405 198 1671
wdm-qxmc-460ml 0.5706521272659302 350 1397 435 1663
wdm-cxmc-460ml 0.5850041508674622 189 1396 285 1665
wdm-cxmc-460ml 0.6047382354736328 276 1397 363 1662
wdm-cxhy-510g 0.5764408111572266 423 1393 506 1648
lyx-tjyzjy-500ml 0.57374107837677 126 1048 216 1316
wdm-wjxjy-500ml 0.6483162641525269 452 694 535 983
wdm-wjxjy-500ml 0.653841495513916 374 692 461 981
wdm-cxhy-510g 0.8127137422561646 588 689 667 980
wdm-wjxjy-500ml 0.6744061708450317 520 686 601 979
wdm-cxhy-510g 0.856026828289032 662 687 740 977
wdm-cxhy-510g 0.8205562829971313 733 676 813 973
lyx-tjjy-500ml 0.5941641330718994 386 243 479 565
