lyx-tjjy-1L 0.6807035207748413 839 1162 922 1381
lyx-hsjy-500ml 0.7113255858421326 772 1161 853 1383
lyx-tjjy-500ml 0.7892128229141235 547 894 622 1128
lyx-tjjy-500ml 0.694165825843811 615 888 687 1126
lyx-tjjy-500ml 0.8491274118423462 483 890 559 1126
lyx-tjjy-500ml 0.786186695098877 422 888 499 1124
lyx-tjjy-500ml 0.8438209891319275 354 885 431 1125
lyx-tjjy-500ml 0.8057749271392822 223 889 299 1123
lyx-tjjy-500ml 0.8369215130805969 289 886 367 1127
lyx-tjyzjy-500ml 0.7797946929931641 756 608 829 844
lyx-tjyzjy-500ml 0.8268873691558838 825 602 897 848
lyx-tjyzjy-500ml 0.8056157827377319 688 603 763 844
lyx-tjyzjy-500ml 0.8367486000061035 892 593 965 852
lyx-tjyzjy-500ml 0.7307121157646179 953 588 1032 853
