wdm-wjxjy-800ml 0.7719008922576904 1161 452 1297 876
wdm-wjxjy-800ml 0.7834453582763672 1053 443 1190 873
wdm-wjxjy-800ml 0.7769265174865723 1271 439 1420 887
wdm-wjxjy-500ml 0.7580978870391846 938 427 1074 876
wdm-wjxjy-500ml 0.7275426387786865 829 411 962 879
wdm-spjbsc-500ml 0.6774289011955261 599 391 746 866
wdm-wjxjy-800ml 0.9064109325408936 1714 391 1876 883
wdm-wjxjy-800ml 0.9117482304573059 1596 383 1759 882
wdm-wjxjy-800ml 0.9082538485527039 1471 373 1642 881
wdm-spjbsc-500ml 0.8111289143562317 469 366 628 866
wdm-spjbsc-500ml 0.7012420296669006 206 360 367 864
wdm-spjbsc-500ml 0.7904048562049866 350 364 492 861
