wdm-wjxjy-800ml 0.8122146129608154 1137 731 1281 1155
wdm-spjbsc-500ml 0.7987349033355713 531 707 657 1038
cbl-lyxdbj-300g 0.942184567451477 1218 488 1423 680
cbl-lyxdbj-300g 0.8938999772071838 1410 479 1646 681
cbl-lyxdbj-300g 0.8951197862625122 466 492 627 632
cbl-lyxdbj-300g 0.8454606533050537 372 488 507 620
cbl-lyxdbj-300g 0.9379705190658569 443 394 560 510
cbl-lyxdbj-300g 0.9443049430847168 533 389 671 511
cbl-lyxdbj-300g 0.7868065237998962 852 325 1056 510
cbl-lyxdbj-300g 0.8717591166496277 1412 305 1664 529
cbl-lyxdbj-300g 0.8943639397621155 421 286 556 415
cbl-lyxdbj-300g 0.9409502148628235 519 284 673 411
