cbl-lyxtmj-300g 0.8626589179039001 1007 758 1139 874
cbl-lyxtmj-300g 0.908000648021698 883 760 1013 872
cbl-lyxdbj-300g 0.8638584613800049 1371 759 1508 872
cbl-lyxdbj-300g 0.8770736455917358 1129 757 1262 874
cbl-lyxdbj-300g 0.9245949983596802 1130 662 1264 777
cbl-hdj-900g 0.9305910468101501 395 621 529 886
cbl-lyxtmj-300g 0.8320009708404541 1005 654 1144 777
cbl-hdj-900g 0.9196376204490662 515 621 651 872
cbl-lyxdbj-300g 0.9006460309028625 1380 653 1522 776
cbl-lyxdbj-300g 0.8849486708641052 1254 653 1400 775
cbl-lyxtmj-300g 0.8790644407272339 877 652 1015 777
cbl-lyxdbj-300g 0.8848919868469238 1134 567 1260 677
