wdm-spjbsc-500ml 0.8364406824111938 791 814 878 1107
wdm-cxhy-510g 0.8573215007781982 976 796 1054 1061
wdm-wjxjy-1L 0.8954305648803711 1087 762 1169 1029
wdm-wjxjy-1L 0.8813460469245911 1206 743 1283 994
wdm-wjxjy-1L 0.913960337638855 1145 752 1229 1011
wdm-wjxjy-1L 0.898366391658783 1264 733 1346 979
wdm-wjxjy-500ml 0.7947308421134949 595 494 699 794
wdm-wjxjy-500ml 0.8208971619606018 684 492 775 787
wdm-wjxjy-500ml 0.8362354636192322 756 491 838 772
wdm-wjxjy-500ml 0.7773445844650269 900 488 975 760
wdm-wjxjy-500ml 0.8497910499572754 829 488 911 767
wdm-btlcjy-500ml 0.8069373369216919 1026 491 1097 747
wdm-wjxjy-1L 0.8414874076843262 1175 463 1256 730
wdm-wjxjy-1L 0.884964108467102 1289 457 1369 717
wdm-wjxjy-1.3L 0.7937474250793457 1205 178 1293 434
wdm-wjxjy-1.3L 0.7827228307723999 1130 167 1224 433
wdm-wjxjy-800ml 0.8641993999481201 984 102 1076 416
wdm-wjxjy-800ml 0.8992660045623779 909 87 1004 419
wdm-wjxjy-800ml 0.8618186712265015 834 77 924 414
wdm-wjxjy-800ml 0.8784524202346802 759 58 855 413
wdm-wjxjy-800ml 0.886808454990387 664 34 772 418
wdm-wjxjy-800ml 0.8065648674964905 558 12 676 409
