cbl-lyxdbj-300g 0.9371393322944641 944 2044 1088 2179
cbl-hdj-900g 0.8606256246566772 1320 1983 1463 2269
cbl-lyxdbj-300g 0.8810608386993408 818 2022 960 2159
cbl-lyxtmj-300g 0.8455369472503662 565 1970 716 2114
cbl-lyxdbj-300g 0.9285131692886353 948 1947 1083 2084
cbl-lyxdbj-300g 0.8595614433288574 825 1912 963 2055
wdm-cxhy-510g 0.8347052335739136 798 1513 898 1835
wdm-cxhy-510g 0.8237361907958984 726 1511 828 1827
wdm-wjxjy-1L 0.9155935049057007 1399 1146 1538 1527
wdm-wjxjy-1L 0.9189407825469971 1295 1138 1424 1521
wdm-wjxjy-1L 0.893727719783783 1187 1132 1316 1509
wdm-wjxjy-800ml 0.9079000949859619 1082 1115 1202 1493
wdm-wjxjy-800ml 0.9139890670776367 992 1109 1104 1490
wdm-wjxjy-800ml 0.8736572265625 888 1106 1004 1478
wdm-btlcjy-1L 0.8636590242385864 795 1107 912 1472
wdm-btlcjy-1L 0.9089236259460449 696 1103 811 1467
wdm-btlcjy-1L 0.8467849493026733 606 1103 714 1455
wdm-wjxjy-500ml 0.851293683052063 819 223 927 570
wdm-wjxjy-500ml 0.8594782948493958 732 225 836 568
wdm-wjxjy-800ml 0.830645740032196 342 179 458 567
wdm-wjxjy-800ml 0.8097788095474243 435 172 555 568
