wdm-wjxjy-1L 0.910150408744812 1112 1538 1245 1863
wdm-wjxjy-1L 0.9170435667037964 1236 1529 1354 1852
wdm-wjxjy-1L 0.9182219505310059 1336 1518 1440 1837
wdm-wjxjy-1L 0.8951548337936401 1421 1516 1517 1822
wdm-wjxjy-1L 0.94041907787323 374 1172 529 1580
wdm-wjxjy-1L 0.9369466304779053 519 1171 664 1575
wdm-wjxjy-1L 0.9396288394927979 649 1162 780 1562
wdm-wjxjy-1L 0.8826583027839661 758 1158 870 1547
wdm-wjxjy-1L 0.9308372139930725 855 1156 980 1537
wdm-wjxjy-1L 0.9243817329406738 965 1151 1086 1528
wdm-wjxjy-1L 0.9203030467033386 1065 1142 1186 1525
wdm-wjxjy-1L 0.899675190448761 1168 1140 1281 1509
wdm-wjxjy-1L 0.9383425712585449 1264 1135 1382 1502
wdm-wjxjy-1L 0.9108325242996216 1352 1133 1473 1489
wdm-wjxjy-1L 0.8910218477249146 1443 1130 1571 1475
wdm-wjxjy-800ml 0.9053879976272583 1490 708 1600 1103
wdm-wjxjy-800ml 0.8911117315292358 1404 696 1512 1104
wdm-wjxjy-800ml 0.9097260236740112 1312 692 1425 1107
wdm-wjxjy-800ml 0.9175279140472412 1211 689 1331 1111
wdm-wjxjy-800ml 0.8868764638900757 1119 685 1230 1103
wdm-wjxjy-800ml 0.9023374319076538 1021 679 1141 1109
wdm-wjxjy-800ml 0.8892284631729126 820 673 945 1115
wdm-wjxjy-800ml 0.8891732692718506 925 675 1040 1109
wdm-wjxjy-800ml 0.893034815788269 711 666 840 1119
wdm-wjxjy-800ml 0.9014931917190552 593 658 725 1123
wdm-wjxjy-800ml 0.9274439811706543 475 646 611 1127
wdm-wjxjy-800ml 0.918015718460083 343 640 489 1126
wdm-wjxjy-800ml 0.8948791027069092 1208 170 1330 642
wdm-wjxjy-800ml 0.9131900072097778 1107 160 1231 640
wdm-wjxjy-800ml 0.9184418320655823 902 137 1036 629
wdm-wjxjy-800ml 0.9108564853668213 782 127 919 622
wdm-wjxjy-800ml 0.9222512245178223 652 90 801 610
wdm-wjxjy-800ml 0.9210580587387085 530 80 675 604
wdm-wjxjy-800ml 0.9188636541366577 396 58 552 603
