cbl-lyxdbj-300g 0.8986368179321289 787 716 880 797
cbl-lyxdbj-300g 0.7887043356895447 606 714 701 801
cbl-hdj-900g 0.8406112194061279 940 628 1028 810
cbl-lyxdbj-300g 0.8703766465187073 696 641 792 734
cbl-lyxdbj-300g 0.9392895102500916 786 641 881 733
cbl-lyxdbj-300g 0.8326975107192993 601 636 698 729
cbl-lyxdbj-300g 0.8465319871902466 504 631 609 733
wdm-wjxjy-500ml 0.8572346568107605 981 255 1054 498
wdm-wjxjy-500ml 0.8503143787384033 1047 252 1115 492
wdm-wjxjy-800ml 0.8054401874542236 731 230 844 508
wdm-wjxjy-800ml 0.888981819152832 502 228 595 511
wdm-wjxjy-800ml 0.9133042097091675 570 227 668 508
wdm-wjxjy-800ml 0.9159875512123108 423 216 523 511
wdm-wjxjy-800ml 0.9100674390792847 645 218 749 504
