wdm-wjxjy-800ml 0.9078473448753357 862 802 963 1119
wdm-wjxjy-800ml 0.9113240838050842 762 803 865 1121
wdm-wjxjy-1L 0.9202996492385864 1158 802 1258 1101
wdm-wjxjy-1L 0.9276027679443359 1063 800 1170 1106
wdm-wjxjy-800ml 0.8779582977294922 954 796 1056 1116
wdm-wjxjy-1L 0.9107292890548706 1244 801 1341 1098
wdm-wjxjy-1L 0.91866534948349 1404 800 1500 1087
wdm-wjxjy-1L 0.9262954592704773 1324 799 1416 1094
wdm-wjxjy-1L 0.895150899887085 1321 487 1414 785
wdm-wjxjy-1L 0.8985291123390198 1241 489 1335 787
wdm-wjxjy-1L 0.8863280415534973 1156 486 1252 790
wdm-wjxjy-1L 0.914008378982544 1403 487 1497 782
wdm-wjxjy-800ml 0.9221040606498718 1066 472 1161 786
wdm-wjxjy-800ml 0.8980258703231812 552 470 645 796
wdm-wjxjy-800ml 0.8837482929229736 806 470 898 786
wdm-wjxjy-800ml 0.9041481614112854 636 470 729 793
wdm-wjxjy-800ml 0.9124332070350647 720 469 815 792
wdm-wjxjy-800ml 0.9076840877532959 461 467 560 796
wdm-wjxjy-800ml 0.9094473123550415 969 470 1064 785
wdm-wjxjy-800ml 0.8936300277709961 890 468 980 781
wdm-wjxjy-800ml 0.9177691340446472 367 463 469 794
wdm-wjxjy-800ml 0.90782630443573 273 461 379 795
