cbl-lyxdbj-300g 0.8604122400283813 358 2343 535 2543
cbl-lyxdbj-300g 0.7570539712905884 216 2347 385 2528
wdm-cxhy-510g 0.7844582796096802 1337 1420 1489 1885
wdm-btlcjy-500ml 0.8095829486846924 57 1429 228 1844
wdm-spjbsc-500ml 0.7377179861068726 415 1429 568 1858
wdm-spjbsc-500ml 0.7864799499511719 528 1418 681 1864
wdm-btlcjy-500ml 0.7830081582069397 180 1421 342 1845
wdm-wjxjy-500ml 0.8282226324081421 301 1420 454 1850
wdm-qxmc-460ml 0.8041490912437439 643 1402 789 1859
wdm-qxmc-460ml 0.7292273044586182 755 1388 903 1847
wdm-wjxjy-1.8L 0.7677667737007141 138 753 376 1272
wdm-wjxjy-1.8L 0.7702380418777466 324 744 561 1267
wdm-wjxjy-800ml 0.752750039100647 517 733 742 1271
wdm-wjxjy-800ml 0.9213999509811401 691 670 887 1272
wdm-wjxjy-800ml 0.9012866616249084 855 636 1041 1269
