wdm-wjxjy-800ml 0.9019518494606018 1608 1117 1798 1562
wdm-wjxjy-800ml 0.8880104422569275 1477 1107 1651 1540
wdm-wjxjy-800ml 0.8957180976867676 1359 1103 1514 1529
wdm-wjxjy-800ml 0.9027026295661926 1242 1097 1385 1515
wdm-wjxjy-500ml 0.8532465696334839 754 1103 894 1477
wdm-wjxjy-800ml 0.9010197520256042 1124 1088 1261 1505
wdm-wjxjy-500ml 0.8770496249198914 643 1101 785 1468
wdm-wjxjy-800ml 0.9059168100357056 1005 1087 1137 1499
wdm-wjxjy-800ml 0.8680443167686462 882 1085 1022 1492
wdm-wjxjy-500ml 0.8421050906181335 426 1074 591 1457
