wdm-wjxjy-800ml 0.7539937496185303 838 1327 930 1629
wdm-wjxjy-800ml 0.7510089874267578 761 1325 852 1624
wdm-wjxjy-800ml 0.7671835422515869 686 1321 777 1620
wdm-wjxjy-800ml 0.7613122463226318 622 1317 704 1614
wdm-wjxjy-800ml 0.7630072832107544 489 1308 573 1598
wdm-wjxjy-800ml 0.7606046199798584 421 1305 507 1593
wdm-spjbsc-500ml 0.7703847289085388 677 1021 752 1283
wdm-spjbsc-500ml 0.7983530759811401 610 1015 687 1282
wdm-wjxjy-500ml 0.7803226709365845 278 719 350 967
wdm-wjxjy-500ml 0.8072296977043152 340 721 415 966
wdm-wjxjy-500ml 0.779876172542572 405 719 480 963
wdm-wjxjy-500ml 0.8240927457809448 601 713 682 971
wdm-wjxjy-500ml 0.8309667110443115 468 718 544 962
wdm-wjxjy-500ml 0.8338593244552612 532 717 609 968
wdm-wjxjy-500ml 0.7560033798217773 673 711 751 970
wdm-wjxjy-500ml 0.8062355518341064 738 706 820 971
wdm-btlcjy-500ml 0.8393174409866333 882 706 962 969
wdm-btlcjy-500ml 0.7820609211921692 811 707 892 968
wdm-btlcjy-500ml 0.8586238026618958 952 705 1033 974
wdm-btlcjy-500ml 0.8371168971061707 1027 698 1110 973
wdm-btlcjy-500ml 0.820970892906189 1105 689 1192 972
wdm-btlcjy-500ml 0.7931706309318542 1180 684 1267 972
wdm-btlcjy-500ml 0.823212742805481 1260 682 1348 971
wdm-btlcjy-500ml 0.8369401693344116 1419 673 1512 974
wdm-btlcjy-500ml 0.8645488023757935 1337 678 1424 972
wdm-wjxjy-1.3L 0.7482360601425171 707 330 848 661
