wdm-wjxjy-1.8L 0.7604010701179504 1216 2003 1471 2513
wdm-wjxjy-1.8L 0.7547416687011719 1004 1984 1255 2506
wdm-wjxjy-1.8L 0.7567318677902222 506 1968 747 2467
wdm-wjxjy-1.8L 0.7648084163665771 304 1944 542 2448
wdm-wjxjy-800ml 0.9248892664909363 1412 1417 1625 1987
wdm-wjxjy-800ml 0.9292747974395752 1264 1396 1473 1973
wdm-wjxjy-800ml 0.8945971727371216 1117 1385 1321 1957
wdm-wjxjy-800ml 0.8874666690826416 966 1356 1169 1946
wdm-wjxjy-1L 0.9351351261138916 1594 733 1828 1325
wdm-wjxjy-1L 0.9168416857719421 1422 723 1651 1311
wdm-wjxjy-1L 0.9265888929367065 1262 709 1476 1305
wdm-wjxjy-500ml 0.8034753799438477 560 713 719 1202
wdm-wjxjy-1L 0.9323449730873108 1082 681 1308 1296
wdm-wjxjy-500ml 0.7800303101539612 438 688 599 1191
wdm-wjxjy-1L 0.9164919257164001 865 658 1100 1265
