wdm-wjxjy-1L 0.882612943649292 753 2001 932 2529
wdm-wjxjy-1L 0.8971517086029053 909 1980 1078 2512
wdm-wjxjy-1L 0.8989073634147644 1210 1960 1376 2462
wdm-wjxjy-1L 0.891278862953186 1072 1964 1234 2483
wdm-wjxjy-800ml 0.9059590101242065 949 1199 1128 1789
wdm-wjxjy-800ml 0.8978246450424194 785 1188 966 1807
wdm-wjxjy-800ml 0.8080651760101318 1093 1187 1271 1759
wdm-wjxjy-500ml 0.7610713839530945 1003 550 1158 1085
wdm-wjxjy-500ml 0.8087436556816101 865 539 1024 1084
wdm-wjxjy-500ml 0.7629315853118896 716 527 886 1071
