wdm-spjbsc-500ml 0.8505306243896484 454 1070 515 1251
wdm-spjbsc-500ml 0.7440575361251831 648 1071 709 1255
wdm-spjbsc-500ml 0.794377326965332 600 1070 658 1252
wdm-spjbsc-500ml 0.8580018281936646 554 1069 612 1251
wdm-spjbsc-500ml 0.808197557926178 507 1068 565 1251
wdm-wjxjy-500ml 0.7826563715934753 365 1068 423 1253
wdm-wjxjy-800ml 0.6920458078384399 334 850 392 1038
wdm-wjxjy-500ml 0.8066023588180542 412 641 467 821
wdm-wjxjy-500ml 0.8408734798431396 359 636 414 822
wdm-wjxjy-500ml 0.7966411709785461 307 629 365 822
lyx-tjyzjy-500ml 0.738821268081665 167 616 232 814
lyx-tjyzjy-500ml 0.7295776605606079 107 615 169 809
wdm-spjbsc-500ml 0.7307208776473999 718 435 772 615
wdm-spjbsc-500ml 0.763925313949585 666 432 719 613
wdm-spjbsc-500ml 0.8170372843742371 617 428 669 612
wdm-spjbsc-500ml 0.779301643371582 566 423 622 609
wdm-wjxjy-500ml 0.8117217421531677 325 418 387 605
wdm-spjbsc-500ml 0.7831008434295654 504 417 568 607
lyx-tjyzjy-500ml 0.7640858888626099 212 404 271 597
lyx-tjyzjy-500ml 0.7553578019142151 158 404 217 592
lyx-tjyzjy-500ml 0.8069190979003906 102 398 160 588
lyx-tjyzjy-500ml 0.8014253973960876 45 396 104 590
