cbl-hdj-900g 0.7890877723693848 1473 2313 1654 2560
cbl-hdj-900g 0.8574371337890625 1335 2280 1496 2560
cbl-hdj-900g 0.8112200498580933 1217 2244 1366 2539
wdm-spjbsc-500ml 0.7747162580490112 1701 1862 1850 2308
wdm-spjbsc-500ml 0.8822529315948486 1564 1843 1717 2272
wdm-spjbsc-500ml 0.8757948279380798 1445 1810 1585 2228
wdm-spjbsc-500ml 0.8759551048278809 1333 1773 1467 2178
wdm-spjbsc-500ml 0.8873117566108704 1222 1753 1352 2133
wdm-spjbsc-500ml 0.8204870820045471 1112 1729 1241 2108
wdm-qxmc-460ml 0.7729520201683044 1009 1702 1133 2085
wdm-qxmc-460ml 0.7944444417953491 919 1681 1039 2041
wdm-qxmc-460ml 0.7860552072525024 738 1632 868 1989
wdm-cxhy-510g 0.8132761716842651 1192 1176 1326 1657
wdm-cxhy-510g 0.8068665266036987 1088 1177 1217 1640
wdm-cxhy-510g 0.8109978437423706 987 1168 1119 1615
wdm-btlcjy-500ml 0.8491510152816772 520 1149 664 1539
wdm-wjxjy-500ml 0.7774320840835571 1469 454 1667 1098
wdm-wjxjy-800ml 0.8920620679855347 607 467 806 1072
wdm-wjxjy-800ml 0.9197807312011719 860 440 1059 1085
wdm-wjxjy-800ml 0.8978704214096069 1000 420 1204 1082
