cbl-lyxdbj-300g 0.8761657476425171 997 1657 1143 1811
cbl-lyxdbj-300g 0.8931720852851868 871 1638 1018 1791
cbl-hdj-900g 0.9055160284042358 1355 1577 1524 1906
cbl-hdj-900g 0.9283380508422852 1238 1570 1383 1881
cbl-lyxtmj-300g 0.9395118355751038 673 1618 792 1749
cbl-hdj-900g 0.9290224313735962 1130 1559 1263 1852
cbl-lyxdbj-300g 0.8897794485092163 984 1531 1152 1701
cbl-lyxdbj-300g 0.9040907621383667 869 1512 1023 1672
cbl-lyxtmj-300g 0.9155669808387756 668 1517 796 1648
cbl-lyxdbj-300g 0.9388760328292847 263 1457 371 1572
cbl-lyxdbj-300g 0.9184902310371399 342 1470 449 1581
cbl-lyxdbj-300g 0.8965555429458618 617 1376 743 1497
cbl-lyxdbj-300g 0.9269165992736816 323 1358 452 1477
wdm-wjxjy-800ml 0.8591708540916443 530 563 627 942
wdm-wjxjy-800ml 0.8625568151473999 606 549 705 935
wdm-wjxjy-800ml 0.858296811580658 680 534 780 932
wdm-wjxjy-800ml 0.8868486881256104 762 516 868 924
wdm-wjxjy-800ml 0.9060341119766235 847 494 961 920
wdm-wjxjy-800ml 0.9004611968994141 937 468 1054 909
wdm-wjxjy-800ml 0.8991897106170654 1032 442 1158 905
wdm-wjxjy-800ml 0.8612598180770874 1233 397 1380 893
wdm-wjxjy-800ml 0.9115598201751709 1354 383 1516 899
