wdm-wjxjy-500ml 0.7669031023979187 578 885 655 1114
wdm-wjxjy-500ml 0.7477883696556091 520 884 597 1112
wdm-wjxjy-500ml 0.8114312887191772 694 867 783 1102
wdm-wjxjy-500ml 0.832073450088501 634 881 719 1114
wdm-wjxjy-800ml 0.9054361581802368 921 850 1008 1110
wdm-wjxjy-800ml 0.8194036483764648 854 846 940 1110
wdm-wjxjy-800ml 0.7800524234771729 783 846 874 1107
wdm-wjxjy-800ml 0.8481531143188477 991 849 1083 1107
wdm-wjxjy-1L 0.9111559391021729 1111 850 1201 1089
wdm-wjxjy-1L 0.9488481879234314 1263 846 1352 1089
wdm-wjxjy-1L 0.9370120167732239 1188 847 1273 1086
wdm-wjxjy-1L 0.93778395652771 1344 843 1431 1089
wdm-wjxjy-1L 0.9178641438484192 1417 845 1509 1088
wdm-spjbsc-500ml 0.80103999376297 1744 526 1829 789
wdm-spjbsc-500ml 0.8474932312965393 1814 523 1901 786
