cbl-lyxdbj-300g 0.8980720043182373 1442 1275 1526 1349
cbl-lyxdbj-300g 0.7911723852157593 1346 1258 1459 1356
cbl-lyxdbj-300g 0.8263040781021118 1440 1215 1523 1291
cbl-hdj-900g 0.841870903968811 907 1175 998 1344
wdm-wjxjy-1L 0.8230238556861877 1158 835 1233 1043
wdm-wjxjy-1L 0.8915621042251587 1059 831 1138 1040
wdm-wjxjy-1L 0.8736100792884827 970 822 1047 1034
wdm-wjxjy-1L 0.9019172191619873 893 815 969 1030
wdm-wjxjy-1L 0.8874237537384033 817 814 897 1028
wdm-wjxjy-800ml 0.8694183826446533 712 797 788 1016
wdm-wjxjy-800ml 0.8922003507614136 635 789 712 1013
wdm-wjxjy-800ml 0.8972682952880859 551 783 632 1012
wdm-wjxjy-800ml 0.8467395305633545 479 780 563 1009
wdm-wjxjy-800ml 0.8534570932388306 384 772 474 1000
wdm-wjxjy-800ml 0.8296419382095337 300 768 390 997
