wdm-wjxjy-1L 0.8740006685256958 389 1942 543 2420
wdm-wjxjy-800ml 0.9064797163009644 145 1870 318 2341
wdm-wjxjy-1L 0.9080733060836792 496 1957 670 2456
wdm-wjxjy-800ml 0.9060830473899841 675 1822 818 2294
wdm-wjxjy-800ml 0.8743254542350769 832 1727 961 2166
wdm-wjxjy-500ml 0.8259334564208984 276 1253 415 1730
wdm-wjxjy-800ml 0.8565685153007507 92 1160 251 1670
wdm-wjxjy-500ml 0.8009364008903503 694 1172 819 1585
wdm-wjxjy-500ml 0.8027341961860657 496 1238 652 1697
wdm-wjxjy-1L 0.7664368152618408 1160 578 1255 953
wdm-wjxjy-1L 0.7875648736953735 1270 575 1364 935
wdm-wjxjy-1.8L 0.7970613837242126 280 500 562 1112
