wdm-wjxjy-500ml 0.7202966213226318 685 843 732 982
wdm-wjxjy-800ml 0.8667161464691162 243 723 309 925
wdm-wjxjy-800ml 0.8812463879585266 299 718 362 916
wdm-wjxjy-800ml 0.8901963233947754 352 712 411 902
wdm-wjxjy-800ml 0.7701232433319092 402 708 457 888
wdm-wjxjy-800ml 0.7330414056777954 443 706 495 879
wdm-wjxjy-800ml 0.7293456196784973 617 688 662 839
wdm-wjxjy-800ml 0.6969305872917175 683 675 725 822
wdm-wjxjy-500ml 0.7440761923789978 731 678 770 811
wdm-wjxjy-500ml 0.7839897871017456 276 521 332 698
wdm-wjxjy-500ml 0.7643119096755981 223 518 285 701
wdm-wjxjy-500ml 0.7671626806259155 402 522 447 683
wdm-wjxjy-500ml 0.7386491298675537 364 522 412 687
wdm-wjxjy-500ml 0.7698615789413452 321 521 373 692
lyx-tjyzjy-500ml 0.7550315260887146 591 519 630 665
lyx-tjyzjy-500ml 0.7753704786300659 620 519 662 660
wdm-spjbsc-500ml 0.750640869140625 431 325 478 494
wdm-spjbsc-500ml 0.7634586095809937 396 324 442 493
wdm-spjbsc-500ml 0.7235853672027588 322 316 375 491
wdm-spjbsc-500ml 0.6841379404067993 280 308 334 487
