wdm-wjxjy-500ml 0.7774572372436523 1192 552 1300 836
wdm-wjxjy-1L 0.734321653842926 785 536 888 795
wdm-wjxjy-1L 0.6509242653846741 695 533 795 809
wdm-wjxjy-1L 0.6673638820648193 979 532 1085 793
wdm-wjxjy-1L 0.7617878913879395 596 538 701 839
wdm-wjxjy-1L 0.8833751678466797 126 535 243 850
wdm-wjxjy-1L 0.8664437532424927 216 540 325 836
wdm-wjxjy-1L 0.8901157379150391 502 539 606 838
wdm-wjxjy-1L 0.6766678094863892 885 534 990 790
wdm-wjxjy-1L 0.7067761421203613 1075 523 1190 805
wdm-wjxjy-1L 0.8699295520782471 412 541 517 832
wdm-wjxjy-1L 0.7620678544044495 322 540 428 823
wdm-wjxjy-1.8L 0.7175765037536621 494 165 630 450
wdm-wjxjy-1.8L 0.7355727553367615 365 168 506 443
wdm-wjxjy-1.8L 0.7980197668075562 226 158 372 444
