wdm-wjxjy-800ml 0.9232138395309448 404 1594 543 2002
wdm-wjxjy-1L 0.9060445427894592 871 1592 995 1977
wdm-wjxjy-800ml 0.9239517450332642 526 1590 658 1996
wdm-wjxjy-1L 0.9000409841537476 980 1596 1101 1976
wdm-wjxjy-800ml 0.9227749109268188 644 1587 775 1991
wdm-wjxjy-800ml 0.9115065336227417 764 1582 888 1979
wdm-wjxjy-1L 0.9043147563934326 1084 1588 1203 1966
wdm-wjxjy-1L 0.8984174132347107 1186 1576 1309 1960
wdm-wjxjy-800ml 0.9135777354240417 691 1164 814 1539
wdm-wjxjy-800ml 0.9223123788833618 472 1167 592 1547
wdm-wjxjy-800ml 0.9076244235038757 363 1166 484 1543
wdm-wjxjy-800ml 0.9204769134521484 585 1165 702 1541
wdm-btlcjy-1L 0.8376588225364685 1124 1169 1241 1519
wdm-btlcjy-1L 0.8775458931922913 1226 1163 1348 1516
wdm-spjbsc-500ml 0.8993134498596191 1150 770 1254 1125
wdm-spjbsc-500ml 0.8538880944252014 1060 769 1165 1133
wdm-wjxjy-500ml 0.8297368288040161 866 767 975 1125
wdm-spjbsc-500ml 0.8641817569732666 1238 765 1341 1121
wdm-wjxjy-500ml 0.8784029483795166 768 766 876 1120
wdm-wjxjy-500ml 0.8408246040344238 669 761 778 1122
wdm-wjxjy-500ml 0.8389850854873657 569 756 676 1121
wdm-wjxjy-500ml 0.8669763207435608 466 746 574 1118
wdm-qxmc-460ml 0.8418320417404175 1436 354 1535 708
wdm-wjxjy-500ml 0.8418963551521301 578 343 677 673
wdm-btlcjy-500ml 0.8316740989685059 1052 338 1164 691
wdm-btlcjy-500ml 0.8956783413887024 953 327 1064 682
wdm-btlcjy-500ml 0.900907576084137 852 318 965 674
