wdm-cxmc-1.3L 0.7390165328979492 789 882 920 1154
wdm-cxmc-1.3L 0.7024791240692139 702 856 820 1112
wdm-cxmc-1.3L 0.6702450513839722 615 833 725 1082
wdm-cxmc-1.3L 0.6231409311294556 478 800 582 1027
wdm-cxmc-1.3L 0.6659066081047058 408 780 506 1004
wdm-wjxjy-1.3L 0.7100571393966675 467 526 559 760
wdm-wjxjy-1.3L 0.7433528900146484 384 510 481 746
wdm-btlcjy-1L 0.6455371379852295 201 494 255 698
wdm-btlcjy-1L 0.6551039814949036 158 489 215 690
lyx-tjjy-500ml 0.671349048614502 259 246 324 459
lyx-tjyzjy-500ml 0.822098970413208 425 235 491 468
lyx-tjyzjy-500ml 0.813605785369873 375 242 440 466
wdm-wjxjy-1.8L 0.6452049016952515 606 25 683 158
wdm-wjxjy-1.8L 0.6278781890869141 353 6 435 179
