wdm-wjxjy-1.3L 0.7557039856910706 834 970 917 1150
wdm-wjxjy-1.3L 0.75965815782547 905 953 987 1134
wdm-wjxjy-1.3L 0.7459082007408142 970 943 1048 1117
wdm-wjxjy-1.3L 0.7451595067977905 1034 933 1107 1105
wdm-wjxjy-1.3L 0.7695564031600952 1090 923 1162 1090
wdm-wjxjy-1.3L 0.7324756979942322 1145 910 1211 1074
wdm-wjxjy-500ml 0.7653478384017944 732 784 785 959
wdm-wjxjy-800ml 0.7250818014144897 781 774 840 953
wdm-wjxjy-1L 0.8021289110183716 866 750 928 940
wdm-wjxjy-1L 0.8567310571670532 914 736 976 933
wdm-wjxjy-800ml 0.7453715205192566 967 725 1026 918
wdm-wjxjy-500ml 0.7465410232543945 1014 715 1071 911
wdm-wjxjy-500ml 0.8149394989013672 1060 707 1119 903
wdm-wjxjy-500ml 0.7709897756576538 1112 700 1167 891
wdm-wjxjy-500ml 0.782375693321228 1154 696 1209 884
wdm-wjxjy-500ml 0.7392095327377319 1201 694 1253 875
wdm-wjxjy-500ml 0.7363754510879517 1242 687 1295 867
wdm-wjxjy-500ml 0.7503137588500977 1328 684 1381 852
wdm-btlcjy-500ml 0.85588139295578 730 528 785 720
wdm-btlcjy-500ml 0.7802920341491699 689 535 742 726
wdm-btlcjy-500ml 0.7893806099891663 828 525 885 709
wdm-btlcjy-500ml 0.8382474780082703 778 525 837 713
wdm-wjxjy-800ml 0.738410472869873 1162 47 1216 243
wdm-wjxjy-800ml 0.7699790596961975 1304 46 1363 250
wdm-wjxjy-500ml 0.7193583250045776 874 34 933 236
wdm-wjxjy-800ml 0.7460120916366577 1073 33 1130 237
wdm-wjxjy-800ml 0.821963369846344 981 28 1042 235
wdm-wjxjy-800ml 0.791458010673523 922 26 986 234
