cbl-hdj-900g 0.9061670303344727 1611 1769 1811 2148
cbl-hdj-900g 0.9217779040336609 1479 1729 1658 2129
cbl-lyxdbj-300g 0.857988715171814 1094 1758 1238 1923
cbl-lyxdbj-300g 0.9516456127166748 1314 1723 1511 1923
cbl-lyxdbj-300g 0.8183027505874634 1062 1605 1224 1787
cbl-lyxdbj-300g 0.9436864256858826 1201 1575 1382 1744
wdm-wjxjy-500ml 0.8155884742736816 1274 1097 1407 1515
wdm-wjxjy-1L 0.919682502746582 1619 1051 1852 1643
wdm-wjxjy-500ml 0.8161430954933167 1174 1081 1306 1502
wdm-wjxjy-500ml 0.8159970641136169 969 1075 1077 1444
wdm-wjxjy-800ml 0.8691655397415161 971 578 1086 1002
wdm-wjxjy-800ml 0.8637197613716125 1062 554 1192 1000
wdm-wjxjy-800ml 0.8396695256233215 1161 520 1304 998
wdm-wjxjy-1L 0.8545320630073547 1362 454 1569 1001
wdm-wjxjy-1L 0.9263789057731628 1613 389 1850 1005
