cbl-hdj-900g 0.865251898765564 229 1309 419 1611
cbl-hdj-900g 0.9310368299484253 393 1305 571 1570
cbl-hdj-900g 0.9195526838302612 545 1289 705 1559
cbl-hdj-900g 0.9375211596488953 708 1280 863 1546
cbl-hdj-900g 0.9354261755943298 850 1270 1004 1536
cbl-hdj-900g 0.9011646509170532 983 1258 1136 1531
cbl-hdj-900g 0.9228383898735046 181 1018 374 1290
cbl-hdj-900g 0.9109175205230713 356 1005 537 1291
cbl-hdj-900g 0.8860980272293091 517 1005 692 1272
cbl-hdj-900g 0.8977489471435547 691 1000 852 1244
cbl-hdj-900g 0.8990820050239563 831 991 996 1241
cbl-hdj-900g 0.920145571231842 972 986 1145 1235
cbl-hdj-900g 0.9179856777191162 494 645 683 964
cbl-hdj-900g 0.9348706007003784 837 653 1006 943
cbl-hdj-900g 0.9117029905319214 673 649 862 953
cbl-hdj-900g 0.9137011170387268 303 646 517 977
