wdm-wjxjy-800ml 0.7361479997634888 919 785 981 970
wdm-wjxjy-800ml 0.6723295450210571 810 706 871 874
wdm-wjxjy-800ml 0.7935984134674072 404 647 467 837
wdm-wjxjy-800ml 0.8088077306747437 460 651 536 854
wdm-cxhy-510g 0.6764585971832275 932 516 998 747
wdm-wjxjy-500ml 0.7235414981842041 885 497 944 716
wdm-wjxjy-500ml 0.7867947220802307 841 482 899 693
wdm-wjxjy-500ml 0.6758396625518799 787 457 843 651
wdm-wjxjy-800ml 0.7861452102661133 668 386 729 573
wdm-wjxjy-800ml 0.8190461993217468 712 404 775 595
wdm-spjbsc-500ml 0.7306872606277466 864 207 939 446
wdm-spjbsc-500ml 0.7121601104736328 814 192 880 414
wdm-wjxjy-500ml 0.7457574605941772 686 161 738 365
wdm-wjxjy-500ml 0.7327157258987427 639 156 694 351
wdm-btlcjy-500ml 0.7563604116439819 743 172 803 386
