wdm-wjxjy-800ml 0.8920015096664429 1265 1948 1414 2306
wdm-wjxjy-800ml 0.8663654923439026 1152 1912 1294 2258
wdm-wjxjy-800ml 0.8966548442840576 1055 1875 1189 2210
wdm-wjxjy-800ml 0.8701062202453613 929 1820 1066 2152
wdm-wjxjy-800ml 0.9009384512901306 839 1812 967 2126
wdm-wjxjy-800ml 0.8678700923919678 676 1754 789 2049
wdm-wjxjy-800ml 0.8782530426979065 576 1725 698 2015
wdm-wjxjy-800ml 0.8644771575927734 1443 1393 1607 1858
wdm-wjxjy-800ml 0.9017118215560913 1322 1377 1472 1829
wdm-wjxjy-800ml 0.8818787336349487 1209 1360 1358 1801
wdm-wjxjy-800ml 0.8583992719650269 728 1291 863 1664
wdm-wjxjy-800ml 0.8678473234176636 411 1241 538 1582
wdm-wjxjy-800ml 0.9348684549331665 734 875 855 1208
wdm-wjxjy-800ml 0.9028798341751099 1363 856 1506 1271
wdm-wjxjy-800ml 0.8988223671913147 820 871 937 1217
wdm-wjxjy-800ml 0.9235005974769592 639 875 760 1197
wdm-wjxjy-800ml 0.9339528679847717 1250 858 1389 1260
wdm-wjxjy-800ml 0.9325672388076782 1130 857 1265 1253
wdm-wjxjy-800ml 0.8432210683822632 904 865 1031 1226
wdm-wjxjy-800ml 0.8703646659851074 474 429 602 835
wdm-wjxjy-800ml 0.9089832305908203 680 399 822 835
wdm-wjxjy-800ml 0.8676679134368896 1038 329 1195 819
wdm-wjxjy-800ml 0.907118558883667 1184 293 1337 810
wdm-wjxjy-800ml 0.9125453233718872 1309 268 1455 805
wdm-wjxjy-800ml 0.8991984724998474 1423 243 1584 803
wdm-wjxjy-800ml 0.906701922416687 1546 223 1728 788
