cbl-lyxdbj-300g 0.872671365737915 849 867 945 950
cbl-lyxdbj-300g 0.8618447780609131 769 864 856 945
cbl-lyxtmj-300g 0.7548391819000244 1618 826 1701 940
cbl-lyxdbj-300g 0.9154571294784546 768 799 860 881
cbl-lyxdbj-300g 0.8710436224937439 849 793 945 880
cbl-lyxdbj-300g 0.8930375576019287 782 731 877 812
wdm-wjxjy-800ml 0.7405441999435425 911 432 987 690
wdm-qxmc-460ml 0.7201210260391235 437 433 509 681
wdm-wjxjy-800ml 0.8463884592056274 846 424 922 694
wdm-qxmc-460ml 0.8064634203910828 376 428 448 682
wdm-qxmc-460ml 0.7865320444107056 317 427 392 681
wdm-wjxjy-800ml 0.7997632026672363 780 420 860 692
