wdm-btlcjy-500ml 0.8483487367630005 986 660 1077 890
wdm-btlcjy-500ml 0.8877445459365845 930 657 1010 879
wdm-btlcjy-500ml 0.7446024417877197 829 638 902 865
wdm-spjbsc-500ml 0.7126867771148682 597 613 660 825
wdm-wjxjy-1.3L 0.7645515203475952 1029 357 1134 622
wdm-wjxjy-1.3L 0.7388283014297485 1120 352 1242 631
wdm-wjxjy-1.3L 0.7672263979911804 943 355 1043 619
wdm-wjxjy-500ml 0.7804684638977051 513 367 571 570
wdm-wjxjy-500ml 0.8125107288360596 558 362 619 579
wdm-wjxjy-500ml 0.7539091110229492 395 363 449 558
wdm-wjxjy-500ml 0.7324318885803223 471 368 527 563
wdm-wjxjy-800ml 0.7861262559890747 876 342 961 609
wdm-wjxjy-500ml 0.7480155825614929 352 361 408 557
wdm-wjxjy-500ml 0.6998570561408997 606 348 673 582
wdm-wjxjy-800ml 0.7923954129219055 820 342 898 605
wdm-wjxjy-800ml 0.7902259826660156 763 342 838 601
wdm-wjxjy-800ml 0.7734338045120239 657 338 732 590
