cbl-lyxdbj-300g 0.889369010925293 1087 1855 1251 2009
cbl-lhdj-900g 0.8366397023200989 1615 1809 1775 2062
cbl-lhdj-900g 0.9344739317893982 1474 1801 1630 2049
cbl-lhdj-900g 0.8381531238555908 1352 1774 1511 2032
cbl-lyxdbj-300g 0.9186005592346191 1092 1735 1254 1899
cbl-lyxdbj-300g 0.9136523008346558 943 1733 1107 1906
wdm-wjxjy-800ml 0.7670390009880066 1168 677 1313 1096
wdm-wjxjy-800ml 0.8465526700019836 755 109 887 553
wdm-wjxjy-800ml 0.8808006644248962 647 97 772 543
wdm-wjxjy-800ml 0.8653786182403564 540 99 665 539
wdm-wjxjy-800ml 0.8593818545341492 217 96 350 542
wdm-wjxjy-800ml 0.8553451895713806 436 97 560 541
wdm-wjxjy-800ml 0.830650806427002 323 94 450 541
wdm-wjxjy-800ml 0.8294461965560913 111 97 241 542
wdm-wjxjy-500ml 0.7751549482345581 972 66 1123 556
