lyx-tjjy-500ml 0.8852101564407349 322 570 396 807
lyx-tjjy-500ml 0.8122307062149048 253 570 327 808
lyx-tjjy-500ml 0.8131605386734009 529 570 601 799
lyx-tjjy-500ml 0.859606146812439 463 568 533 801
lyx-tjjy-500ml 0.8497434258460999 391 568 469 805
lyx-tjyzjy-500ml 0.7126100063323975 527 312 591 527
lyx-tjyzjy-500ml 0.7071260213851929 395 300 464 529
lyx-tjyzjy-500ml 0.6679123640060425 253 298 332 529
lyx-tjyzjy-500ml 0.7481955289840698 327 298 399 528
lyx-tjyzjy-500ml 0.7298705577850342 463 299 530 526
