wdm-btlcjy-1L 0.7758004069328308 590 1390 747 1840
wdm-cxhy-510g 0.817603588104248 909 1351 1035 1748
wdm-cxhy-510g 0.8703110218048096 1001 1328 1126 1719
wdm-qxmc-460ml 0.7736889719963074 1157 1276 1275 1669
wdm-spjbsc-500ml 0.7952795028686523 1256 1268 1373 1665
wdm-spjbsc-500ml 0.8285808563232422 1406 1236 1511 1605
wdm-spjbsc-500ml 0.7940220832824707 1486 1228 1599 1590
wdm-wjxjy-500ml 0.7252549529075623 829 814 970 1264
wdm-wjxjy-800ml 0.7384717464447021 938 803 1072 1235
wdm-wjxjy-1L 0.8495585918426514 513 778 725 1337
wdm-wjxjy-1L 0.8516404628753662 679 773 860 1281
wdm-btlcjy-1L 0.8142945766448975 211 760 424 1354
wdm-wjxjy-800ml 0.9257320165634155 1041 771 1182 1215
wdm-wjxjy-800ml 0.9203258752822876 1150 763 1281 1206
wdm-wjxjy-800ml 0.9095327854156494 1262 744 1408 1192
wdm-wjxjy-800ml 0.8240302801132202 1278 153 1448 683
