wdm-wjxjy-1.8L 0.7169325947761536 923 1615 1111 2014
wdm-wjxjy-1.3L 0.6939361095428467 794 1573 960 1947
wdm-wjxjy-1.3L 0.7496975660324097 686 1536 830 1884
wdm-cxhy-510g 0.8663753271102905 1569 1409 1751 1848
wdm-cxhy-510g 0.8241786956787109 1378 1354 1529 1789
wdm-btlcjy-1L 0.7887609004974365 1015 1224 1154 1633
wdm-btlcjy-1L 0.863274097442627 917 1200 1040 1592
wdm-wjxjy-800ml 0.8168356418609619 826 1182 943 1551
wdm-wjxjy-800ml 0.7954651117324829 746 1150 864 1516
wdm-spjbsc-500ml 0.8258950710296631 1010 796 1134 1199
wdm-spjbsc-500ml 0.7937761545181274 926 786 1035 1171
wdm-wjxjy-500ml 0.6731359958648682 624 337 730 699
wdm-wjxjy-500ml 0.7959781289100647 535 335 635 700
wdm-wjxjy-500ml 0.748081624507904 465 329 561 695
