wdm-wjxjy-500ml 0.741117000579834 1760 1029 1913 1502
wdm-wjxjy-500ml 0.7972962856292725 1621 1037 1773 1468
wdm-wjxjy-1.3L 0.7243245840072632 345 1058 459 1378
wdm-wjxjy-800ml 0.7680690884590149 1485 1020 1637 1478
wdm-wjxjy-1L 0.8019952774047852 704 1041 813 1408
wdm-wjxjy-1L 0.8585501313209534 630 1049 734 1402
wdm-wjxjy-800ml 0.820565938949585 786 1033 894 1415
wdm-wjxjy-800ml 0.8834881782531738 864 1022 976 1423
wdm-wjxjy-800ml 0.905874490737915 953 1013 1072 1433
wdm-wjxjy-800ml 0.888795018196106 1046 1011 1166 1432
wdm-wjxjy-800ml 0.9131383895874023 1146 1004 1272 1433
wdm-wjxjy-800ml 0.9094232320785522 1253 997 1393 1455
wdm-wjxjy-800ml 0.9226076602935791 1363 988 1518 1473
