wdm-wjxjy-500ml 0.8137102127075195 149 1223 257 1547
wdm-wjxjy-500ml 0.8579831123352051 242 1222 349 1551
wdm-wjxjy-500ml 0.8167746663093567 329 1200 442 1546
wdm-wjxjy-1L 0.8847256898880005 889 1132 1027 1536
wdm-wjxjy-1L 0.889397144317627 1012 1134 1143 1526
wdm-wjxjy-1L 0.9147303700447083 1126 1130 1264 1523
wdm-wjxjy-1L 0.9181113243103027 1239 1127 1370 1517
wdm-btlcjy-1L 0.8643257021903992 1353 1127 1489 1515
wdm-btlcjy-1L 0.8605319857597351 1570 1123 1710 1516
wdm-wjxjy-800ml 0.9209804534912109 447 1108 583 1543
wdm-btlcjy-1L 0.8921037316322327 1457 1123 1595 1515
wdm-wjxjy-800ml 0.9027203321456909 672 1111 802 1538
wdm-wjxjy-800ml 0.9027016758918762 564 1109 693 1539
wdm-wjxjy-800ml 0.8872828483581543 785 1104 912 1529
wdm-btlcjy-500ml 0.8824951648712158 1731 655 1862 1031
wdm-wjxjy-500ml 0.8121255040168762 1436 654 1555 1038
wdm-btlcjy-500ml 0.8859474658966064 1632 649 1760 1033
wdm-wjxjy-500ml 0.8097615838050842 1229 647 1348 1029
wdm-spjbsc-500ml 0.8483330011367798 1025 634 1148 1032
wdm-spjbsc-500ml 0.8783353567123413 921 627 1044 1033
