cbl-hdj-900g 0.9449357986450195 1173 1443 1329 1750
cbl-hdj-900g 0.9451246857643127 1052 1435 1198 1723
cbl-hdj-900g 0.9410794973373413 938 1427 1072 1707
cbl-lhdj-900g 0.8843786716461182 826 1412 959 1693
cbl-lhdj-900g 0.913340151309967 717 1405 849 1680
cbl-lyxdbj-300g 0.9256507754325867 1676 952 1870 1107
cbl-lyxdbj-300g 0.9362998008728027 1512 944 1695 1103
cbl-lyxdbj-300g 0.8961144685745239 1350 939 1519 1096
cbl-lyxtmj-300g 0.9187774658203125 1044 936 1208 1073
cbl-lyxtmj-300g 0.9327232241630554 902 935 1056 1072
cbl-lyxdbj-300g 0.8931312561035156 1361 820 1527 964
cbl-lyxdbj-300g 0.9545599222183228 1688 819 1884 982
cbl-lyxdbj-300g 0.9220508337020874 1522 815 1702 970
cbl-lyxdbj-300g 0.8851346969604492 1202 816 1365 955
cbl-lyxtmj-300g 0.9071117639541626 1049 814 1218 956
cbl-lyxtmj-300g 0.9250393509864807 903 813 1065 950
