cbl-lyxtmj-300g 0.8816484212875366 1138 1720 1328 1913
cbl-lyxtmj-300g 0.9056037664413452 989 1697 1171 1877
cbl-lyxtmj-300g 0.907637894153595 850 1670 1022 1836
cbl-lyxtmj-300g 0.8595778942108154 726 1650 883 1816
cbl-lyxtmj-300g 0.8638917803764343 1310 1605 1518 1801
cbl-lyxtmj-300g 0.900101900100708 1143 1580 1341 1770
cbl-lyxtmj-300g 0.9062454104423523 994 1560 1181 1737
cbl-lyxtmj-300g 0.8952116966247559 856 1545 1028 1708
cbl-lyxtmj-300g 0.8614615201950073 726 1525 886 1687
cbl-lyxdbj-300g 0.8675164580345154 763 1306 933 1463
cbl-lyxdbj-300g 0.8612073659896851 635 1308 784 1453
cbl-lyxdbj-300g 0.8860405683517456 526 1300 665 1440
cbl-lyxdbj-300g 0.9007689952850342 401 1295 549 1430
cbl-lyxdbj-300g 0.9340804815292358 636 1184 792 1329
cbl-lyxdbj-300g 0.8995380401611328 398 1184 548 1316
cbl-lyxdbj-300g 0.9233604073524475 524 1185 661 1316
cbl-lyxdbj-300g 0.9465328454971313 774 1179 940 1331
cbl-lyxtmj-300g 0.8653519749641418 515 273 754 496
