wdm-wjxjy-1L 0.7425835728645325 898 826 964 983
wdm-wjxjy-1L 0.6607314348220825 846 820 912 977
lyx-hsjy-1L 0.6158543229103088 518 651 585 818
lyx-hsjy-1L 0.6605767607688904 461 650 525 816
wdm-wjxjy-800ml 0.8558927774429321 945 648 1022 818
wdm-wjxjy-800ml 0.8832826614379883 885 649 962 818
lyx-tjjy-1L 0.6316294074058533 404 643 467 815
lyx-tjjy-500ml 0.7626843452453613 673 413 737 611
lyx-tjjy-500ml 0.8253991007804871 613 410 677 614
lyx-tjjy-500ml 0.7633152008056641 566 410 628 614
lyx-tjyzjy-500ml 0.8134331703186035 508 406 572 614
lyx-tjyzjy-500ml 0.7422451972961426 451 407 511 609
lyx-tjyzjy-500ml 0.635279655456543 202 395 264 605
lyx-tjyzjy-500ml 0.6318960189819336 747 159 814 367
lyx-tjyzjy-500ml 0.6477446556091309 794 155 870 376
