wdm-wjxjy-1L 0.9387056827545166 974 1757 1142 2178
wdm-wjxjy-1L 0.9300470948219299 871 1703 1022 2120
wdm-wjxjy-1L 0.7925634384155273 778 1648 911 2031
wdm-wjxjy-1.8L 0.7355490922927856 1321 1466 1588 1937
wdm-wjxjy-800ml 0.8483965396881104 1192 1367 1359 1690
wdm-wjxjy-800ml 0.9120504856109619 993 1311 1153 1683
wdm-wjxjy-800ml 0.8345341682434082 890 1267 1023 1621
wdm-wjxjy-800ml 0.852380096912384 784 1230 921 1588
wdm-wjxjy-800ml 0.8522107601165771 687 1196 814 1547
wdm-btlcjy-1L 0.7450224161148071 1187 658 1434 1265
wdm-spjbsc-500ml 0.8177584409713745 824 607 986 1150
wdm-spjbsc-500ml 0.7613636255264282 703 596 861 1123
wdm-btlcjy-500ml 0.8170773983001709 503 545 648 1042
wdm-btlcjy-500ml 0.7869178056716919 1596 0 1833 579
