wdm-wjxjy-800ml 0.9122890830039978 1509 983 1740 1658
wdm-wjxjy-800ml 0.9570438265800476 1334 969 1570 1682
wdm-wjxjy-1L 0.8041360378265381 805 969 941 1438
wdm-wjxjy-800ml 0.853225827217102 967 951 1144 1516
cbl-lyxdbj-300g 0.8401520252227783 714 541 838 696
cbl-lyxdbj-300g 0.8246840238571167 808 506 974 684
cbl-lyxdbj-300g 0.9123328328132629 933 480 1176 673
cbl-lyxdbj-300g 0.8129907846450806 706 383 850 553
cbl-lyxdbj-300g 0.8691142797470093 818 346 983 539
cbl-hdj-900g 0.9184659719467163 1143 199 1377 651
cbl-hdj-900g 0.9261256456375122 1480 68 1811 636
