wdm-wjxjy-800ml 0.7434661388397217 178 3015 540 3787
wdm-wjxjy-800ml 0.8344439268112183 497 3012 831 3721
wdm-wjxjy-800ml 0.8592314720153809 798 2985 1131 3659
wdm-wjxjy-800ml 0.8094236254692078 1074 2929 1444 3654
wdm-wjxjy-800ml 0.8585923910140991 507 1576 889 2747
wdm-wjxjy-800ml 0.7855792045593262 95 1510 511 2764
wdm-wjxjy-800ml 0.8630777597427368 830 1556 1199 2725
wdm-wjxjy-800ml 0.8591269254684448 1127 1534 1512 2702
wdm-wjxjy-1.8L 0.6776617765426636 1026 0 1770 1590
wdm-wjxjy-1.8L 0.6355944275856018 0 0 672 1509
wdm-wjxjy-1.8L 0.6611363887786865 481 0 1158 1518
