wdm-btlcjy-1L 0.6966158151626587 881 565 984 866
lyx-hsjy-1L 0.7007350921630859 555 566 658 845
lyx-hsjy-1L 0.7460700869560242 642 557 748 848
lyx-hsjy-1L 0.6956026554107666 471 557 576 834
lyx-hsjy-500ml 0.648725152015686 854 235 948 530
lyx-hsjy-500ml 0.6271184682846069 949 235 1057 520
lyx-tjjy-500ml 0.7561405301094055 491 238 583 527
lyx-tjjy-500ml 0.69846111536026 409 243 497 523
lyx-tjjy-500ml 0.6275249719619751 326 237 414 515
lyx-hsjy-500ml 0.6956350207328796 670 233 762 525
lyx-hsjy-500ml 0.7015531659126282 761 233 854 527
lyx-tjjy-500ml 0.7422927618026733 576 231 667 522
