wdm-wjxjy-1L 0.7542878985404968 1091 1783 1195 2050
wdm-spjbsc-500ml 0.7377990484237671 448 1606 594 2052
wdm-spjbsc-500ml 0.7684728503227234 552 1574 685 2000
wdm-spjbsc-500ml 0.7687841653823853 648 1552 775 1951
wdm-wjxjy-800ml 0.7958014011383057 1004 1386 1135 1778
wdm-wjxjy-800ml 0.7519199848175049 1162 1345 1293 1710
wdm-cxhy-510g 0.7201555371284485 518 960 652 1444
wdm-wjxjy-500ml 0.8021679520606995 825 939 957 1392
wdm-wjxjy-500ml 0.7611793279647827 939 922 1068 1356
wdm-wjxjy-800ml 0.861108660697937 1135 842 1280 1313
wdm-wjxjy-800ml 0.7347610592842102 1360 823 1478 1239
wdm-wjxjy-1L 0.866330623626709 1290 260 1447 748
