wdm-wjxjy-1L 0.9080418348312378 610 1702 728 2034
wdm-wjxjy-1L 0.8294850587844849 713 1702 825 2029
wdm-wjxjy-1L 0.8947824835777283 807 1694 922 2021
wdm-btlcjy-1L 0.8560834527015686 1077 1669 1183 1985
wdm-btlcjy-1L 0.8601826429367065 1165 1665 1267 1972
wdm-btlcjy-1L 0.8256417512893677 1251 1655 1354 1953
wdm-btlcjy-1L 0.8043435215950012 1330 1653 1443 1943
wdm-wjxjy-500ml 0.8192201852798462 657 1328 755 1642
wdm-wjxjy-500ml 0.7980010509490967 742 1322 843 1634
wdm-btlcjy-1L 0.8657275438308716 1383 1266 1501 1598
wdm-cxhy-510g 0.8260400295257568 977 811 1079 1156
wdm-qxmc-460ml 0.8776329755783081 812 786 919 1153
wdm-qxmc-460ml 0.8624789118766785 722 776 829 1152
wdm-spjbsc-500ml 0.8121522665023804 331 778 448 1150
wdm-qxmc-460ml 0.8261458873748779 640 773 749 1153
wdm-spjbsc-500ml 0.8432437181472778 431 771 549 1150
wdm-wjxjy-800ml 0.8104889392852783 1503 320 1644 727
wdm-wjxjy-800ml 0.8073629140853882 1409 315 1541 727
wdm-wjxjy-800ml 0.8415493965148926 1234 291 1358 721
wdm-wjxjy-800ml 0.8491551280021667 1139 275 1260 711
wdm-wjxjy-800ml 0.8411892652511597 1037 263 1159 700
wdm-wjxjy-800ml 0.83673495054245 940 242 1062 690
wdm-wjxjy-800ml 0.869745135307312 826 225 961 685
wdm-wjxjy-800ml 0.8474788665771484 700 210 839 674
wdm-wjxjy-800ml 0.7861306667327881 576 192 711 668
wdm-wjxjy-800ml 0.8341875672340393 453 166 600 658
wdm-wjxjy-800ml 0.8697128295898438 315 153 475 641
