wdm-wjxjy-800ml 0.8668265342712402 191 620 266 865
wdm-wjxjy-800ml 0.8807998299598694 125 619 201 867
wdm-wjxjy-800ml 0.8447257280349731 55 614 136 869
wdm-wjxjy-500ml 0.7770276069641113 227 324 295 532
wdm-wjxjy-500ml 0.8213154077529907 346 316 413 534
wdm-wjxjy-500ml 0.8450259566307068 286 317 351 528
wdm-wjxjy-500ml 0.8322471380233765 406 317 471 533
wdm-btlcjy-500ml 0.8220062255859375 468 311 533 529
wdm-wjxjy-1.8L 0.7445845603942871 56 308 162 533
wdm-spjbsc-500ml 0.722886323928833 525 303 597 534
wdm-wjxjy-1.3L 0.7308002710342407 144 304 244 531
