wdm-wjxjy-1L 0.8239081501960754 1596 1754 1701 2029
wdm-wjxjy-1L 0.9358084797859192 1501 1756 1608 2026
wdm-wjxjy-1L 0.8572771549224854 1324 1755 1428 2012
wdm-wjxjy-1L 0.9018700122833252 1411 1756 1515 2017
wdm-wjxjy-1L 0.9078785181045532 1231 1742 1337 2004
wdm-wjxjy-1L 0.8638756275177002 1139 1737 1250 2002
wdm-btlcjy-1L 0.8185055255889893 1619 1437 1723 1721
wdm-btlcjy-1L 0.8531686067581177 1530 1431 1635 1715
wdm-btlcjy-1L 0.8082959651947021 1437 1426 1542 1715
wdm-btlcjy-1L 0.8484665155410767 1344 1422 1449 1716
wdm-wjxjy-800ml 0.8394017219543457 941 1417 1038 1699
wdm-wjxjy-800ml 0.9114314317703247 854 1414 953 1697
wdm-wjxjy-800ml 0.8949817419052124 778 1414 872 1693
wdm-wjxjy-800ml 0.9001582860946655 695 1406 791 1690
wdm-wjxjy-800ml 0.8652348518371582 610 1400 707 1684
wdm-wjxjy-800ml 0.8159407377243042 530 1399 626 1675
wdm-wjxjy-800ml 0.8162484765052795 365 1371 462 1654
wdm-wjxjy-800ml 0.8309786915779114 206 1357 306 1644
cbl-lyxdbj-300g 0.8550651669502258 1123 937 1245 1046
cbl-lyxdbj-300g 0.8559392094612122 883 930 1008 1040
cbl-lyxdbj-300g 0.857831597328186 645 905 776 1029
cbl-hdj-900g 0.9225624799728394 1551 828 1680 1058
cbl-hdj-900g 0.9086989164352417 1661 817 1801 1063
cbl-hdj-900g 0.9270797967910767 1445 819 1570 1052
cbl-lhdj-900g 0.89705491065979 1341 814 1461 1050
cbl-lhdj-900g 0.8219304084777832 1233 815 1359 1039
cbl-lyxdbj-300g 0.9024081230163574 1120 837 1248 951
cbl-lyxdbj-300g 0.879951000213623 997 835 1128 948
cbl-lyxdbj-300g 0.8596839904785156 881 833 1010 945
