cbl-lyxdbj-300g 0.9218897819519043 1204 802 1367 951
cbl-lyxdbj-300g 0.9021884202957153 1064 803 1217 945
cbl-lyxdbj-300g 0.9583533406257629 1351 802 1527 946
cbl-lyxdbj-300g 0.9583784341812134 1517 798 1701 952
cbl-lyxdbj-300g 0.9662001132965088 1687 796 1883 951
cbl-lyxdbj-300g 0.9609951376914978 1352 690 1516 823
cbl-lyxdbj-300g 0.9629237055778503 1513 680 1686 822
cbl-lyxdbj-300g 0.9658812880516052 1685 666 1876 818
wdm-wjxjy-800ml 0.8981310129165649 629 231 739 557
wdm-wjxjy-800ml 0.9135504961013794 726 219 829 553
wdm-wjxjy-800ml 0.90849769115448 817 201 919 539
wdm-wjxjy-800ml 0.9114080667495728 903 188 1008 531
wdm-wjxjy-800ml 0.9262621402740479 999 171 1112 520
wdm-wjxjy-800ml 0.9282729625701904 1100 162 1211 509
