cbl-hdj-900g 0.8602879047393799 1067 988 1178 1175
cbl-hdj-900g 0.9050078392028809 870 994 994 1156
cbl-hdj-900g 0.8417624235153198 1153 983 1263 1156
cbl-hdj-900g 0.8524481058120728 972 914 1093 1161
cbl-hdj-900g 0.8790087699890137 906 782 1027 987
cbl-hdj-900g 0.9181010723114014 1198 784 1320 970
cbl-hdj-900g 0.9060894250869751 803 771 930 987
cbl-hdj-900g 0.9342130422592163 1022 599 1155 842
cbl-hdj-900g 0.9357256889343262 926 585 1062 823
wdm-wjxjy-800ml 0.873904287815094 1122 484 1250 818
wdm-wjxjy-800ml 0.8896631598472595 828 494 970 802
wdm-wjxjy-800ml 0.9134790897369385 1228 457 1354 794
wdm-wjxjy-800ml 0.8736739158630371 988 268 1097 578
wdm-wjxjy-1L 0.830996036529541 1704 40 1834 336
