wdm-wjxjy-800ml 0.8958200812339783 1549 1734 1715 2049
wdm-wjxjy-800ml 0.9086897969245911 1413 1722 1565 2026
wdm-wjxjy-800ml 0.8403602242469788 1263 1704 1418 2010
wdm-wjxjy-800ml 0.7827939391136169 1105 1685 1259 2000
wdm-wjxjy-800ml 0.945827305316925 340 1084 645 1603
wdm-wjxjy-800ml 0.8716023564338684 888 1019 1105 1543
wdm-wjxjy-800ml 0.9059871435165405 696 1008 946 1549
wdm-wjxjy-800ml 0.9368071556091309 1240 1001 1444 1557
wdm-wjxjy-800ml 0.9020267724990845 1421 988 1653 1566
wdm-wjxjy-800ml 0.9316138029098511 1072 989 1272 1545
