wdm-wjxjy-1.3L 0.663541853427887 1407 1061 1563 1411
wdm-wjxjy-1.3L 0.7093138694763184 576 1068 703 1366
wdm-wjxjy-1.3L 0.6822813749313354 687 1060 811 1376
wdm-wjxjy-1.3L 0.6956175565719604 458 1064 594 1372
wdm-wjxjy-1.3L 0.7062147855758667 172 982 297 1257
wdm-wjxjy-1.3L 0.6944992542266846 272 974 407 1260
wdm-wjxjy-1L 0.7695045471191406 1114 720 1209 939
wdm-wjxjy-1L 0.7950935363769531 1031 707 1132 936
wdm-wjxjy-1.3L 0.7406147718429565 671 696 777 940
wdm-wjxjy-1.3L 0.7566884756088257 768 696 872 941
wdm-wjxjy-1.3L 0.7408793568611145 570 692 681 941
wdm-wjxjy-1.8L 0.7572373151779175 463 692 585 936
wdm-wjxjy-1L 0.6572428941726685 943 690 1044 924
