wdm-wjxjy-1L 0.879008412361145 818 1563 940 1928
wdm-wjxjy-1L 0.924362063407898 918 1544 1031 1900
wdm-wjxjy-1L 0.8806023597717285 1011 1541 1122 1875
wdm-btlcjy-500ml 0.8493819236755371 1154 1090 1253 1415
wdm-btlcjy-500ml 0.8706852793693542 1237 1088 1345 1397
cbl-lyxdbj-300g 0.9451565742492676 1300 851 1432 975
cbl-lyxdbj-300g 0.8335025310516357 1398 850 1515 964
cbl-lyxtmj-300g 0.8657636642456055 1581 850 1692 964
cbl-lyxtmj-300g 0.8380577564239502 1489 846 1603 964
cbl-lyxdbj-300g 0.8666168451309204 1180 829 1321 965
cbl-lyxtmj-300g 0.9098771810531616 1594 749 1714 860
cbl-lyxtmj-300g 0.9190581440925598 1494 745 1617 864
cbl-lyxdbj-300g 0.9147807359695435 1299 734 1442 863
cbl-hdj-900g 0.9242336750030518 334 648 530 1001
cbl-hdj-900g 0.9121363162994385 146 640 370 1007
