wdm-wjxjy-1L 0.8507270216941833 1476 672 1527 822
wdm-wjxjy-1L 0.8322156667709351 1394 675 1447 818
cbl-lyxdbj-300g 0.7680227756500244 761 566 829 626
cbl-lyxdbj-300g 0.7704555988311768 644 559 719 624
cbl-lyxdbj-300g 0.7515693306922913 571 558 648 625
cbl-lyxdbj-300g 0.760063886642456 499 557 577 628
cbl-lyxtmj-300g 0.7512204647064209 290 560 367 614
cbl-lyxtmj-300g 0.7847347259521484 353 554 434 618
cbl-lyxdbj-300g 0.7597761154174805 421 551 502 621
cbl-lyxtmj-300g 0.8074201345443726 222 553 302 613
wdm-wjxjy-500ml 0.7233428955078125 988 507 1036 640
wdm-wjxjy-800ml 0.7524237632751465 1392 492 1444 640
cbl-lyxtmj-300g 0.7762261629104614 290 509 368 567
cbl-lyxtmj-300g 0.8130688667297363 221 508 298 568
wdm-wjxjy-800ml 0.7130323648452759 1335 477 1389 640
cbl-lyxdbj-300g 0.7433568239212036 493 495 576 567
cbl-lyxdbj-300g 0.7860397696495056 418 495 502 561
cbl-lyxdbj-300g 0.8458875417709351 415 437 505 511
