cbl-hdj-900g 0.8082641959190369 569 1269 656 1423
cbl-hdj-900g 0.7982186079025269 631 1248 714 1402
cbl-hdj-900g 0.8754080533981323 726 1208 805 1352
wdm-wjxjy-800ml 0.8948320746421814 307 1043 403 1304
wdm-wjxjy-500ml 0.7829673290252686 746 935 807 1126
wdm-wjxjy-500ml 0.7927054166793823 829 907 886 1095
lyx-tjjy-500ml 0.8296923637390137 262 763 358 1025
lyx-tjjy-500ml 0.8228774666786194 331 756 428 1011
wdm-btlcjy-500ml 0.8193656206130981 421 440 508 700
wdm-btlcjy-500ml 0.8021789789199829 484 433 564 685
cbl-lyxtmj-300g 0.8320173025131226 99 279 208 382
cbl-lyxdbj-300g 0.8162402510643005 305 280 407 372
cbl-lyxdbj-300g 0.8103960752487183 492 276 597 374
cbl-lyxdbj-300g 0.8256500959396362 396 218 488 298
cbl-lyxtmj-300g 0.817602813243866 485 213 585 296
cbl-lyxtmj-300g 0.8497079610824585 567 209 663 295
cbl-lyxdbj-300g 0.9088579416275024 309 212 413 299
cbl-lyxtmj-300g 0.8854200839996338 151 190 268 296
cbl-lyxtmj-300g 0.8839436769485474 75 192 173 292
cbl-lyxdbj-300g 0.8149198293685913 943 163 1038 267
