wdm-wjxjy-800ml 0.8450400829315186 409 1298 617 1760
wdm-wjxjy-800ml 0.8329852819442749 581 1275 774 1738
wdm-wjxjy-800ml 0.9101139307022095 771 1230 958 1723
wdm-wjxjy-800ml 0.9166915416717529 921 1218 1096 1694
wdm-wjxjy-800ml 0.907179594039917 1063 1205 1243 1668
wdm-wjxjy-800ml 0.8406016826629639 1499 1185 1733 1630
wdm-wjxjy-800ml 0.8899999856948853 1338 1176 1561 1623
wdm-wjxjy-1.8L 0.7248824834823608 966 422 1270 1154
wdm-wjxjy-1.8L 0.7614401578903198 1238 432 1573 1142
wdm-wjxjy-1.8L 0.7811057567596436 1490 415 1842 1132
