cbl-lyxdbj-300g 0.7706285119056702 327 1015 378 1092
cbl-lyxtmj-300g 0.7382833957672119 212 721 303 846
cbl-lyxtmj-300g 0.7374113202095032 445 663 549 785
wdm-cxhy-510g 0.7442737817764282 240 549 287 708
wdm-cxhy-510g 0.7170982360839844 206 542 252 699
wdm-wjxjy-1L 0.87709641456604 679 466 787 739
wdm-wjxjy-800ml 0.9033609628677368 464 408 536 640
wdm-wjxjy-800ml 0.7950652837753296 380 397 441 603
wdm-wjxjy-500ml 0.7107956409454346 290 378 340 553
wdm-wjxjy-1.3L 0.7302255630493164 506 138 606 395
wdm-wjxjy-1.8L 0.7746487855911255 784 112 966 465
wdm-wjxjy-1.8L 0.7710835337638855 657 122 811 435
wdm-btlcjy-1L 0.8608898520469666 393 118 473 375
wdm-btlcjy-1L 0.8778108358383179 338 115 414 361
wdm-btlcjy-1L 0.8461925983428955 280 112 356 348
