wdm-wjxjy-800ml 0.9089035391807556 592 1030 689 1279
wdm-wjxjy-800ml 0.9240441918373108 504 1026 600 1263
wdm-wjxjy-800ml 0.9365834593772888 422 1025 514 1265
wdm-wjxjy-800ml 0.9200174808502197 338 1021 428 1263
wdm-wjxjy-500ml 0.795203685760498 515 396 602 668
wdm-wjxjy-500ml 0.7864927649497986 356 390 441 671
wdm-wjxjy-500ml 0.7993809580802917 437 389 522 671
wdm-wjxjy-500ml 0.755400538444519 274 384 360 670
wdm-btlcjy-500ml 0.7962316274642944 462 19 551 318
wdm-btlcjy-500ml 0.803254246711731 372 13 466 317
wdm-btlcjy-500ml 0.7263588905334473 288 4 382 317
