cbl-lyxdbj-300g 0.9233054518699646 776 912 926 1041
cbl-lyxdbj-300g 0.9438725113868713 647 911 793 1042
cbl-lyxtmj-300g 0.9000201225280762 384 903 528 1037
cbl-lyxdbj-300g 0.9291195869445801 915 903 1071 1041
cbl-lyxdbj-300g 0.9546046257019043 777 804 934 931
cbl-lyxdbj-300g 0.9406341910362244 645 803 790 929
cbl-lyxtmj-300g 0.9115607738494873 378 797 526 931
cbl-lyxdbj-300g 0.9540035724639893 1433 589 1649 755
cbl-lyxdbj-300g 0.9647055864334106 1628 581 1864 759
cbl-lhdj-900g 0.890965461730957 9 518 134 767
cbl-lhdj-900g 0.9284552931785583 105 511 226 760
cbl-lhdj-900g 0.9374505877494812 212 511 336 749
cbl-hdj-900g 0.9144306182861328 541 503 682 755
cbl-hdj-900g 0.8926664590835571 321 506 454 753
cbl-hdj-900g 0.9271190166473389 655 504 791 753
cbl-hdj-900g 0.9327154159545898 770 496 910 755
