cbl-lyxdbj-300g 0.8209317922592163 894 1362 1023 1506
cbl-lyxdbj-300g 0.9248095750808716 1021 1359 1152 1503
cbl-lyxdbj-300g 0.8885622024536133 1142 1355 1278 1501
cbl-lyxdbj-300g 0.9084290266036987 1267 1356 1406 1497
cbl-hdj-900g 0.8850902318954468 1508 1253 1654 1473
cbl-hdj-900g 0.886052131652832 1390 1249 1535 1480
cbl-lyxdbj-300g 0.8977040648460388 1029 1098 1169 1238
cbl-lyxtmj-300g 0.8188036680221558 1535 1087 1687 1229
cbl-lyxtmj-300g 0.9196577072143555 1415 1089 1565 1227
cbl-lyxdbj-300g 0.9171552658081055 1283 1085 1433 1231
cbl-lyxdbj-300g 0.8074173331260681 1162 1083 1307 1227
cbl-lyxtmj-300g 0.9054553508758545 1374 978 1522 1109
cbl-lyxtmj-300g 0.9123328328132629 1507 974 1659 1113
