wdm-wjxjy-800ml 0.873600423336029 533 882 628 1155
wdm-wjxjy-800ml 0.895859956741333 615 881 716 1158
wdm-wjxjy-1.8L 0.726586103439331 919 573 1065 867
wdm-wjxjy-1.3L 0.7237655520439148 819 575 941 863
wdm-wjxjy-1L 0.919743537902832 239 569 346 864
wdm-wjxjy-1L 0.9260101318359375 410 565 519 864
wdm-wjxjy-1L 0.9085164070129395 322 567 429 863
wdm-wjxjy-1L 0.86907958984375 497 561 596 861
wdm-wjxjy-1.8L 0.7266229391098022 1309 551 1471 868
wdm-wjxjy-1.8L 0.7676167488098145 1054 557 1205 868
wdm-wjxjy-1.8L 0.7318159937858582 1183 552 1339 868
wdm-wjxjy-800ml 0.9147846698760986 577 556 676 863
wdm-wjxjy-800ml 0.8670114874839783 739 552 839 858
wdm-wjxjy-800ml 0.9058681130409241 658 554 753 861
