lyx-hsjy-1L 0.7202924489974976 756 1005 830 1221
lyx-hsjy-1L 0.733759343624115 880 1002 952 1212
lyx-hsjy-1L 0.782381534576416 822 1002 890 1213
lyx-hsjy-1L 0.7655609846115112 702 755 778 969
lyx-hsjy-1L 0.7517784833908081 831 742 904 960
lyx-hsjy-1L 0.8155604004859924 766 741 838 963
lyx-hsjy-1L 0.671059250831604 897 741 969 956
wdm-spjbsc-500ml 0.6880449056625366 535 498 606 716
wdm-spjbsc-500ml 0.6747186779975891 599 498 667 719
wdm-spjbsc-500ml 0.7032738327980042 659 494 726 716
wdm-spjbsc-500ml 0.7560005187988281 715 487 785 712
lyx-hsjy-500ml 0.733025312423706 778 482 850 708
lyx-hsjy-500ml 0.7941433191299438 841 485 912 704
wdm-spjbsc-500ml 0.6867889165878296 649 221 716 454
wdm-spjbsc-500ml 0.6909328103065491 708 221 778 453
wdm-spjbsc-500ml 0.8007990121841431 770 217 842 447
wdm-spjbsc-500ml 0.7321622371673584 587 215 654 451
lyx-hsjy-500ml 0.7249833345413208 902 215 978 447
lyx-hsjy-500ml 0.7811180353164673 836 211 909 445
