cbl-lyxdbj-300g 0.9652982354164124 337 1049 536 1242
cbl-lyxdbj-300g 0.9448012113571167 527 1046 715 1239
cbl-lyxdbj-300g 0.937888503074646 1065 1044 1250 1234
cbl-lyxdbj-300g 0.9482060670852661 890 1043 1076 1236
cbl-lyxdbj-300g 0.9568228721618652 705 1042 895 1238
cbl-lyxdbj-300g 0.9526405930519104 1238 1042 1422 1229
cbl-lyxdbj-300g 0.9623222351074219 1404 1040 1599 1232
cbl-lyxdbj-300g 0.960213840007782 1379 895 1557 1053
cbl-lyxdbj-300g 0.9633245468139648 368 892 553 1062
cbl-lyxdbj-300g 0.9587534666061401 556 885 732 1058
cbl-lyxdbj-300g 0.9431992769241333 1215 887 1387 1052
cbl-lyxdbj-300g 0.9375253915786743 725 883 898 1056
cbl-lyxdbj-300g 0.9569174647331238 892 884 1062 1048
cbl-lyxdbj-300g 0.9528936743736267 1052 880 1224 1049
wdm-wjxjy-800ml 0.9270548820495605 1365 153 1532 713
wdm-wjxjy-800ml 0.9321672916412354 1225 156 1395 704
wdm-wjxjy-800ml 0.9243259429931641 1501 152 1679 703
wdm-wjxjy-800ml 0.926322877407074 940 143 1108 701
