wdm-wjxjy-1.8L 0.6716015338897705 1054 991 1149 1211
wdm-wjxjy-1.8L 0.6419726610183716 988 979 1083 1197
wdm-wjxjy-1.8L 0.6788101196289062 919 960 1007 1164
wdm-wjxjy-1.3L 0.7178603410720825 842 949 930 1136
wdm-wjxjy-1L 0.6991032361984253 662 909 720 1070
wdm-wjxjy-500ml 0.783452033996582 620 514 669 688
wdm-wjxjy-500ml 0.8363255262374878 670 509 722 687
wdm-btlcjy-500ml 0.7226964831352234 741 499 799 691
wdm-wjxjy-500ml 0.6977026462554932 826 486 888 695
wdm-wjxjy-800ml 0.8511636853218079 891 478 961 699
wdm-btlcjy-1L 0.6659759879112244 989 470 1070 700
wdm-cxmc-1.3L 0.6883586049079895 1050 467 1144 707
wdm-cxmc-1.3L 0.6494560241699219 1123 457 1214 707
