wdm-wjxjy-800ml 0.9278492331504822 656 1493 784 1848
wdm-wjxjy-800ml 0.9302790760993958 773 1491 900 1853
wdm-wjxjy-800ml 0.9024946689605713 546 1485 676 1839
wdm-wjxjy-800ml 0.9416917562484741 892 1481 1026 1852
wdm-wjxjy-800ml 0.9216035008430481 1017 1477 1156 1848
lyx-tjyzjy-500ml 0.8481179475784302 386 1003 523 1419
lyx-tjyzjy-500ml 0.8722962737083435 266 994 404 1420
wdm-wjxjy-1L 0.9022453427314758 746 978 890 1418
wdm-wjxjy-1L 0.9437111616134644 872 979 1017 1427
wdm-wjxjy-1L 0.9405712485313416 1000 976 1145 1429
wdm-wjxjy-1L 0.935110867023468 1133 973 1279 1428
wdm-wjxjy-1L 0.9252529144287109 1265 966 1421 1428
wdm-wjxjy-1L 0.9441715478897095 1549 966 1707 1440
wdm-wjxjy-1L 0.9442123770713806 1405 967 1565 1434
wdm-btlcjy-500ml 0.8685762882232666 900 408 1037 858
wdm-btlcjy-500ml 0.8254600763320923 1023 404 1154 850
wdm-wjxjy-500ml 0.8240872025489807 1143 395 1278 847
wdm-wjxjy-500ml 0.807345986366272 1265 387 1408 846
wdm-wjxjy-500ml 0.8143415451049805 1413 383 1568 846
wdm-qxmc-460ml 0.8216665983200073 332 369 471 847
