wdm-btlcjy-500ml 0.8388649225234985 1628 850 1726 1153
wdm-wjxjy-500ml 0.8431738615036011 1378 841 1472 1149
cbl-lyxdbj-300g 0.8524092435836792 1184 695 1309 797
cbl-hdj-900g 0.9293670058250427 987 595 1090 799
cbl-hdj-900g 0.90635085105896 894 584 997 811
cbl-hdj-900g 0.9146779179573059 1078 591 1195 802
cbl-lyxdbj-300g 0.9099750518798828 1548 613 1677 717
cbl-lyxdbj-300g 0.9336330890655518 1662 610 1790 713
cbl-lyxdbj-300g 0.8857671022415161 1426 593 1552 701
cbl-lyxdbj-300g 0.8961719870567322 1181 593 1310 705
wdm-wjxjy-800ml 0.8903058767318726 232 489 333 811
wdm-wjxjy-800ml 0.9187679886817932 807 491 908 805
wdm-wjxjy-800ml 0.8636286854743958 645 484 740 808
wdm-wjxjy-800ml 0.8668367862701416 728 484 822 803
wdm-wjxjy-800ml 0.8974359035491943 560 481 658 805
wdm-wjxjy-800ml 0.8884109854698181 319 482 415 808
wdm-wjxjy-800ml 0.8391246795654297 490 483 581 795
wdm-wjxjy-800ml 0.8954547047615051 403 480 503 805
