wdm-spjbsc-500ml 0.7174903154373169 890 474 1007 839
wdm-btlcjy-500ml 0.7742177248001099 789 473 907 848
wdm-cxhy-510g 0.6963075399398804 1301 465 1422 839
wdm-spjbsc-500ml 0.8578137159347534 989 468 1108 830
wdm-spjbsc-500ml 0.8329865336418152 1092 461 1211 830
wdm-wjxjy-800ml 0.8975021839141846 455 452 581 856
wdm-spjbsc-500ml 0.8354437947273254 1192 453 1318 833
wdm-wjxjy-800ml 0.8865066170692444 344 447 476 857
wdm-wjxjy-800ml 0.9150682687759399 565 448 688 851
wdm-wjxjy-800ml 0.9072434902191162 675 442 805 845
