cbl-hdj-900g 0.8173373937606812 604 890 778 1197
cbl-hdj-900g 0.7540677785873413 506 862 650 1155
cbl-hdj-900g 0.8558775782585144 735 858 882 1140
cbl-hdj-900g 0.8794358968734741 846 820 978 1085
cbl-hdj-900g 0.834392786026001 939 795 1065 1046
cbl-lyxtmj-300g 0.7544867992401123 184 462 488 750
cbl-lyxdbj-300g 0.8885252475738525 1017 489 1155 623
cbl-lyxdbj-300g 0.8133331537246704 1122 483 1227 595
cbl-lyxdbj-300g 0.9539165496826172 1015 372 1159 510
cbl-lyxtmj-300g 0.7165950536727905 1265 371 1358 473
cbl-lyxdbj-300g 0.8619239330291748 1127 376 1243 496
