cbl-lyxdbj-300g 0.914647102355957 240 1072 424 1244
cbl-lyxdbj-300g 0.9477643966674805 237 952 424 1117
wdm-wjxjy-800ml 0.7619731426239014 861 225 1011 742
wdm-wjxjy-500ml 0.7183870077133179 732 223 886 725
wdm-wjxjy-800ml 0.7713566422462463 494 171 644 692
wdm-wjxjy-800ml 0.9026544094085693 984 116 1175 758
wdm-wjxjy-800ml 0.9105978012084961 1728 88 1920 816
wdm-wjxjy-800ml 0.9148502349853516 1149 90 1360 786
wdm-wjxjy-800ml 0.9342988133430481 1320 73 1569 813
wdm-wjxjy-800ml 0.9306673407554626 1529 54 1777 850
