wdm-btlcjy-1L 0.9026217460632324 463 1308 598 1625
wdm-btlcjy-1L 0.8943721055984497 655 1267 781 1579
lyx-tjjy-500ml 0.8813331127166748 408 914 532 1274
lyx-tjjy-500ml 0.839954137802124 507 910 625 1254
lyx-tjjy-500ml 0.8120245933532715 599 903 712 1233
lyx-tjyzjy-500ml 0.8051623702049255 678 891 789 1221
lyx-tjyzjy-500ml 0.7726607322692871 758 877 865 1208
wdm-wjxjy-800ml 0.7925926446914673 1124 64 1227 450
wdm-wjxjy-800ml 0.8458445072174072 1038 46 1150 451
wdm-wjxjy-800ml 0.8296957612037659 950 34 1066 446
wdm-wjxjy-800ml 0.8111923336982727 861 23 976 437
wdm-wjxjy-800ml 0.8552467823028564 758 8 884 440
wdm-wjxjy-800ml 0.8714075684547424 653 1 783 437
wdm-wjxjy-800ml 0.895818293094635 539 0 683 439
wdm-wjxjy-800ml 0.9051061868667603 417 0 574 433
wdm-wjxjy-800ml 0.8689326643943787 276 0 454 432
