wdm-wjxjy-800ml 0.8187577724456787 986 1942 1123 2312
wdm-wjxjy-800ml 0.8194594383239746 884 1889 1023 2265
wdm-wjxjy-1L 0.8859595060348511 727 1805 881 2170
wdm-wjxjy-800ml 0.9028096199035645 1117 1372 1289 1899
wdm-wjxjy-800ml 0.89751797914505 1009 1332 1158 1847
wdm-wjxjy-800ml 0.8785817623138428 831 1289 955 1760
wdm-wjxjy-800ml 0.8251931071281433 745 1268 868 1711
wdm-wjxjy-1L 0.8150655627250671 524 1222 630 1611
wdm-wjxjy-1L 0.899389386177063 390 1191 507 1573
cbl-lyxdbj-300g 0.8814287185668945 830 422 1006 666
cbl-lyxdbj-300g 0.9268813133239746 968 411 1177 638
cbl-lyxdbj-300g 0.8700294494628906 1129 385 1364 624
cbl-lyxdbj-300g 0.8847297430038452 1325 378 1590 637
cbl-lyxtmj-300g 0.8793601393699646 1554 340 1854 606
cbl-lyxdbj-300g 0.8644683361053467 830 208 1012 452
cbl-lyxdbj-300g 0.9180048108100891 985 196 1184 441
cbl-lyxdbj-300g 0.950762152671814 1345 165 1601 415
cbl-lyxdbj-300g 0.9176725149154663 1157 166 1383 413
cbl-lyxtmj-300g 0.9234292507171631 1578 113 1885 389
