cbl-lyxdbj-300g 0.8987405300140381 221 1320 334 1423
cbl-lyxdbj-300g 0.8732308149337769 109 1241 234 1352
cbl-lyxdbj-300g 0.8681357502937317 222 1239 339 1344
cbl-lyxdbj-300g 0.8972311019897461 325 1235 442 1348
cbl-lyxdbj-300g 0.8359299898147583 926 634 1029 718
cbl-lyxdbj-300g 0.9111112356185913 835 632 935 717
cbl-lyxdbj-300g 0.8684912323951721 738 622 847 713
cbl-lyxdbj-300g 0.9150463342666626 633 609 751 711
cbl-lyxdbj-300g 0.9156308770179749 531 597 651 697
cbl-lyxdbj-300g 0.9046539664268494 927 553 1039 649
cbl-lyxdbj-300g 0.9287201166152954 838 548 942 641
cbl-lyxdbj-300g 0.9118344783782959 737 536 848 636
cbl-lyxdbj-300g 0.9043906927108765 638 528 753 627
cbl-lyxdbj-300g 0.9256555438041687 529 513 647 614
