wdm-wjxjy-1L 0.9276551604270935 293 817 382 1050
wdm-wjxjy-1L 0.9352307915687561 372 818 458 1037
wdm-btlcjy-1L 0.7516697645187378 527 816 607 1029
wdm-btlcjy-1L 0.8923627734184265 452 816 536 1035
lyx-hsjy-1L 0.7729436159133911 601 809 681 1024
lyx-hsjy-1L 0.7777378559112549 669 800 751 1017
lyx-hsjy-500ml 0.7479519248008728 333 520 415 782
lyx-hsjy-500ml 0.7302247285842896 413 521 487 779
lyx-tjjy-500ml 0.7894953489303589 486 520 561 779
lyx-tjyzjy-500ml 0.7530163526535034 696 516 775 771
lyx-tjjy-500ml 0.793097972869873 558 515 637 780
lyx-tjyzjy-500ml 0.8005294799804688 627 514 705 773
wdm-qxmc-460ml 0.670998215675354 497 179 575 468
wdm-qxmc-460ml 0.6518540382385254 347 177 428 469
wdm-qxmc-460ml 0.7291237711906433 424 177 502 469
