lyx-tjjy-500ml 0.7388410568237305 554 931 669 1308
wdm-spjbsc-500ml 0.7773737907409668 246 923 369 1320
wdm-wjxjy-800ml 0.7724898457527161 1436 935 1541 1274
wdm-wjxjy-800ml 0.8845804929733276 1266 931 1370 1275
wdm-wjxjy-1L 0.8614784479141235 984 930 1099 1278
wdm-wjxjy-800ml 0.8537020683288574 1353 928 1457 1271
wdm-wjxjy-800ml 0.875808835029602 1169 927 1282 1277
wdm-wjxjy-1L 0.8483961820602417 1081 925 1190 1270
wdm-wjxjy-500ml 0.8058359622955322 1651 622 1736 905
wdm-wjxjy-500ml 0.807621955871582 1728 602 1815 904
wdm-wjxjy-800ml 0.8216625452041626 1411 553 1511 900
wdm-wjxjy-800ml 0.8088520765304565 1330 547 1435 899
wdm-wjxjy-800ml 0.8632974624633789 1147 538 1252 894
wdm-wjxjy-800ml 0.909580409526825 1237 539 1344 899
wdm-wjxjy-1L 0.8553589582443237 1059 534 1170 896
wdm-wjxjy-1L 0.92524254322052 951 519 1069 888
wdm-wjxjy-1.3L 0.7458780407905579 272 464 467 879
wdm-wjxjy-1.8L 0.7930932641029358 88 427 293 880
