cbl-lyxdbj-300g 0.9137783050537109 1571 2266 1724 2400
cbl-hdj-900g 0.9362350702285767 153 2186 315 2511
cbl-hdj-900g 0.9437867403030396 294 2180 450 2497
cbl-hdj-900g 0.8964565396308899 439 2176 602 2478
cbl-lhdj-900g 0.9105596542358398 625 2154 784 2472
cbl-lhdj-900g 0.8994193077087402 761 2136 926 2445
cbl-lyxdbj-300g 0.8997344374656677 1563 2148 1713 2295
wdm-btlcjy-500ml 0.8514471650123596 1106 1618 1222 1978
wdm-wjxjy-800ml 0.8931465744972229 1329 1157 1459 1562
wdm-wjxjy-1L 0.9303427934646606 502 1158 639 1569
wdm-wjxjy-1L 0.8448697328567505 987 1144 1118 1559
wdm-wjxjy-1L 0.9284321069717407 626 1150 764 1556
wdm-wjxjy-1L 0.896466851234436 868 1143 1001 1551
wdm-wjxjy-1L 0.8910764455795288 96 1138 232 1570
wdm-wjxjy-1L 0.9181758165359497 752 1147 885 1552
wdm-wjxjy-800ml 0.8843997716903687 1435 1139 1564 1548
wdm-wjxjy-800ml 0.917206346988678 1211 1122 1343 1553
wdm-wjxjy-800ml 0.9110761880874634 1102 1115 1232 1555
wdm-wjxjy-800ml 0.8991559147834778 1545 1111 1670 1531
wdm-wjxjy-800ml 0.8739487528800964 1650 1102 1776 1523
