wdm-wjxjy-800ml 0.8662834167480469 257 1775 464 2352
wdm-wjxjy-800ml 0.8719236850738525 416 1758 609 2308
wdm-wjxjy-800ml 0.8538978099822998 575 1721 736 2242
wdm-wjxjy-800ml 0.7032634019851685 693 1697 845 2200
wdm-wjxjy-800ml 0.7666846513748169 904 1638 1053 2096
wdm-wjxjy-800ml 0.7352280616760254 1017 1613 1158 2059
wdm-wjxjy-1.3L 0.6922364830970764 1255 1565 1427 1991
wdm-wjxjy-1.3L 0.7183083295822144 207 1098 464 1693
wdm-wjxjy-1.8L 0.7245669960975647 615 1049 866 1637
wdm-wjxjy-1.8L 0.6981697082519531 810 1041 1048 1599
wdm-wjxjy-1.3L 0.7073618173599243 991 1034 1200 1567
wdm-wjxjy-1.3L 0.7273542881011963 1163 1037 1357 1532
wdm-wjxjy-1L 0.8240487575531006 1526 1044 1654 1476
wdm-wjxjy-1L 0.8619393110275269 1322 1034 1479 1505
wdm-wjxjy-500ml 0.7687417268753052 403 334 589 939
wdm-wjxjy-500ml 0.7636356353759766 232 319 442 939
wdm-wjxjy-800ml 0.8832476139068604 570 265 783 935
