wdm-wjxjy-1.8L 0.8022856712341309 284 531 427 844
wdm-wjxjy-1.8L 0.7817880511283875 414 523 553 838
wdm-wjxjy-1.8L 0.7268580198287964 543 518 675 815
wdm-wjxjy-1.3L 0.7345538139343262 671 511 807 800
wdm-cxmc-1.3L 0.7461773157119751 897 506 1035 794
wdm-cxmc-1.3L 0.7308223843574524 1030 483 1168 786
wdm-wjxjy-1.8L 0.730631947517395 1034 186 1177 492
wdm-wjxjy-1.8L 0.7298462390899658 1137 182 1291 487
wdm-cxmc-1.3L 0.7622555494308472 721 174 854 495
wdm-wjxjy-1.3L 0.7352717518806458 932 181 1067 492
wdm-cxmc-1.3L 0.7456153631210327 601 171 739 501
wdm-cxmc-1.3L 0.7406866550445557 216 166 372 510
wdm-cxmc-1.3L 0.7369603514671326 348 163 493 508
wdm-cxmc-1.3L 0.7349357008934021 480 167 620 500
