wdm-wjxjy-1.3L 0.7402356863021851 401 1082 532 1511
wdm-wjxjy-1L 0.7054520845413208 505 1049 636 1517
wdm-wjxjy-1L 0.8619873523712158 860 981 1045 1571
wdm-wjxjy-1L 0.8486882448196411 672 1011 822 1548
wdm-wjxjy-1L 0.8826302289962769 993 945 1191 1585
wdm-wjxjy-1L 0.9174965023994446 1132 927 1377 1612
wdm-wjxjy-1.3L 0.7092771530151367 615 387 797 870
wdm-wjxjy-1L 0.8495745658874512 756 315 896 799
wdm-wjxjy-1L 0.9194297790527344 859 235 1032 792
wdm-wjxjy-1L 0.8924697637557983 989 166 1185 750
wdm-wjxjy-1L 0.9197422862052917 1140 97 1353 723
wdm-wjxjy-1L 0.7876268625259399 1478 48 1649 625
wdm-wjxjy-1L 0.9402204751968384 1287 12 1529 683
