wdm-btlcjy-1L 0.8354171514511108 1596 1331 1714 1714
wdm-btlcjy-1L 0.9080780744552612 1500 1335 1622 1708
wdm-btlcjy-1L 0.9045875668525696 1410 1324 1526 1676
wdm-btlcjy-1L 0.870344877243042 1329 1310 1437 1655
wdm-btlcjy-1L 0.7630931735038757 1253 1299 1355 1634
wdm-wjxjy-1L 0.8392006158828735 1171 1293 1273 1614
wdm-wjxjy-1L 0.8610267639160156 1028 1268 1125 1570
wdm-wjxjy-1L 0.8353901505470276 962 1269 1050 1550
wdm-wjxjy-1L 0.7792172431945801 845 1249 926 1504
wdm-wjxjy-800ml 0.7827064990997314 735 1222 811 1479
wdm-wjxjy-500ml 0.7736691236495972 1609 1018 1707 1304
wdm-wjxjy-500ml 0.7969766855239868 1530 1017 1621 1294
wdm-wjxjy-500ml 0.806601881980896 1456 1011 1538 1285
wdm-wjxjy-500ml 0.8438915014266968 1389 1011 1473 1278
wdm-wjxjy-500ml 0.8240838050842285 1318 1000 1402 1272
wdm-wjxjy-500ml 0.8098659515380859 1254 990 1337 1261
wdm-wjxjy-500ml 0.7718069553375244 1188 972 1272 1249
wdm-wjxjy-500ml 0.7857623100280762 1120 970 1201 1241
wdm-wjxjy-500ml 0.8002339601516724 1004 968 1078 1223
wdm-wjxjy-500ml 0.8010376691818237 950 965 1020 1216
wdm-wjxjy-500ml 0.7812530994415283 894 957 962 1207
wdm-btlcjy-500ml 0.7717722058296204 790 951 857 1191
lyx-tjjy-500ml 0.7763645648956299 1186 584 1291 915
lyx-tjjy-500ml 0.7976540327072144 1265 569 1372 910
lyx-tjjy-500ml 0.791811466217041 1430 555 1541 911
lyx-tjjy-500ml 0.8393335342407227 1522 548 1636 911
