wdm-spjbsc-500ml 0.8753982186317444 1262 792 1362 1145
wdm-spjbsc-500ml 0.8325024843215942 1339 788 1440 1140
wdm-spjbsc-500ml 0.8498646020889282 1177 785 1277 1144
wdm-spjbsc-500ml 0.7490087747573853 1418 783 1515 1130
wdm-spjbsc-500ml 0.9086205959320068 1081 786 1190 1149
wdm-wjxjy-800ml 0.8098717927932739 819 773 935 1167
wdm-spjbsc-500ml 0.7574630975723267 994 779 1096 1137
wdm-wjxjy-800ml 0.9299476146697998 697 699 839 1166
wdm-wjxjy-800ml 0.9137513041496277 582 689 718 1168
wdm-wjxjy-800ml 0.923688530921936 455 672 604 1183
wdm-wjxjy-800ml 0.9208843111991882 316 666 474 1192
wdm-wjxjy-800ml 0.9167668223381042 167 657 340 1196
wdm-wjxjy-800ml 0.8776130676269531 17 652 190 1201
