lyx-tjjy-500ml 0.5294538140296936 600 816 679 1023
lyx-tjjy-500ml 0.5458609461784363 933 818 1017 1024
lyx-tjjy-500ml 0.559444785118103 869 822 948 1024
lyx-tjjy-500ml 0.531095564365387 677 817 749 1021
wdm-wjxjy-800ml 0.6696141362190247 710 503 812 784
wdm-cxhy-510g 0.6021486520767212 795 499 897 776
wdm-cxmc-460ml 0.537980318069458 955 480 1042 751
wdm-cxhy-510g 0.7913979291915894 291 491 384 789
wdm-cxhy-510g 0.7866369485855103 365 489 456 788
wdm-cxhy-510g 0.5399465560913086 509 100 626 443
wdm-cxhy-510g 0.661772608757019 609 95 720 442
wdm-cxhy-510g 0.6518698334693909 700 86 812 444
wdm-cxmc-460ml 0.5288299322128296 872 55 991 424
wdm-qxmc-460ml 0.601252555847168 789 59 903 433
