cbl-lyxdbj-300g 0.9549332857131958 528 757 629 863
cbl-lyxdbj-300g 0.9152244925498962 538 674 636 770
wdm-wjxjy-500ml 0.8393770456314087 892 632 963 853
wdm-wjxjy-500ml 0.8576216697692871 952 630 1022 852
wdm-wjxjy-500ml 0.8282569646835327 831 631 903 851
wdm-wjxjy-500ml 0.8399031162261963 1013 622 1085 850
wdm-wjxjy-800ml 0.8833823204040527 1073 601 1151 849
wdm-wjxjy-800ml 0.8798510432243347 1283 602 1364 849
wdm-wjxjy-800ml 0.9279698133468628 1214 600 1297 852
wdm-wjxjy-800ml 0.8872475028038025 1349 600 1433 850
wdm-wjxjy-800ml 0.9168730974197388 1141 598 1224 853
wdm-cxhy-510g 0.8557449579238892 646 110 723 366
wdm-wjxjy-1L 0.9295406937599182 1242 88 1336 377
wdm-wjxjy-1L 0.8998465538024902 1168 88 1263 376
wdm-wjxjy-1L 0.9432076811790466 1320 89 1414 372
