wdm-wjxjy-800ml 0.8059289455413818 149 1760 318 2132
wdm-wjxjy-800ml 0.8443615436553955 284 1717 430 2082
wdm-wjxjy-800ml 0.7654494047164917 402 1668 529 2020
wdm-wjxjy-800ml 0.8263521790504456 510 1615 640 1970
wdm-wjxjy-1L 0.8265718221664429 613 1580 730 1916
wdm-wjxjy-1L 0.838927686214447 709 1548 821 1868
wdm-wjxjy-1L 0.8676181435585022 801 1515 904 1829
wdm-wjxjy-1L 0.7973719835281372 882 1473 991 1783
wdm-wjxjy-1.8L 0.7986363172531128 165 1315 389 1686
wdm-wjxjy-800ml 0.7883996963500977 183 796 356 1254
wdm-wjxjy-800ml 0.7018001079559326 339 775 493 1216
wdm-btlcjy-500ml 0.8362736701965332 471 764 618 1196
wdm-btlcjy-500ml 0.8212846517562866 587 744 719 1160
wdm-btlcjy-500ml 0.8318767547607422 696 739 833 1136
wdm-btlcjy-500ml 0.6890637278556824 811 733 942 1109
wdm-spjbsc-500ml 0.6954885721206665 1177 660 1310 1000
