cbl-hdj-900g 0.9252082109451294 223 1012 320 1196
cbl-hdj-900g 0.9245041012763977 306 1010 405 1193
cbl-lhdj-900g 0.8473669290542603 61 1001 166 1194
cbl-lyxdbj-300g 0.9255910515785217 320 853 423 940
cbl-lyxtmj-300g 0.9205922484397888 876 854 967 934
cbl-lyxtmj-300g 0.9206218123435974 803 856 892 933
cbl-lyxdbj-300g 0.9390379190444946 225 848 329 937
cbl-lyxtmj-300g 0.9263201951980591 713 841 819 930
cbl-lyxtmj-300g 0.8678022027015686 608 838 724 934
cbl-lyxtmj-300g 0.9101914763450623 507 837 621 933
cbl-lyxdbj-300g 0.9233101606369019 119 835 232 933
cbl-lyxtmj-300g 0.8857178092002869 860 793 946 865
cbl-lyxtmj-300g 0.872577965259552 798 791 880 865
cbl-lyxdbj-300g 0.8613978624343872 324 781 425 863
cbl-lyxdbj-300g 0.8574312329292297 231 780 332 859
cbl-lyxtmj-300g 0.9066063761711121 714 761 819 851
cbl-lyxdbj-300g 0.9098653793334961 128 757 232 847
cbl-lyxtmj-300g 0.9050010442733765 609 752 725 851
cbl-lyxtmj-300g 0.8804165720939636 506 752 619 849
wdm-wjxjy-1L 0.8796108365058899 1269 529 1325 709
