cbl-lyxdbj-300g 0.9578089714050293 1002 684 1232 864
cbl-lyxdbj-300g 0.9700174331665039 1217 682 1455 864
cbl-lyxdbj-300g 0.9360501766204834 1423 657 1685 860
cbl-hdj-900g 0.9203575849533081 126 503 318 866
cbl-hdj-900g 0.9429870843887329 286 502 485 861
cbl-hdj-900g 0.9365503191947937 467 494 672 864
cbl-lhdj-900g 0.8807395100593567 823 484 1025 862
cbl-lyxdbj-300g 0.9610496759414673 1003 522 1228 712
cbl-lyxdbj-300g 0.9645535349845886 1219 515 1457 706
cbl-lyxdbj-300g 0.86995530128479 1425 464 1695 683
