wdm-wjxjy-800ml 0.9089324474334717 1189 1952 1451 2446
wdm-wjxjy-800ml 0.8864136934280396 1036 1892 1267 2377
wdm-wjxjy-800ml 0.8649487495422363 896 1812 1105 2282
cbl-lyxdbj-300g 0.9402843117713928 1197 1644 1533 1910
wdm-wjxjy-1L 0.859413206577301 1460 1270 1884 2042
cbl-lyxdbj-300g 0.8976613283157349 973 1306 1283 1610
cbl-lyxdbj-300g 0.8979076147079468 531 1141 786 1427
cbl-lyxdbj-300g 0.9317291975021362 723 1050 1035 1370
cbl-lyxtmj-300g 0.896003782749176 332 1027 603 1353
cbl-lyxdbj-300g 0.8796322345733643 1401 516 1851 915
