wdm-wjxjy-800ml 0.8860995173454285 272 586 395 1000
wdm-wjxjy-800ml 0.9019404649734497 162 567 295 1000
wdm-wjxjy-800ml 0.8769499063491821 40 552 182 1002
cbl-lyxtmj-300g 0.917147159576416 599 394 751 537
cbl-lyxdbj-300g 0.8768149614334106 463 383 615 515
cbl-lyxdbj-300g 0.9149219393730164 328 361 481 505
cbl-hdj-900g 0.8693608045578003 894 330 1015 568
cbl-lhdj-900g 0.8527661561965942 803 315 922 557
cbl-lyxdbj-300g 0.9142825603485107 170 316 336 475
cbl-lyxdbj-300g 0.8317869901657104 7 289 182 477
cbl-lyxtmj-300g 0.919267475605011 598 291 739 417
cbl-lyxdbj-300g 0.9243059158325195 455 268 606 403
cbl-lyxdbj-300g 0.9125733375549316 322 235 475 379
cbl-lyxdbj-300g 0.9185540676116943 168 183 341 345
cbl-lyxdbj-300g 0.9297631978988647 1 132 187 321
