wdm-wjxjy-1L 0.8239033222198486 969 1061 1090 1441
wdm-wjxjy-1L 0.9138471484184265 1074 1058 1194 1440
wdm-wjxjy-1L 0.9111212491989136 1265 1058 1387 1432
wdm-wjxjy-1L 0.8591273427009583 1173 1058 1288 1434
wdm-wjxjy-1.3L 0.70293128490448 667 1029 844 1461
wdm-wjxjy-1L 0.8943322896957397 1369 1059 1489 1422
wdm-wjxjy-1.3L 0.7250694036483765 827 1039 1000 1459
cbl-lhdj-900g 0.899177074432373 735 711 878 972
cbl-lhdj-900g 0.9470005035400391 609 710 743 968
cbl-lhdj-900g 0.9257979393005371 497 702 622 968
