wdm-wjxjy-500ml 0.8099913001060486 1230 1460 1322 1752
wdm-wjxjy-500ml 0.803413450717926 1310 1459 1401 1747
wdm-wjxjy-800ml 0.9126163125038147 177 1440 290 1784
wdm-wjxjy-800ml 0.9066595435142517 552 1439 661 1778
wdm-wjxjy-800ml 0.9469042420387268 275 1438 386 1782
wdm-wjxjy-800ml 0.933198094367981 463 1438 570 1779
wdm-wjxjy-800ml 0.9229100942611694 369 1441 479 1778
wdm-wjxjy-800ml 0.8774210214614868 638 1437 742 1770
wdm-wjxjy-800ml 0.911583662033081 726 1430 826 1766
wdm-wjxjy-800ml 0.9329010248184204 895 1429 995 1763
wdm-wjxjy-800ml 0.9292282462120056 812 1431 910 1763
wdm-wjxjy-800ml 0.8403092622756958 1064 1421 1164 1754
wdm-wjxjy-800ml 0.8996376991271973 980 1422 1080 1758
wdm-btlcjy-500ml 0.8308455348014832 278 1115 374 1395
wdm-cxhy-510g 0.8421754837036133 503 751 603 1048
wdm-cxhy-510g 0.8869180679321289 586 740 687 1044
wdm-cxhy-510g 0.8032787442207336 675 728 769 1040
