cbl-lyxtmj-300g 0.7775535583496094 860 1439 1005 1596
cbl-lyxtmj-300g 0.8535470962524414 854 1293 1020 1469
cbl-lyxtmj-300g 0.9325825572013855 617 1083 764 1226
cbl-lyxdbj-300g 0.7630010843276978 859 1077 991 1216
cbl-lyxtmj-300g 0.854061484336853 742 1078 884 1221
cbl-lyxtmj-300g 0.9071822166442871 743 960 886 1103
cbl-lyxtmj-300g 0.8833726048469543 617 950 780 1101
cbl-lyxtmj-300g 0.9026602506637573 763 676 910 832
cbl-lyxtmj-300g 0.8387052416801453 617 643 791 828
cbl-lyxtmj-300g 0.8468806147575378 761 552 911 705
cbl-lyxtmj-300g 0.7979623079299927 639 535 797 689
