cbl-lyxdbj-300g 0.8643848299980164 1575 1903 1707 2020
cbl-lyxdbj-300g 0.9032531380653381 1574 1728 1711 1866
cbl-lyxtmj-300g 0.764289140701294 1302 1542 1421 1644
cbl-lyxtmj-300g 0.7396140098571777 1299 1458 1415 1562
cbl-lyxdbj-300g 0.7531564235687256 1428 1436 1550 1550
wdm-wjxjy-1.3L 0.7241559028625488 508 735 638 1004
wdm-wjxjy-1.3L 0.755103588104248 394 736 521 1004
wdm-wjxjy-1.3L 0.7448317408561707 296 728 423 1014
wdm-wjxjy-1.3L 0.7037364840507507 149 704 303 1026
wdm-wjxjy-800ml 0.900775671005249 620 709 731 994
