wdm-wjxjy-1L 0.9138666391372681 1163 1134 1297 1439
wdm-wjxjy-1L 0.9191761612892151 1054 1120 1188 1439
wdm-wjxjy-1L 0.9322115182876587 954 1106 1086 1439
wdm-wjxjy-800ml 0.9120728969573975 487 1017 614 1332
cbl-lyxdbj-300g 0.9667900800704956 1502 630 1715 805
wdm-wjxjy-800ml 0.8620482087135315 1169 498 1301 892
wdm-wjxjy-800ml 0.89417564868927 764 465 899 866
wdm-wjxjy-800ml 0.9190840721130371 949 450 1086 884
wdm-wjxjy-800ml 0.9252187609672546 1057 452 1196 884
cbl-lyxdbj-300g 0.9627737998962402 1496 487 1720 677
