wdm-btlcjy-500ml 0.8545615077018738 1347 874 1495 1276
wdm-btlcjy-500ml 0.7932531833648682 1137 884 1274 1252
wdm-btlcjy-500ml 0.8637803792953491 1244 879 1376 1260
cbl-lyxtmj-300g 0.8787761926651001 1024 683 1195 837
cbl-lyxtmj-300g 0.9237518310546875 1170 666 1368 835
cbl-lyxdbj-300g 0.9339210987091064 778 594 911 721
cbl-lyxtmj-300g 0.8166972994804382 370 591 497 721
cbl-lyxdbj-300g 0.8830956220626831 883 579 1041 727
cbl-lyxtmj-300g 0.8161512017250061 1002 563 1185 723
cbl-lyxtmj-300g 0.8889127969741821 1159 543 1363 710
cbl-hdj-900g 0.9369977116584778 510 235 657 496
