cbl-lyxtmj-300g 0.8683544397354126 1112 1784 1251 1908
cbl-lyxdbj-300g 0.804081916809082 1233 1775 1364 1896
cbl-lyxdbj-300g 0.89291912317276 1349 1778 1484 1895
cbl-lyxdbj-300g 0.8628286123275757 1234 1668 1377 1810
cbl-lyxtmj-300g 0.930612325668335 1111 1662 1259 1815
cbl-lyxdbj-300g 0.8990466594696045 1353 1662 1502 1807
wdm-wjxjy-1.3L 0.7554993033409119 907 387 1091 786
wdm-wjxjy-800ml 0.9069855213165283 674 292 809 748
wdm-wjxjy-800ml 0.9370035529136658 547 267 691 733
wdm-wjxjy-800ml 0.9361380338668823 425 251 567 723
wdm-wjxjy-800ml 0.9141871333122253 293 236 443 715
