wdm-wjxjy-1.3L 0.751562237739563 775 1831 920 2151
wdm-wjxjy-1.3L 0.7265241742134094 882 1791 1008 2099
wdm-wjxjy-800ml 0.8835775852203369 12 1232 204 1802
wdm-wjxjy-800ml 0.9031141400337219 163 1216 343 1760
wdm-wjxjy-800ml 0.8837078809738159 305 1206 469 1719
wdm-wjxjy-800ml 0.8569878339767456 428 1193 577 1679
wdm-wjxjy-800ml 0.7486327886581421 539 1180 686 1645
wdm-spjbsc-500ml 0.8514257669448853 750 1206 888 1585
wdm-spjbsc-500ml 0.7852293848991394 648 1192 788 1597
wdm-wjxjy-500ml 0.6901329755783081 967 1177 1095 1514
wdm-wjxjy-500ml 0.7593186497688293 1099 1168 1215 1488
wdm-spjbsc-500ml 0.8239456415176392 995 539 1141 979
wdm-btlcjy-500ml 0.8534085750579834 751 501 905 989
wdm-btlcjy-500ml 0.7236477136611938 538 465 707 991
