wdm-wjxjy-1.8L 0.8153244256973267 546 1007 689 1280
wdm-wjxjy-1.8L 0.8391028642654419 425 990 558 1280
wdm-wjxjy-1.8L 0.7977429628372192 293 979 430 1266
wdm-wjxjy-1.8L 0.8470934629440308 191 955 317 1243
wdm-wjxjy-1.8L 0.8077452182769775 365 830 473 1059
wdm-wjxjy-1.8L 0.814006507396698 67 543 189 769
wdm-wjxjy-1.8L 0.7874054312705994 259 528 374 779
wdm-wjxjy-1.8L 0.7523576021194458 359 522 476 783
wdm-wjxjy-1.8L 0.8145938515663147 168 525 284 770
wdm-wjxjy-1.8L 0.7382599115371704 167 259 265 478
wdm-wjxjy-1.8L 0.8104879856109619 249 252 350 476
wdm-wjxjy-1.3L 0.7790789604187012 340 246 443 475
