wdm-cxhy-510g 0.7142631411552429 891 970 985 1288
wdm-wjxjy-500ml 0.816741943359375 1129 976 1226 1285
wdm-wjxjy-500ml 0.8419060111045837 1043 976 1139 1289
wdm-btlcjy-500ml 0.7717972993850708 1215 975 1314 1285
wdm-cxhy-510g 0.7335717678070068 965 972 1057 1286
wdm-btlcjy-500ml 0.7160754203796387 1297 974 1392 1277
wdm-wjxjy-1.3L 0.7177631855010986 591 482 751 837
wdm-wjxjy-1.3L 0.7654672861099243 1006 483 1155 828
wdm-wjxjy-1.3L 0.7232828140258789 722 474 885 838
wdm-wjxjy-800ml 0.7867408394813538 1412 482 1518 810
wdm-wjxjy-1.3L 0.7224681377410889 865 473 1026 832
wdm-wjxjy-800ml 0.7929381728172302 1507 486 1608 801
wdm-wjxjy-1.3L 0.762840986251831 1132 475 1280 824
wdm-wjxjy-1.3L 0.7475780248641968 1266 469 1418 818
