cbl-lyxdbj-300g 0.8354538679122925 680 1087 849 1227
cbl-lyxdbj-300g 0.8848353028297424 593 1011 710 1127
cbl-lyxdbj-300g 0.8733062148094177 679 953 855 1107
cbl-lyxdbj-300g 0.7973142862319946 590 914 704 1022
cbl-lyxdbj-300g 0.91948401927948 1170 604 1335 751
wdm-wjxjy-800ml 0.7753371000289917 353 448 461 796
wdm-wjxjy-800ml 0.7384083271026611 258 441 370 804
wdm-wjxjy-500ml 0.7518086433410645 438 439 550 796
wdm-wjxjy-800ml 0.7471706867218018 185 425 294 807
cbl-lyxdbj-300g 0.9018510580062866 1174 485 1334 630
wdm-wjxjy-800ml 0.8260042667388916 4 420 130 821
wdm-wjxjy-800ml 0.7996093034744263 99 419 214 814
wdm-btlcjy-500ml 0.8797538876533508 1034 418 1152 764
wdm-spjbsc-500ml 0.8666278719902039 734 413 845 768
wdm-spjbsc-500ml 0.7700194716453552 827 406 939 763
wdm-btlcjy-500ml 0.8729061484336853 917 412 1035 760
