wdm-wjxjy-1.8L 0.7110777497291565 251 1952 495 2412
wdm-wjxjy-1.8L 0.7024468183517456 493 1904 720 2323
wdm-wjxjy-1.8L 0.7163087725639343 697 1872 924 2286
wdm-btlcjy-500ml 0.8822644352912903 161 1451 334 1924
wdm-btlcjy-500ml 0.8409909009933472 311 1446 474 1891
wdm-spjbsc-500ml 0.718112587928772 443 1396 595 1860
wdm-wjxjy-500ml 0.7015827894210815 794 1395 925 1799
wdm-wjxjy-500ml 0.6948481798171997 894 1369 1032 1765
wdm-spjbsc-500ml 0.8625298738479614 990 1359 1143 1748
wdm-wjxjy-500ml 0.7931606769561768 1189 1306 1381 1724
cbl-lyxdbj-300g 0.8491049408912659 1633 1260 1834 1425
cbl-lyxdbj-300g 0.9071426391601562 1715 1132 1908 1307
