wdm-wjxjy-1.3L 0.7704041004180908 773 1138 857 1329
wdm-wjxjy-1.3L 0.7665067911148071 843 1125 923 1311
wdm-wjxjy-1.3L 0.7388830184936523 1030 1089 1107 1272
wdm-wjxjy-1.3L 0.7777483463287354 1085 1080 1160 1257
wdm-wjxjy-800ml 0.7648496627807617 672 967 737 1130
wdm-wjxjy-800ml 0.8012468814849854 725 962 786 1120
wdm-wjxjy-800ml 0.8109087944030762 776 957 837 1110
wdm-wjxjy-800ml 0.8054867386817932 826 954 885 1102
wdm-wjxjy-800ml 0.7559466361999512 676 773 736 947
wdm-wjxjy-800ml 0.786919355392456 725 770 781 942
wdm-wjxjy-800ml 0.8121299147605896 772 771 828 938
wdm-wjxjy-800ml 0.7918061017990112 866 767 917 927
wdm-wjxjy-800ml 0.7857189178466797 912 767 964 922
wdm-btlcjy-1L 0.7818546891212463 1006 749 1063 914
lyx-tjjy-500ml 0.7834333181381226 698 576 754 764
lyx-hsjy-500ml 0.7765638828277588 837 576 892 753
lyx-tjjy-500ml 0.7491161823272705 744 572 801 761
lyx-hsjy-500ml 0.7779016494750977 930 574 982 747
lyx-hsjy-500ml 0.8126420974731445 885 573 938 750
wdm-btlcjy-500ml 0.8244310617446899 1048 167 1101 360
wdm-btlcjy-500ml 0.7980355024337769 1128 175 1180 362
wdm-btlcjy-500ml 0.8400432467460632 1088 171 1141 362
wdm-btlcjy-500ml 0.7879900932312012 921 154 980 346
wdm-wjxjy-500ml 0.7786601781845093 825 138 883 342
wdm-wjxjy-500ml 0.8114538192749023 777 132 836 338
wdm-wjxjy-500ml 0.7550642490386963 736 129 788 336
wdm-wjxjy-500ml 0.8230487108230591 682 120 740 336
