wdm-wjxjy-1.8L 0.7040840983390808 215 2032 468 2491
wdm-wjxjy-1.8L 0.7353336215019226 459 1990 693 2414
wdm-btlcjy-500ml 0.8695796728134155 143 1536 312 2005
wdm-btlcjy-500ml 0.8726844787597656 294 1527 459 1976
wdm-cxmc-460ml 0.6650904417037964 421 1486 579 1940
wdm-cxmc-460ml 0.665538489818573 545 1490 702 1915
wdm-cxhy-510g 0.6692407131195068 770 1472 902 1870
wdm-wjxjy-500ml 0.6816322803497314 865 1466 1018 1864
wdm-spjbsc-500ml 0.8291127681732178 1052 1449 1209 1832
cbl-lyxdbj-300g 0.7990394830703735 1609 1375 1793 1533
cbl-lyxdbj-300g 0.8475974798202515 1746 1254 1916 1407
