cbl-lyxdbj-300g 0.7936687469482422 621 1541 732 1663
cbl-lyxdbj-300g 0.7757912278175354 618 1433 764 1568
wdm-wjxjy-1L 0.9329830408096313 1459 1020 1632 1486
wdm-wjxjy-1L 0.9078540205955505 1348 1020 1493 1465
wdm-wjxjy-1L 0.9208310842514038 1234 1024 1370 1445
wdm-wjxjy-1L 0.8538823127746582 1136 1019 1253 1422
wdm-wjxjy-800ml 0.8733670711517334 959 1014 1074 1395
wdm-wjxjy-800ml 0.8728587627410889 870 1017 976 1386
wdm-wjxjy-800ml 0.8365700840950012 796 1013 899 1371
wdm-cxhy-510g 0.8241257667541504 432 666 537 980
wdm-btlcjy-1L 0.7780376672744751 639 611 747 964
wdm-spjbsc-500ml 0.8428733348846436 886 595 991 967
wdm-btlcjy-1L 0.873559296131134 719 602 835 971
wdm-wjxjy-1.3L 0.7270480394363403 1058 542 1221 967
