wdm-wjxjy-1.8L 0.739540159702301 979 1786 1121 2091
wdm-wjxjy-1.8L 0.7260897159576416 1374 1781 1512 2058
cbl-lyxdbj-300g 0.8009004592895508 313 1645 486 1791
wdm-wjxjy-1.8L 0.7401894330978394 605 1535 735 1810
cbl-lyxdbj-300g 0.811119794845581 288 1518 461 1679
cbl-lyxtmj-300g 0.718546986579895 67 1409 228 1549
cbl-lyxtmj-300g 0.9217990636825562 200 1297 360 1445
cbl-lyxtmj-300g 0.8921328186988831 357 1289 499 1450
cbl-lyxtmj-300g 0.8660649061203003 72 1288 238 1441
wdm-wjxjy-1.3L 0.7646174430847168 597 1201 738 1520
wdm-wjxjy-1.3L 0.7247759103775024 714 1184 852 1507
wdm-wjxjy-1.3L 0.7383748292922974 525 915 649 1182
wdm-wjxjy-1.3L 0.7403891086578369 726 905 851 1190
wdm-wjxjy-1.3L 0.7387917637825012 1084 860 1222 1157
wdm-wjxjy-1.3L 0.7649238705635071 838 848 980 1171
wdm-wjxjy-1.3L 0.7362286448478699 963 850 1103 1161
wdm-wjxjy-1.3L 0.7709581851959229 1318 838 1453 1139
wdm-wjxjy-1.3L 0.7606226801872253 1436 841 1566 1133
wdm-wjxjy-1.3L 0.7598661184310913 1204 839 1337 1136
