wdm-wjxjy-800ml 0.7393366098403931 96 723 154 894
wdm-wjxjy-500ml 0.7315869927406311 149 719 204 888
wdm-wjxjy-500ml 0.8045258522033691 200 717 254 886
wdm-btlcjy-500ml 0.7673034071922302 249 708 307 882
lyx-tjjy-500ml 0.7488003969192505 299 702 355 877
lyx-tjjy-500ml 0.8306174278259277 348 702 404 873
lyx-hsjy-500ml 0.7618376016616821 396 694 450 864
wdm-spjbsc-500ml 0.7370337843894958 83 486 148 686
wdm-cxhy-510g 0.8093798160552979 463 494 509 665
wdm-cxhy-510g 0.796072244644165 423 492 470 667
wdm-cxmc-460ml 0.7502936124801636 244 486 296 677
wdm-cxmc-460ml 0.7493524551391602 195 484 250 680
wdm-wjxjy-800ml 0.9033313989639282 568 229 636 458
wdm-wjxjy-800ml 0.8560484051704407 623 236 688 455
wdm-btlcjy-1L 0.8168759942054749 200 226 274 458
wdm-btlcjy-1L 0.8553147315979004 265 224 340 455
wdm-wjxjy-800ml 0.8695256114006042 512 222 579 454
wdm-wjxjy-800ml 0.8396779298782349 455 215 529 460
wdm-wjxjy-800ml 0.8362327814102173 391 211 465 460
wdm-btlcjy-1L 0.8021692037582397 125 215 204 457
wdm-wjxjy-800ml 0.8057984113693237 329 209 403 459
wdm-btlcjy-1L 0.8011518716812134 56 211 138 457
