cbl-lyxtmj-300g 0.9001736640930176 325 483 436 572
cbl-lyxtmj-300g 0.8954203128814697 508 479 608 570
cbl-lhdj-900g 0.8682615756988525 872 439 951 580
cbl-hdj-900g 0.8653911352157593 944 434 1026 585
cbl-lyxtmj-300g 0.8612647652626038 319 422 419 506
cbl-lyxtmj-300g 0.8890103697776794 386 329 471 404
cbl-lyxdbj-300g 0.9231910705566406 466 328 548 404
cbl-lyxdbj-300g 0.9193611145019531 540 328 624 402
cbl-lyxtmj-300g 0.9268575310707092 378 282 465 352
cbl-lyxtmj-300g 0.92302006483078 304 280 394 357
cbl-lyxdbj-300g 0.9302119016647339 539 280 620 347
cbl-lyxdbj-300g 0.933925986289978 461 281 544 349
cbl-lyxdbj-300g 0.9370445013046265 615 279 697 346
