cbl-hdj-900g 0.6865562200546265 814 1705 1035 1958
cbl-hdj-900g 0.8180365562438965 1091 1037 1370 1392
cbl-hdj-900g 0.8074443340301514 1294 1028 1596 1390
cbl-hdj-900g 0.8574411273002625 618 1017 893 1407
cbl-hdj-900g 0.8771854639053345 366 1010 646 1414
cbl-hdj-900g 0.77540522813797 87 1007 378 1397
cbl-hdj-900g 0.8140976428985596 871 1015 1160 1392
cbl-hdj-900g 0.8948588371276855 1226 474 1573 979
cbl-hdj-900g 0.8834755420684814 963 460 1291 985
cbl-hdj-900g 0.9008603096008301 645 409 990 1024
cbl-hdj-900g 0.910011887550354 350 384 688 996
cbl-hdj-900g 0.8174101710319519 19 324 378 980
