cbl-lyxtmj-300g 0.8479764461517334 993 1974 1140 2114
cbl-lyxdbj-300g 0.8336871862411499 1114 1960 1261 2095
cbl-lyxdbj-300g 0.9587241411209106 1234 1954 1381 2084
cbl-lyxtmj-300g 0.8780597448348999 988 1852 1143 2011
cbl-lyxdbj-300g 0.8629366159439087 1120 1845 1264 1998
cbl-lyxdbj-300g 0.9359946250915527 1233 1831 1385 1981
wdm-wjxjy-800ml 0.9031475782394409 495 518 631 951
wdm-wjxjy-800ml 0.9227105379104614 375 502 515 947
wdm-wjxjy-800ml 0.9180803298950195 247 486 386 937
wdm-wjxjy-800ml 0.9161559343338013 113 466 267 929
