wdm-wjxjy-1.8L 0.6959543228149414 1286 1866 1465 2226
wdm-wjxjy-1.3L 0.6740729808807373 1149 1856 1318 2217
wdm-wjxjy-1.8L 0.6441401839256287 1022 1840 1189 2206
wdm-wjxjy-1.3L 0.6750146746635437 884 1843 1041 2198
wdm-wjxjy-800ml 0.7410115003585815 1011 575 1138 1012
wdm-wjxjy-800ml 0.8351477384567261 901 574 1027 1009
wdm-wjxjy-800ml 0.8724788427352905 797 571 923 1011
wdm-wjxjy-800ml 0.7443061470985413 690 572 815 990
wdm-wjxjy-800ml 0.6426848769187927 582 570 709 986
wdm-wjxjy-800ml 0.6868504285812378 472 565 606 976
