cbl-lyxdbj-300g 0.8975834846496582 1102 1316 1223 1437
cbl-lyxdbj-300g 0.8854710459709167 977 1310 1104 1422
cbl-lyxdbj-300g 0.9154568910598755 855 1298 980 1416
cbl-lyxdbj-300g 0.9309263825416565 738 1295 864 1408
cbl-lyxdbj-300g 0.9099845886230469 617 1290 747 1400
cbl-lyxtmj-300g 0.8974905610084534 396 1276 523 1387
cbl-lyxtmj-300g 0.9061434268951416 283 1265 410 1378
cbl-lyxtmj-300g 0.9136381149291992 173 1257 296 1372
cbl-hdj-900g 0.9380563497543335 1561 1213 1693 1460
cbl-hdj-900g 0.9378337264060974 1442 1212 1576 1453
cbl-hdj-900g 0.941704273223877 1328 1204 1459 1444
cbl-hdj-900g 0.9194087386131287 1214 1203 1344 1436
cbl-lyxdbj-300g 0.8853432536125183 746 1207 865 1312
cbl-lyxdbj-300g 0.9024981260299683 625 1198 752 1308
cbl-lyxtmj-300g 0.9093432426452637 397 1175 523 1293
cbl-lyxtmj-300g 0.8995578289031982 292 1173 411 1284
cbl-lyxtmj-300g 0.9300299882888794 185 1165 299 1278
wdm-wjxjy-1L 0.9424867033958435 1715 741 1837 1072
wdm-wjxjy-1L 0.9456151127815247 1602 730 1729 1074
wdm-wjxjy-1L 0.930741012096405 1492 731 1621 1071
wdm-wjxjy-800ml 0.8865069150924683 1200 737 1314 1059
wdm-wjxjy-800ml 0.9011904001235962 1106 733 1214 1058
wdm-wjxjy-800ml 0.9108675718307495 1298 730 1410 1061
wdm-wjxjy-800ml 0.8996537923812866 1396 729 1514 1063
wdm-wjxjy-800ml 0.9003100991249084 921 727 1026 1050
