cbl-hdj-900g 1 485 509 682 880
cbl-hdj-900g 1 200 1039 353 1330
cbl-hdj-900g 1 285 1036 450 1347
cbl-lhdj-900g 1 123 1036 264 1333
cbl-lhdj-900g 1 50 1024 185 1300
cbl-lyxtmj-300g 1 385 1077 564 1239
cbl-lyxtmj-300g 1 529 1212 685 1380
cbl-lyxdbj-300g 1 623 1100 806 1265
cbl-lyxdbj-300g 1 761 1100 958 1283
cbl-lyxdbj-500g 1 926 1059 1150 1283
cbl-lyxdbj-500g 1 1114 1065 1338 1300
cbl-lyxdbj-500g 1 1126 1244 1344 1471
cbl-lyxdbj-800g 1 1317 1030 1614 1303
cbl-lyxdbj-800g 1 1329 1227 1608 1494
cbl-lyxdbj-800g 1 1579 1047 1911 1336
