lyx-tjjy-160ml 1 73 169 134 341
lyx-tjjy-160ml 1 126 175 182 343
lyx-tjjy-160ml 1 176 172 233 347
lyx-tjjy-160ml 1 225 173 283 341
lyx-tjjy-500ml 1 74 378 140 600
lyx-tjjy-500ml 1 136 381 202 604
lyx-tjjy-500ml 1 194 380 262 601
lyx-tjjy-500ml 1 254 381 322 601
lyx-tjjy-500ml 1 319 384 382 604
lyx-hsjy-500ml 1 376 386 445 606
lyx-hsjy-500ml 1 440 387 511 606
lyx-hsjy-500ml 1 505 390 573 606
lyx-hsjy-500ml 1 570 389 633 607
lyx-hsjy-500ml 1 626 392 691 609
lyx-hsjy-500ml 1 686 389 753 606
lyx-hsjy-500ml 1 746 392 808 604
lyx-tjjy-1L 1 514 638 582 840
lyx-tjjy-1L 1 571 637 640 841
lyx-tjjy-1L 1 634 638 703 843
lyx-tjjy-1L 1 696 641 766 843
lyx-tjjy-1L 1 754 638 823 844
lyx-tjjy-1L 1 822 638 903 847
lyx-tjjy-1L 1 888 640 962 846
lyx-hsjy-1L 1 63 633 153 846
lyx-hsjy-1L 1 136 633 213 847
lyx-hsjy-1L 1 200 633 274 846
lyx-hsjy-1L 1 263 633 337 847
lyx-hsjy-1L 1 326 633 403 847
lyx-hsjy-1L 1 391 633 463 846
lyx-hsjy-1L 1 454 635 520 846
lyx-nmzyjy-380ml 1 420 123 483 350
lyx-nmzyjy-380ml 1 479 127 542 352
lyx-tjyzjy-500ml 1 536 118 606 353
lyx-tjyzjy-500ml 1 600 121 668 357
lyx-tjyzjy-500ml 1 666 124 734 358
wdm-zphy-510g 1 736 130 800 358
wdm-zphy-510g 1 786 137 848 360
wdm-zphy-510g 1 837 137 905 360
