wdm-wjxjy-800ml 1 1145 727 1279 1145
cbl-hdj-800g 1 1037 479 1237 666
cbl-hdj-800g 1 1026 318 1262 510
cbl-lyxdbj-500g 1 1426 318 1641 524
cbl-lyxdbj-500g 1 1226 324 1433 525
cbl-lyxdbj-500g 1 1216 491 1426 672
cbl-lyxdbj-500g 1 1410 487 1639 687
cbl-lyxdbj-800g 1 847 325 1054 506
cbl-lyxdbj-800g 1 858 481 1060 658
cbl-lyxdbj-800g 1 687 331 879 502
cbl-lyxdbj-800g 1 699 483 885 645
cbl-lyxdbj-300g 1 464 504 628 631
cbl-lyxdbj-300g 1 370 489 508 627
cbl-lyxdbj-300g 1 510 283 668 410
cbl-lyxdbj-300g 1 412 289 551 414
cbl-lyxdbj-300g 1 435 397 570 510
cbl-lyxdbj-300g 1 526 395 668 512
cbl-lyxtmj-300g 1 637 379 749 512
cbl-lyxtmj-300g 1 645 491 749 620
wdm-spjbsc-500ml 1 470 704 570 1014
wdm-spjbsc-500ml 1 524 710 651 1027
wdm-spjbsc-1.3L 1 620 704 768 1052
wdm-spjbsc-1.3L 1 743 712 895 1083
wdm-cxmc-1.3L 1 868 718 1028 1104
wdm-wjxjy-1.3L 1 1008 739 1168 1145
