wdm-zplj-450ml 1 758 583 816 797
wdm-zplj-450ml 1 809 585 867 797
wdm-spjbsc-500ml 1 858 590 916 790
wdm-spjbsc-500ml 1 906 590 965 795
wdm-cxmc-460ml 1 958 580 1014 792
wdm-cxmc-460ml 1 1009 580 1065 792
wdm-qxmc-460ml 1 1055 580 1111 792
wdm-qxmc-460ml 1 1104 578 1160 790
wdm-zphy-510g 1 1153 588 1206 790
wdm-zphy-510g 1 1202 588 1255 783
wdm-cxhy-510g 1 1245 585 1304 788
wdm-cxhy-510g 1 1297 583 1355 788
wdm-wjxjy-500ml 1 892 822 948 1014
wdm-wjxjy-500ml 1 938 822 1002 1014
wdm-btlcjy-500ml 1 997 822 1055 1017
wdm-btlcjy-500ml 1 1048 819 1106 1017
wdm-wjxjy-1L 1 1094 807 1167 1029
wdm-wjxjy-1L 1 1158 802 1233 1031
wdm-wjxjy-800ml 1 1226 802 1292 1027
wdm-wjxjy-800ml 1 948 1031 1014 1246
wdm-wjxjy-800ml 1 1004 1036 1072 1246
wdm-wjxjy-800ml 1 1065 1031 1131 1246
wdm-wjxjy-800ml 1 1123 1034 1192 1251
wdm-wjxjy-800ml 1 1184 1027 1255 1256
wdm-wjxjy-800ml 1 1243 1036 1316 1251
