wdm-btlcjy-500ml 1 1217 650 1370 1127
wdm-btlcjy-500ml 1 1111 653 1264 1109
wdm-btlcjy-500ml 1 1014 650 1147 1086
cbl-lhdj-900g 1 1238 124 1447 553
cbl-lhdj-900g 1 1091 159 1276 565
cbl-lhdj-900g 1 973 186 1114 544
cbl-hdj-900g 1 835 209 997 565
cbl-hdj-900g 1 720 227 876 574
cbl-hdj-900g 1 611 244 750 565
cbl-lyxdbj-300g 1 488 300 641 456
cbl-lyxdbj-300g 1 479 165 655 321
cbl-lyxdbj-300g 1 379 189 520 336
cbl-lyxdbj-300g 1 391 315 517 459
cbl-lyxdbj-300g 1 408 444 511 562
cbl-lyxdbj-500g 1 282 286 426 450
cbl-lyxdbj-500g 1 203 312 329 462
cbl-lyxdbj-500g 1 208 424 326 571
cbl-lyxdbj-800g 1 100 300 238 459
cbl-lyxdbj-800g 1 117 439 250 592
cbl-lyxdbj-800g 1 17 312 144 471
wdm-zphy-510g 1 705 644 829 1053
wdm-zphy-510g 1 641 644 726 1027
wdm-cxmc-460ml 1 567 621 667 1042
wdm-cxmc-460ml 1 514 621 588 1042
wdm-wjxjy-500ml 1 441 656 532 1015
wdm-wjxjy-500ml 1 373 650 458 1006
wdm-zplj-450ml 1 311 621 405 1009
wdm-zplj-450ml 1 253 627 347 986
wdm-spjbsc-500ml 1 203 642 285 983
wdm-spjbsc-500ml 1 155 642 229 980
wdm-spjbsc-500ml 1 103 636 173 983
lyx-hsjy-500ml 1 838 627 938 1059
lyx-hsjy-500ml 1 914 636 1035 1086
wdm-wjxjy-800ml 1 129 1012 211 1350
wdm-wjxjy-800ml 1 176 1030 264 1368
wdm-wjxjy-800ml 1 232 1042 314 1386
wdm-wjxjy-800ml 1 294 1056 385 1403
wdm-wjxjy-800ml 1 353 1068 447 1421
wdm-wjxjy-800ml 1 411 1080 517 1447
wdm-wjxjy-1L 1 476 1094 591 1471
wdm-wjxjy-1L 1 555 1112 658 1489
wdm-wjxjy-1L 1 632 1124 741 1524
wdm-wjxjy-1L 1 717 1147 838 1547
wdm-wjxjy-1L 1 811 1162 938 1574
wdm-wjxjy-1L 1 903 1168 1029 1597
wdm-wjxjy-1L 1 1005 1189 1158 1630
wdm-wjxjy-1.3L 1 1167 1715 1347 2109
wdm-wjxjy-1.3L 1 1032 1694 1200 2030
wdm-wjxjy-1.3L 1 894 1642 1061 1977
wdm-wjxjy-1.3L 1 764 1597 938 1912
wdm-wjxjy-1.3L 1 673 1547 826 1871
wdm-wjxjy-1.8L 1 570 1518 720 1821
wdm-wjxjy-1.8L 1 473 1480 617 1783
wdm-wjxjy-1.8L 1 379 1450 514 1736
wdm-wjxjy-1.8L 1 303 1415 423 1692
wdm-wjxjy-1.8L 1 208 1394 338 1677
