wdm-wjxjy-800ml 1 563 19 677 402
wdm-wjxjy-800ml 1 660 38 773 408
wdm-wjxjy-800ml 1 752 62 852 408
wdm-wjxjy-800ml 1 833 79 924 413
wdm-wjxjy-800ml 1 909 96 999 419
wdm-wjxjy-800ml 1 984 104 1075 423
wdm-wjxjy-1.3L 1 1048 147 1150 425
wdm-wjxjy-1.3L 1 1129 162 1222 428
wdm-wjxjy-1.3L 1 1203 174 1297 432
wdm-wjxjy-1.3L 1 1271 187 1360 438
wdm-wjxjy-500ml 1 597 491 699 800
wdm-wjxjy-500ml 1 682 494 775 791
wdm-wjxjy-500ml 1 754 500 837 785
wdm-wjxjy-500ml 1 822 491 912 766
wdm-wjxjy-500ml 1 897 489 975 759
wdm-btlcjy-500ml 1 965 489 1037 757
wdm-btlcjy-500ml 1 1022 496 1092 747
wdm-btlcjy-500ml 1 1073 494 1146 749
wdm-btlcjy-500ml 1 1133 496 1199 728
wdm-wjxjy-1L 1 1171 464 1254 730
wdm-wjxjy-1L 1 1235 466 1303 725
wdm-wjxjy-1L 1 1290 468 1358 713
wdm-wjxjy-1.3L 1 565 842 712 1159
wdm-wjxjy-1.3L 1 677 823 809 1138
wdm-spjbsc-500ml 1 790 821 882 1106
wdm-spjbsc-500ml 1 863 813 937 1096
wdm-cxhy-510g 1 922 808 995 1081
wdm-cxhy-510g 1 980 802 1054 1070
wdm-cxhy-510g 1 1039 794 1116 1057
wdm-wjxjy-1L 1 1088 770 1163 1030
wdm-wjxjy-1L 1 1152 762 1226 1015
wdm-wjxjy-1L 1 1212 749 1284 1006
wdm-wjxjy-1L 1 1271 738 1337 983
