wdm-wjxjy-500ml 1 341 185 404 390
wdm-wjxjy-500ml 1 397 183 462 390
wdm-wjxjy-500ml 1 450 178 509 390
wdm-wjxjy-500ml 1 502 175 565 388
wdm-wjxjy-500ml 1 558 180 621 385
wdm-wjxjy-500ml 1 616 170 680 388
wdm-wjxjy-800ml 1 672 124 743 388
wdm-wjxjy-800ml 1 738 129 809 388
wdm-wjxjy-800ml 1 799 124 867 385
wdm-wjxjy-800ml 1 862 117 938 375
wdm-wjxjy-800ml 1 931 114 1002 383
wdm-wjxjy-800ml 1 994 112 1075 378
wdm-wjxjy-800ml 1 1065 102 1143 380
wdm-cxmc-1.3L 1 1136 127 1243 373
wdm-cxmc-1.3L 1 1233 122 1341 375
wdm-cxhy-510g 1 365 449 423 651
wdm-cxhy-510g 1 411 449 467 663
wdm-cxhy-510g 1 460 453 516 666
wdm-spjbsc-500ml 1 514 446 570 666
wdm-spjbsc-500ml 1 560 449 621 663
wdm-spjbsc-500ml 1 614 446 682 661
lyx-tjjy-500ml 1 677 441 748 670
lyx-tjjy-500ml 1 741 441 802 663
lyx-tjyzjy-500ml 1 799 446 865 663
lyx-tjyzjy-500ml 1 855 441 926 661
lyx-hsjy-500ml 1 919 441 982 668
lyx-hsjy-500ml 1 980 439 1048 661
wdm-spjbsc-1.3L 1 1038 434 1143 673
wdm-spjbsc-1.3L 1 1136 429 1236 673
wdm-spjbsc-1.3L 1 1223 427 1333 666
wdm-wjxjy-800ml 1 1233 692 1316 936
wdm-wjxjy-800ml 1 1158 690 1236 934
wdm-wjxjy-800ml 1 1084 690 1167 931
wdm-wjxjy-1L 1 1009 692 1092 929
wdm-wjxjy-1L 1 941 690 1019 924
wdm-wjxjy-1L 1 875 688 945 919
wdm-btlcjy-1L 1 806 688 880 922
wdm-btlcjy-1L 1 743 688 814 917
wdm-btlcjy-1L 1 675 688 745 909
wdm-qxmc-460ml 1 626 685 682 912
wdm-qxmc-460ml 1 577 688 631 912
wdm-qxmc-460ml 1 528 683 584 907
wdm-zphy-510g 1 484 690 538 895
wdm-zphy-510g 1 436 697 492 897
wdm-zphy-510g 1 389 685 443 897
wdm-zplj-450ml 1 402 927 460 1112
wdm-zplj-450ml 1 448 931 504 1107
wdm-zplj-450ml 1 494 927 550 1119
wdm-cxmc-460ml 1 541 927 597 1122
wdm-cxmc-460ml 1 589 929 648 1127
wdm-cxmc-460ml 1 641 929 694 1129
wdm-cxmc-460ml 1 682 931 745 1131
wdm-btlcjy-500ml 1 736 931 799 1134
wdm-btlcjy-500ml 1 789 941 850 1136
wdm-btlcjy-500ml 1 843 944 906 1141
wdm-btlcjy-500ml 1 897 946 960 1149
wdm-wjxjy-500ml 1 1123 961 1175 1158
wdm-wjxjy-500ml 1 1170 970 1223 1170
wdm-wjxjy-500ml 1 1219 968 1275 1170
wdm-wjxjy-500ml 1 1267 978 1328 1166
wdm-wjxjy-1.3L 1 1241 1202 1343 1429
wdm-wjxjy-1.3L 1 1141 1190 1243 1419
wdm-wjxjy-1.3L 1 1050 1185 1153 1412
wdm-wjxjy-1.3L 1 970 1178 1062 1397
wdm-wjxjy-1.3L 1 884 1173 975 1397
wdm-wjxjy-1.3L 1 804 1163 897 1392
wdm-wjxjy-1.3L 1 728 1161 814 1380
wdm-wjxjy-1.3L 1 650 1151 736 1375
wdm-wjxjy-1.8L 1 570 1151 660 1361
wdm-wjxjy-1.8L 1 484 1139 577 1358
wdm-wjxjy-1.8L 1 402 1136 497 1349
