wdm-wjxjy-1.8L 1 423 263 526 529
wdm-wjxjy-1.8L 1 344 265 452 534
wdm-wjxjy-1.8L 1 262 276 362 532
wdm-wjxjy-1.3L 1 202 303 281 538
wdm-wjxjy-1.3L 1 146 307 220 529
wdm-wjxjy-1.3L 1 97 313 169 525
wdm-wjxjy-500ml 1 56 329 110 528
wdm-wjxjy-500ml 1 21 336 73 531
wdm-wjxjy-500ml 1 1 341 40 523
wdm-wjxjy-800ml 1 350 822 413 1023
wdm-wjxjy-800ml 1 297 805 362 1010
wdm-wjxjy-800ml 1 242 794 310 989
wdm-wjxjy-800ml 1 195 783 258 965
wdm-wjxjy-800ml 1 153 771 210 947
wdm-wjxjy-1L 1 124 757 175 931
wdm-wjxjy-1L 1 97 748 140 925
wdm-wjxjy-1L 1 65 741 116 913
wdm-wjxjy-1L 1 33 729 76 899
wdm-qxmc-460ml 1 434 560 495 803
wdm-qxmc-460ml 1 407 825 476 1048
wdm-qxmc-460ml 1 456 821 523 1076
wdm-qxmc-460ml 1 379 555 449 802
wdm-qxmc-460ml 1 333 561 391 792
wdm-qxmc-460ml 1 298 557 346 771
wdm-qxmc-460ml 1 253 555 308 765
wdm-zphy-510g 1 220 555 263 752
wdm-zphy-510g 1 194 550 231 745
wdm-zphy-510g 1 159 545 201 741
wdm-zphy-510g 1 133 548 175 734
wdm-spjbsc-500ml 1 105 544 147 723
wdm-spjbsc-500ml 1 78 542 121 722
wdm-spjbsc-500ml 1 53 539 92 710
wdm-spjbsc-500ml 1 21 536 68 706
