wdm-wjxjy-1L 1 364 1512 500 1897
wdm-wjxjy-1L 1 464 1518 617 1906
wdm-wjxjy-1L 1 582 1524 720 1903
wdm-wjxjy-1.3L 1 211 1524 385 1903
wdm-wjxjy-800ml 1 679 1492 814 1918
wdm-wjxjy-800ml 1 788 1503 917 1909
wdm-wjxjy-800ml 1 897 1503 1017 1921
wdm-wjxjy-800ml 1 997 1500 1120 1930
wdm-wjxjy-500ml 1 1108 1559 1211 1930
wdm-wjxjy-500ml 1 1200 1571 1320 1936
wdm-btlcjy-500ml 1 1297 1586 1397 1930
wdm-btlcjy-500ml 1 1382 1589 1500 1942
wdm-cxhy-510g 1 1470 1577 1597 1947
wdm-cxhy-510g 1 1564 1577 1679 1942
wdm-spjbsc-1.3L 1 1385 1133 1553 1453
wdm-wjxjy-1.8L 1 1250 1118 1411 1459
wdm-wjxjy-1.8L 1 979 1115 1138 1450
wdm-wjxjy-2L 1 258 1077 444 1427
wdm-wjxjy-2L 1 411 1086 597 1430
wdm-wjxjy-2L 1 558 1086 726 1430
cbl-lyxdbj-300g 1 103 2133 255 2283
cbl-lyxdbj-300g 1 94 2262 247 2412
cbl-lyxdbj-500g 1 376 2118 564 2289
cbl-lyxdbj-500g 1 367 2253 558 2427
cbl-lyxdbj-800g 1 535 2086 741 2286
cbl-lyxdbj-800g 1 520 2244 714 2436
cbl-lyxdbj-800g 1 711 2106 911 2294
cbl-lyxdbj-800g 1 697 2247 903 2447
cbl-lyxtmj-300g 1 235 2139 403 2289
cbl-lyxtmj-300g 1 226 2262 385 2418
cbl-lhdj-900g 1 897 2133 1070 2456
cbl-hdj-900g 1 1035 2133 1194 2471
cbl-hdj-900g 1 1167 2144 1317 2471
wdm-spjbsc-500ml 1 1514 2059 1653 2492
wdm-spjbsc-500ml 1 1611 2062 1767 2497
wdm-zplj-450ml 1 1294 2033 1441 2492
wdm-zplj-450ml 1 1408 2042 1538 2483
