cbl-lhdj-900g 1 117 91 370 565
cbl-lhdj-900g 1 335 165 520 586
cbl-lhdj-900g 1 473 212 658 624
cbl-hdj-900g 1 132 730 376 1159
cbl-hdj-900g 1 332 744 526 1150
cbl-hdj-900g 1 490 759 655 1130
cbl-hdj-900g 1 620 765 761 1118
cbl-hdj-900g 1 732 777 846 1100
cbl-hdj-900g 1 823 783 949 1094
cbl-lhdj-900g 1 923 786 1035 1074
cbl-lhdj-900g 1 1005 791 1111 1074
cbl-lyxdbj-300g 1 632 294 808 480
cbl-lyxdbj-300g 1 640 453 811 636
cbl-lyxdbj-300g 1 782 330 926 506
cbl-lyxdbj-300g 1 788 480 926 650
cbl-lyxtmj-300g 1 902 368 1023 539
cbl-lyxtmj-300g 1 902 503 1029 665
cbl-lyxtmj-300g 1 1005 400 1120 550
cbl-lyxtmj-300g 1 1014 530 1111 677
cbl-lyxdbj-800g 1 1088 771 1211 918
cbl-lyxdbj-800g 1 1085 909 1220 1062
cbl-lyxdbj-800g 1 1196 780 1293 918
cbl-lyxdbj-800g 1 1202 906 1293 1041
cbl-lyxdbj-800g 1 1279 780 1370 906
cbl-lyxdbj-800g 1 1279 903 1370 1036
cbl-lyxdbj-800g 1 1355 789 1440 915
cbl-lyxdbj-800g 1 1352 900 1432 1033
cbl-lyxdbj-500g 1 1088 394 1196 553
cbl-lyxdbj-500g 1 1093 536 1193 697
cbl-lyxdbj-500g 1 1173 424 1261 568
cbl-lyxdbj-500g 1 1173 550 1258 706
cbl-lyxdbj-500g 1 1246 450 1329 580
cbl-lyxdbj-500g 1 1243 571 1329 706
cbl-lyxdbj-500g 1 1308 471 1385 603
cbl-lyxdbj-500g 1 1370 486 1438 612
cbl-lyxdbj-500g 1 1311 583 1382 718
cbl-lyxdbj-500g 1 1361 600 1429 724
