wdm-wjxjy-1.8L 1 394 371 594 827
wdm-wjxjy-1.8L 1 532 427 708 830
wdm-wjxjy-1.8L 1 623 397 826 856
wdm-wjxjy-1.8L 1 788 450 964 894
wdm-wjxjy-800ml 1 932 527 1047 927
wdm-wjxjy-800ml 1 1008 550 1123 930
wdm-wjxjy-1L 1 1067 571 1211 942
wdm-wjxjy-1L 1 1170 606 1314 956
cbl-lyxdbj-800g 1 1000 1909 1173 2100
cbl-lyxdbj-800g 1 1032 2068 1167 2209
cbl-lyxtmj-800g 1 1105 1880 1264 2059
cbl-lyxtmj-800g 1 1138 2030 1247 2159
cbl-lyxdbj-300g 1 1226 1912 1329 2039
cbl-lyxdbj-300g 1 1220 2018 1314 2118
cbl-lyxtmj-300g 1 1291 1956 1379 2083
