lyx-hsjy-500ml 1 23 220 110 472
lyx-hsjy-500ml 1 89 210 177 468
lyx-hsjy-500ml 1 162 206 248 464
lyx-hsjy-500ml 1 231 203 322 460
lyx-tjjy-500ml 1 48 524 131 758
lyx-tjjy-500ml 1 112 526 200 755
lyx-tjjy-500ml 1 179 514 272 753
lyx-tjjy-500ml 1 247 516 341 753
lyx-tjjy-500ml 1 316 506 402 751
lyx-tjyzjy-500ml 1 98 808 175 1028
lyx-tjyzjy-500ml 1 164 808 237 1022
lyx-tjyzjy-500ml 1 220 803 298 1022
lyx-tjyzjy-500ml 1 285 801 360 1024
wdm-wjxjy-500ml 1 343 801 420 1010
wdm-wjxjy-500ml 1 408 805 481 1010
wdm-wjxjy-500ml 1 470 797 539 1008
wdm-wjxjy-500ml 1 531 795 598 1008
wdm-btlcjy-500ml 1 131 1095 212 1293
wdm-btlcjy-500ml 1 191 1097 272 1291
wdm-btlcjy-500ml 1 258 1097 327 1289
wdm-btlcjy-500ml 1 314 1099 379 1291
wdm-btlcjy-500ml 1 368 1095 443 1291
wdm-wjxjy-800ml 1 139 1347 229 1583
wdm-wjxjy-800ml 1 206 1347 287 1583
wdm-wjxjy-800ml 1 275 1349 358 1587
wdm-wjxjy-800ml 1 345 1353 427 1589
wdm-wjxjy-800ml 1 412 1349 491 1589
wdm-wjxjy-800ml 1 481 1356 562 1591
