wdm-cxmc-1.3L 1 1388 650 1570 1050
wdm-cxmc-1.3L 1 1241 656 1414 1044
wdm-cxmc-1.3L 1 1103 659 1261 1039
wdm-wjxjy-1.3L 1 967 653 1135 1039
wdm-wjxjy-1.3L 1 820 647 997 1047
wdm-wjxjy-1.8L 1 673 630 853 1033
wdm-wjxjy-1.8L 1 511 618 691 1039
wdm-wjxjy-1.8L 1 358 618 541 1030
wdm-wjxjy-800ml 1 853 1071 979 1483
wdm-wjxjy-800ml 1 955 1077 1088 1465
wdm-wjxjy-800ml 1 1055 1068 1176 1471
wdm-wjxjy-800ml 1 1150 1068 1288 1471
wdm-wjxjy-800ml 1 1270 1083 1391 1480
wdm-wjxjy-800ml 1 1367 1077 1497 1489
wdm-wjxjy-800ml 1 1470 1086 1603 1492
wdm-wjxjy-1L 1 753 1080 879 1492
wdm-wjxjy-1L 1 653 1083 773 1477
wdm-wjxjy-1L 1 538 1071 664 1459
wdm-wjxjy-1L 1 423 1065 544 1471
wdm-wjxjy-1.8L 1 1458 115 1647 530
wdm-wjxjy-1.8L 1 1305 115 1470 542
wdm-wjxjy-1.8L 1 1161 115 1323 533
wdm-wjxjy-1.8L 1 1011 118 1179 524
wdm-wjxjy-1.8L 1 867 118 1026 536
wdm-wjxjy-1.8L 1 720 115 885 536
wdm-wjxjy-1.8L 1 576 121 741 524
wdm-wjxjy-1.8L 1 429 133 594 530
wdm-btlcjy-500ml 1 750 1506 867 1847
wdm-btlcjy-500ml 1 844 1503 953 1850
wdm-btlcjy-500ml 1 932 1518 1050 1850
wdm-btlcjy-500ml 1 1032 1515 1135 1847
wdm-spjbsc-500ml 1 1114 1509 1232 1850
wdm-spjbsc-500ml 1 1208 1521 1317 1859
wdm-spjbsc-500ml 1 1294 1527 1405 1859
wdm-spjbsc-500ml 1 1385 1524 1494 1871
wdm-spjbsc-500ml 1 1470 1536 1585 1865
wdm-wjxjy-500ml 1 673 1503 770 1842
wdm-wjxjy-500ml 1 579 1512 688 1844
wdm-wjxjy-500ml 1 485 1500 603 1856
wdm-wjxjy-500ml 1 391 1489 508 1839
cbl-hdj-900g 1 441 1892 564 2165
cbl-hdj-900g 1 547 1906 667 2162
cbl-lhdj-900g 1 653 1909 788 2168
cbl-lhdj-900g 1 761 1903 894 2174
cbl-lyxdbj-300g 1 1479 1968 1623 2124
cbl-lyxdbj-300g 1 1482 2086 1626 2221
cbl-lyxdbj-500g 1 1347 1947 1500 2103
cbl-lyxdbj-500g 1 1338 2050 1491 2212
cbl-lyxdbj-500g 1 1208 1944 1361 2097
cbl-lyxdbj-500g 1 1200 2030 1353 2200
cbl-lyxdbj-800g 1 1053 1921 1223 2086
cbl-lyxdbj-800g 1 1047 2047 1226 2197
cbl-lyxdbj-800g 1 903 1915 1070 2074
cbl-lyxdbj-800g 1 888 2027 1067 2197
