cbl-lyxdbj-800g 1 1129 727 1308 886
cbl-lyxdbj-800g 1 1255 712 1417 877
cbl-lyxdbj-800g 1 1155 871 1290 1000
cbl-lyxdbj-800g 1 1279 859 1402 977
cbl-lyxdbj-800g 1 1008 856 1176 1012
cbl-lyxdbj-800g 1 849 862 1029 1030
cbl-lyxdbj-500g 1 723 891 890 1050
cbl-lyxdbj-300g 1 258 944 420 1097
cbl-hdj-900g 1 426 1244 596 1574
cbl-hdj-900g 1 570 1221 720 1524
cbl-hdj-900g 1 702 1200 843 1503
cbl-hdj-900g 1 823 1183 958 1477
cbl-hdj-900g 1 935 1162 1067 1441
cbl-hdj-900g 1 1040 1141 1185 1424
cbl-hdj-900g 1 1155 1130 1282 1394
cbl-hdj-900g 1 1240 1118 1388 1383
cbl-hdj-900g 1 1343 1103 1467 1359
cbl-hdj-900g 1 1429 1091 1543 1333
