cbl-lyxdbj-800g 1 778 322 915 439
cbl-lyxdbj-800g 1 900 314 959 424
cbl-lyxdbj-800g 1 810 424 881 529
cbl-lyxdbj-800g 1 871 419 924 509
cbl-lyxdbj-800g 1 815 514 888 622
cbl-lyxdbj-800g 1 873 492 929 595
cbl-lyxdbj-800g 1 685 434 829 561
cbl-lyxdbj-800g 1 754 541 827 658
cbl-lyxdbj-800g 1 651 461 756 588
cbl-lyxdbj-800g 1 666 573 768 700
cbl-lyxdbj-500g 1 537 419 663 546
cbl-lyxdbj-500g 1 542 527 673 639
cbl-lyxdbj-500g 1 549 617 683 731
cbl-lyxdbj-500g 1 439 436 556 563
cbl-lyxdbj-500g 1 432 546 544 670
cbl-lyxdbj-500g 1 442 641 556 768
cbl-lyxdbj-500g 1 273 446 451 600
cbl-lyxdbj-500g 1 305 575 442 709
cbl-lyxdbj-500g 1 327 680 461 817
