wdm-cxmc-460ml 1 1720 527 1920 1239
wdm-cxhy-510g 1 1650 574 1891 1177
wdm-cxhy-510g 1 1564 565 1794 1142
wdm-cxhy-510g 1 1508 559 1732 1112
wdm-cxhy-510g 1 1453 562 1641 1071
wdm-spjbsc-500ml 1 1382 544 1558 1042
wdm-spjbsc-500ml 1 1326 536 1494 1015
wdm-spjbsc-500ml 1 1264 536 1450 1000
wdm-wjxjy-500ml 1 1229 556 1382 953
wdm-wjxjy-500ml 1 1185 530 1303 936
wdm-wjxjy-500ml 1 1153 542 1261 918
wdm-wjxjy-500ml 1 1111 533 1217 900
wdm-wjxjy-500ml 1 1082 533 1182 874
wdm-wjxjy-800ml 1 1400 1209 1605 1724
wdm-wjxjy-800ml 1 1332 1174 1529 1647
wdm-wjxjy-800ml 1 1282 1124 1450 1606
wdm-wjxjy-800ml 1 1247 1086 1388 1509
wdm-btlcjy-500ml 1 1044 521 1135 865
wdm-btlcjy-500ml 1 991 515 1067 842
cbl-lyxtmj-300g 1 1767 197 1920 442
cbl-lyxtmj-300g 1 1797 1 1920 233
cbl-lyxtmj-800g 1 1220 259 1347 450
cbl-lyxtmj-800g 1 1153 280 1247 462
cbl-lyxtmj-800g 1 1158 112 1267 297
cbl-lyxdbj-300g 1 1614 218 1803 442
cbl-lyxdbj-300g 1 1641 9 1847 253
cbl-lyxdbj-300g 1 1494 242 1661 453
cbl-lyxdbj-300g 1 1523 56 1691 274
cbl-lyxdbj-800g 1 1394 233 1541 433
cbl-lyxdbj-800g 1 1300 253 1414 453
cbl-lyxdbj-800g 1 1361 65 1547 268
cbl-lyxdbj-800g 1 1244 80 1403 277
wdm-cxmc-1.3L 1 1458 1292 1750 1830
wdm-cxmc-1.3L 1 1558 1380 1891 1974
