wdm-wjxjy-800ml 1 863 658 949 939
wdm-wjxjy-800ml 1 807 636 883 917
wdm-wjxjy-800ml 1 776 619 842 888
wdm-wjxjy-800ml 1 720 597 793 856
wdm-wjxjy-800ml 1 685 583 746 831
wdm-wjxjy-800ml 1 644 563 710 812
wdm-wjxjy-800ml 1 934 639 1003 917
wdm-wjxjy-800ml 1 983 622 1044 890
wdm-wjxjy-800ml 1 1024 602 1090 861
wdm-wjxjy-800ml 1 1076 583 1146 836
wdm-wjxjy-800ml 1 1124 573 1185 819
wdm-wjxjy-800ml 1 1166 561 1222 795
wdm-wjxjy-800ml 1 1203 549 1263 780
wdm-wjxjy-800ml 1 946 295 1022 551
wdm-wjxjy-800ml 1 698 290 781 539
wdm-wjxjy-800ml 1 763 283 827 522
wdm-wjxjy-800ml 1 842 278 917 522
wdm-wjxjy-800ml 1 1081 280 1168 522
wdm-wjxjy-800ml 1 1151 278 1234 517
wdm-wjxjy-800ml 1 1195 288 1271 531
wdm-wjxjy-800ml 1 1244 300 1327 551
wdm-wjxjy-800ml 1 1039 124 1110 378
wdm-wjxjy-800ml 1 810 127 890 366
cbl-hdj-900g 1 588 678 651 817
cbl-hdj-900g 1 588 507 666 641
cbl-hdj-900g 1 542 653 620 795
cbl-hdj-900g 1 503 636 573 770
cbl-hdj-900g 1 466 614 549 751
cbl-hdj-900g 1 612 346 690 514
cbl-hdj-900g 1 651 366 732 524
cbl-hdj-900g 1 890 366 971 531
cbl-hdj-900g 1 966 224 1054 395
