lyx-tjjy-1L 1 117 22 188 262
lyx-tjjy-1L 1 182 29 257 272
lyx-tjjy-1L 1 256 39 331 274
lyx-tjjy-1L 1 323 46 393 279
lyx-tjjy-1L 1 386 57 457 283
lyx-tjjy-1L 1 445 63 511 285
lyx-tjjy-1L 1 136 285 208 506
lyx-tjjy-1L 1 200 292 270 512
lyx-tjjy-1L 1 262 291 330 516
lyx-tjjy-1L 1 323 297 393 517
lyx-tjjy-1L 1 388 299 453 519
lyx-tjjy-1L 1 446 305 505 516
lyx-tjjy-1L 1 148 531 217 731
lyx-tjjy-1L 1 208 532 277 732
lyx-tjjy-1L 1 265 531 337 736
lyx-tjjy-1L 1 325 531 396 726
lyx-tjjy-1L 1 383 531 450 725
lyx-tjjy-1L 1 442 531 502 720
lyx-tjjy-1L 1 174 846 260 1103
lyx-tjjy-1L 1 259 842 340 1088
lyx-tjjy-1L 1 337 834 416 1083
lyx-tjjy-1L 1 406 829 483 1074
lyx-tjjy-1L 1 479 823 550 1062
lyx-tjjy-1L 1 546 814 614 1052
lyx-tjjy-1L 1 194 1162 266 1365
lyx-tjjy-1L 1 266 1154 334 1365
lyx-tjjy-1L 1 336 1142 408 1357
lyx-tjjy-1L 1 408 1132 471 1345
lyx-tjjy-1L 1 471 1125 542 1334
lyx-tjjy-1L 1 537 1114 600 1319
lyx-hsjy-1L 1 510 63 576 288
lyx-hsjy-1L 1 566 72 631 291
lyx-hsjy-1L 1 628 80 685 296
lyx-hsjy-1L 1 683 85 739 297
lyx-hsjy-1L 1 736 92 785 300
lyx-hsjy-1L 1 780 94 839 300
lyx-hsjy-1L 1 505 302 560 509
lyx-hsjy-1L 1 560 305 619 512
lyx-hsjy-1L 1 616 309 674 517
lyx-hsjy-1L 1 668 312 722 514
lyx-hsjy-1L 1 716 316 768 514
lyx-hsjy-1L 1 760 317 811 514
lyx-hsjy-1L 1 493 526 550 716
lyx-hsjy-1L 1 545 529 600 712
lyx-hsjy-1L 1 596 531 648 712
lyx-hsjy-1L 1 646 522 705 709
lyx-hsjy-1L 1 703 526 760 711
lyx-hsjy-1L 1 756 523 814 706
lyx-hsjy-1L 1 611 812 686 1040
lyx-hsjy-1L 1 683 806 748 1036
lyx-hsjy-1L 1 751 803 817 1029
lyx-hsjy-1L 1 810 797 877 1016
lyx-hsjy-1L 1 870 789 934 1006
lyx-hsjy-1L 1 597 1096 670 1305
lyx-hsjy-1L 1 665 1091 733 1292
lyx-hsjy-1L 1 728 1077 796 1279
lyx-hsjy-1L 1 788 1072 851 1269
lyx-hsjy-1L 1 837 1054 902 1256
