wdm-wjxjy-1L 1 1173 1286 1282 1612
wdm-wjxjy-1L 1 1023 1262 1138 1583
wdm-wjxjy-1L 1 958 1250 1055 1556
wdm-wjxjy-1L 1 900 1233 991 1518
wdm-wjxjy-1L 1 841 1230 932 1506
wdm-wjxjy-1L 1 791 1215 882 1489
wdm-wjxjy-800ml 1 738 1212 811 1477
wdm-wjxjy-800ml 1 694 1203 764 1465
wdm-wjxjy-800ml 1 647 1197 723 1447
wdm-wjxjy-800ml 1 603 1192 670 1439
wdm-wjxjy-800ml 1 564 1183 641 1433
wdm-wjxjy-800ml 1 526 1174 597 1412
wdm-wjxjy-800ml 1 897 947 970 1203
wdm-wjxjy-800ml 1 947 947 1023 1221
wdm-wjxjy-800ml 1 1008 947 1085 1236
wdm-wjxjy-800ml 1 1061 944 1144 1239
wdm-wjxjy-800ml 1 1117 930 1208 1236
wdm-wjxjy-800ml 1 1188 942 1282 1247
wdm-wjxjy-500ml 1 1250 983 1335 1262
wdm-wjxjy-500ml 1 1317 1003 1405 1277
wdm-wjxjy-500ml 1 1382 1006 1482 1286
wdm-wjxjy-500ml 1 1455 1009 1547 1300
wdm-wjxjy-500ml 1 1523 1006 1629 1300
wdm-wjxjy-500ml 1 1611 1006 1711 1300
wdm-btlcjy-1L 1 1255 1283 1344 1621
wdm-btlcjy-1L 1 1326 1289 1435 1650
wdm-btlcjy-1L 1 1408 1300 1529 1680
wdm-btlcjy-1L 1 1500 1324 1617 1715
wdm-btlcjy-1L 1 1588 1336 1705 1733
wdm-wjxjy-1.8L 1 1191 1653 1335 1950
wdm-wjxjy-1.8L 1 1088 1618 1238 1927
wdm-wjxjy-1.8L 1 1000 1574 1132 1889
wdm-wjxjy-1.8L 1 917 1559 1035 1839
wdm-wjxjy-1.8L 1 850 1536 953 1812
wdm-wjxjy-1.8L 1 785 1518 885 1786
wdm-wjxjy-1.8L 1 717 1486 814 1753
wdm-wjxjy-1.8L 1 664 1468 753 1715
wdm-spsc-2L 1 603 1471 688 1712
wdm-spsc-2L 1 564 1456 647 1689
wdm-spsc-2L 1 505 1442 585 1653
wdm-spsc-2L 1 458 1430 529 1636
wdm-wjxjy-1.8L 1 967 1877 1094 2209
wdm-wjxjy-1.8L 1 1047 1915 1200 2265
wdm-wjxjy-1.8L 1 1147 1965 1300 2309
wdm-wjxjy-1.8L 1 1253 2003 1417 2362
wdm-wjxjy-1.8L 1 1364 2053 1538 2436
wdm-wjxjy-1.8L 1 1497 2097 1670 2500
lyx-tjjy-500ml 1 1626 533 1753 894
lyx-tjjy-500ml 1 1520 544 1653 915
lyx-tjjy-500ml 1 1435 547 1553 915
lyx-tjjy-500ml 1 1353 556 1473 918
lyx-tjjy-500ml 1 1270 574 1376 915
lyx-hsjy-500ml 1 1205 583 1297 897
lyx-hsjy-500ml 1 1132 594 1235 912
lyx-tjyzjy-500ml 1 1058 603 1153 915
lyx-tjyzjy-500ml 1 1005 609 1088 909
lyx-tjyzjy-500ml 1 935 621 1029 918
lyx-tjyzjy-500ml 1 882 624 967 912
wdm-spjbsc-500ml 1 835 627 926 903
