cbl-lyxdbj-300g 1 814 1406 970 1547
cbl-lyxdbj-300g 1 829 1521 973 1653
cbl-lyxdbj-300g 1 953 1397 1108 1530
cbl-lyxdbj-300g 1 964 1512 1108 1641
cbl-lyxdbj-500g 1 1094 1356 1256 1503
cbl-lyxdbj-500g 1 1091 1474 1250 1624
cbl-lyxtmj-300g 1 676 1415 823 1553
cbl-lyxtmj-300g 1 520 1430 688 1568
cbl-lyxtmj-300g 1 526 1541 676 1683
cbl-lyxtmj-300g 1 673 1530 835 1668
cbl-hdj-900g 1 379 1403 550 1700
cbl-hdj-900g 1 226 1406 403 1718
wdm-wjxjy-500ml 1 94 194 232 591
wdm-wjxjy-500ml 1 211 206 341 606
wdm-wjxjy-500ml 1 332 218 464 606
wdm-wjxjy-500ml 1 450 227 573 606
wdm-wjxjy-800ml 1 132 706 291 1171
wdm-wjxjy-800ml 1 261 709 417 1174
wdm-wjxjy-800ml 1 403 721 556 1171
wdm-wjxjy-800ml 1 532 721 667 1168
wdm-wjxjy-800ml 1 656 727 791 1165
wdm-wjxjy-800ml 1 770 730 911 1162
wdm-wjxjy-800ml 1 879 733 1014 1156
wdm-wjxjy-1L 1 994 756 1132 1156
wdm-wjxjy-1L 1 1106 759 1232 1153
wdm-wjxjy-1.3L 1 1208 777 1376 1156
wdm-wjxjy-1.3L 1 1341 780 1511 1150
wdm-wjxjy-1.8L 1 1485 744 1664 1147
wdm-wjxjy-1.3L 1 1626 739 1800 1141
wdm-btlcjy-500ml 1 556 244 676 609
wdm-btlcjy-500ml 1 664 256 791 612
wdm-btlcjy-500ml 1 773 268 894 615
wdm-btlcjy-500ml 1 888 277 1014 627
wdm-cxmc-460ml 1 991 253 1108 636
wdm-cxmc-460ml 1 1091 259 1214 636
wdm-cxmc-460ml 1 1188 274 1308 650
wdm-spjbsc-500ml 1 1282 291 1388 641
wdm-spjbsc-500ml 1 1373 300 1485 650
wdm-spjbsc-500ml 1 1458 303 1564 639
wdm-cxhy-510g 1 1544 315 1644 650
wdm-cxhy-510g 1 1611 312 1726 656
