cbl-hdj-900g 1 150 641 361 1006
cbl-hdj-900g 1 338 650 520 1012
cbl-hdj-500g 1 508 700 726 862
cbl-hdj-500g 1 511 841 726 980
cbl-hdj-500g 1 706 703 911 859
cbl-hdj-500g 1 708 841 903 974
cbl-hdj-300g 1 870 803 1053 900
cbl-hdj-300g 1 873 889 1050 974
cbl-hdj-300g 1 1032 806 1211 897
cbl-hdj-300g 1 1023 886 1200 971
cbl-lyxdbj-500g 1 1156 691 1329 841
cbl-lyxdbj-500g 1 1182 833 1323 959
cbl-lyxdbj-300g 1 1306 733 1441 862
cbl-lyxdbj-300g 1 1297 850 1438 959
cbl-lyxdbj-300g 1 1414 741 1529 856
cbl-lyxdbj-300g 1 1406 844 1517 953
cbl-lyxtmj-300g 1 1500 747 1632 862
cbl-lyxtmj-300g 1 1485 847 1611 959
cbl-lyxtmj-300g 1 1594 747 1714 856
cbl-lyxtmj-300g 1 1585 850 1703 962
wdm-btlcjy-500ml 1 1238 1091 1347 1400
wdm-btlcjy-500ml 1 1158 1097 1253 1412
wdm-cxhy-510g 1 1094 1091 1176 1421
wdm-cxhy-510g 1 1038 1103 1117 1436
wdm-cxhy-510g 1 961 1109 1053 1447
wdm-zphy-510g 1 870 1103 964 1462
wdm-zphy-510g 1 806 1121 885 1471
wdm-spjbsc-500ml 1 723 1127 820 1491
wdm-spjbsc-500ml 1 629 1115 738 1515
wdm-zplj-450ml 1 529 1118 647 1530
wdm-zplj-450ml 1 429 1127 553 1547
wdm-cxmc-460ml 1 332 1133 458 1571
wdm-cxmc-460ml 1 214 1139 347 1586
wdm-wjxjy-1.3L 1 706 1589 841 1953
wdm-wjxjy-1.8L 1 544 1586 720 2018
wdm-wjxjy-1.8L 1 370 1618 567 2053
wdm-wjxjy-1.8L 1 182 1659 397 2106
wdm-wjxjy-1L 1 817 1571 950 1933
wdm-wjxjy-1L 1 929 1550 1032 1909
wdm-wjxjy-1L 1 1006 1536 1126 1883
wdm-wjxjy-500ml 1 1100 1544 1176 1839
wdm-wjxjy-500ml 1 1164 1530 1264 1824
wdm-wjxjy-500ml 1 1247 1521 1332 1806
