cbl-lyxdbj-300g 1 385 986 600 1144
cbl-lyxdbj-300g 1 414 1118 600 1280
cbl-lyxdbj-300g 1 411 1256 588 1412
cbl-lyxdbj-500g 1 200 430 455 659
cbl-lyxdbj-500g 1 194 618 464 827
cbl-lyxdbj-800g 1 414 453 673 683
cbl-lyxdbj-800g 1 423 630 658 856
cbl-lyxtmj-800g 1 561 342 829 547
cbl-lyxtmj-800g 1 626 506 814 706
cbl-lyxtmj-800g 1 623 668 826 880
cbl-lyxtmj-300g 1 573 992 758 1150
cbl-lyxtmj-300g 1 564 1127 747 1274
cbl-lyxtmj-300g 1 567 1256 738 1397
wdm-btlcjy-500ml 1 850 994 958 1377
wdm-btlcjy-500ml 1 938 994 1035 1359
wdm-btlcjy-500ml 1 1014 1003 1108 1356
wdm-wjxjy-500ml 1 1091 1009 1176 1353
wdm-wjxjy-500ml 1 1153 1012 1247 1336
wdm-zphy-510g 1 788 444 908 874
wdm-cxhy-510g 1 879 462 973 874
wdm-cxhy-510g 1 941 489 1035 865
lyx-tjyzjy-500ml 1 1011 492 1120 892
lyx-tjyzjy-500ml 1 1085 524 1191 892
lyx-hsjy-500ml 1 1161 536 1250 903
lyx-hsjy-500ml 1 1232 553 1320 921
lyx-tjjy-500ml 1 1303 568 1379 936
lyx-tjjy-500ml 1 1350 592 1435 947
wdm-btlcjy-1L 1 541 1456 694 1912
wdm-btlcjy-1L 1 670 1447 794 1874
wdm-wjxjy-1L 1 767 1433 882 1833
wdm-wjxjy-1L 1 855 1424 985 1815
wdm-wjxjy-800ml 1 1011 1409 1132 1780
wdm-wjxjy-800ml 1 947 1415 1038 1783
wdm-wjxjy-800ml 1 1097 1394 1185 1744
wdm-wjxjy-800ml 1 1161 1383 1261 1736
wdm-wjxjy-800ml 1 1232 1371 1332 1715
