wdm-wjxjy-500ml 1 1126 1044 1285 1539
wdm-wjxjy-500ml 1 1264 1044 1417 1536
wdm-wjxjy-500ml 1 1400 1041 1556 1550
wdm-wjxjy-500ml 1 1526 1044 1691 1553
cbl-hdj-900g 1 1011 1212 1158 1524
cbl-hdj-900g 1 861 1209 1026 1530
cbl-lyxdbj-300g 1 347 924 556 1089
cbl-lyxdbj-300g 1 353 1077 550 1239
cbl-lyxdbj-300g 1 361 1221 567 1380
cbl-lyxdbj-300g 1 361 1350 556 1527
cbl-lyxdbj-300g 1 535 1365 708 1533
cbl-lyxtmj-300g 1 691 1247 879 1406
cbl-lyxtmj-300g 1 691 1389 870 1533
cbl-lyxtmj-300g 1 744 880 894 997
cbl-lyxtmj-300g 1 758 1089 894 1209
