wdm-wjxjy-500ml 1 788 833 906 1218
wdm-wjxjy-500ml 1 711 830 811 1221
wdm-wjxjy-500ml 1 626 830 735 1206
wdm-wjxjy-800ml 1 535 774 650 1194
wdm-wjxjy-800ml 1 432 780 561 1203
wdm-wjxjy-800ml 1 356 783 476 1189
wdm-wjxjy-1L 1 314 812 400 1168
wdm-wjxjy-1L 1 247 809 338 1174
wdm-wjxjy-1L 1 164 812 273 1165
wdm-spjbsc-500ml 1 900 815 1006 1239
wdm-spjbsc-500ml 1 994 812 1111 1239
wdm-spjbsc-500ml 1 1091 812 1223 1253
cbl-lyxdbj-300g 1 1203 974 1391 1147
cbl-lyxdbj-300g 1 1370 980 1579 1156
cbl-lyxdbj-300g 1 1367 1136 1567 1306
cbl-lyxdbj-300g 1 1561 983 1785 1171
cbl-hdj-900g 1 1764 944 1920 1327
