wdm-wjxjy-800ml 1 1403 1233 1779 2080
wdm-wjxjy-800ml 1 1150 1197 1576 1986
wdm-wjxjy-800ml 1 873 1092 1203 1806
wdm-wjxjy-800ml 1 741 1042 1064 1730
wdm-wjxjy-800ml 1 606 989 897 1674
wdm-zphy-510g 1 1376 339 1700 1021
wdm-zphy-510g 1 1538 374 1861 1071
cbl-lyxdbj-300g 1 1094 512 1382 780
cbl-lyxdbj-300g 1 1050 694 1320 942
cbl-hdj-900g 1 500 1183 761 1592
cbl-hdj-900g 1 353 1127 632 1521
wdm-wjxjy-1L 1 194 1603 467 2150
wdm-wjxjy-1L 1 306 1680 606 2236
wdm-wjxjy-1L 1 435 1753 758 2336
wdm-wjxjy-1L 1 579 1821 906 2442
wdm-wjxjy-1L 1 726 1900 1082 2518
