wdm-wjxjy-800ml 1 1039 283 1203 683
wdm-wjxjy-800ml 1 924 292 1083 685
wdm-wjxjy-800ml 1 807 300 985 683
wdm-wjxjy-800ml 1 695 307 883 680
wdm-wjxjy-800ml 1 610 307 781 656
wdm-wjxjy-800ml 1 493 324 703 673
wdm-wjxjy-800ml 1 410 314 610 666
wdm-wjxjy-500ml 1 315 358 527 678
wdm-wjxjy-500ml 1 229 373 437 683
wdm-wjxjy-500ml 1 81 366 305 666
wdm-wjxjy-1L 1 349 785 529 1034
wdm-wjxjy-1L 1 437 780 595 1027
wdm-wjxjy-1L 1 507 792 661 1041
wdm-wjxjy-800ml 1 585 800 761 1063
wdm-wjxjy-800ml 1 685 795 851 1073
wdm-wjxjy-1.3L 1 817 817 973 1090
wdm-wjxjy-1.3L 1 939 827 1098 1105
wdm-wjxjy-1.3L 1 1066 834 1224 1131
wdm-wjxjy-1.3L 1 1205 839 1310 1136
