wdm-cxmc-460ml 1 300 1374 444 1859
wdm-cxmc-460ml 1 420 1380 558 1859
wdm-qxmc-460ml 1 535 1365 685 1865
wdm-qxmc-460ml 1 167 1374 317 1865
wdm-qxmc-460ml 1 61 1380 194 1868
wdm-qxmc-460ml 1 1 1374 73 1859
wdm-cxhy-510g 1 655 1374 791 1850
wdm-cxhy-510g 1 779 1371 935 1847
wdm-zplj-450ml 1 905 1380 1038 1853
wdm-zplj-450ml 1 1014 1368 1158 1847
wdm-wjxjy-800ml 1 1103 1362 1282 1842
wdm-wjxjy-800ml 1 1261 1359 1411 1844
wdm-wjxjy-800ml 1 1403 1371 1555 1842
wdm-wjxjy-800ml 1 1541 1362 1688 1839
wdm-wjxjy-800ml 1 1676 1362 1841 1842
cbl-hdj-900g 1 703 956 897 1306
cbl-hdj-900g 1 538 944 729 1318
cbl-lyxdbj-300g 1 261 1118 473 1309
cbl-lyxtmj-300g 1 1 971 200 1144
cbl-lyxtmj-300g 1 1 1127 220 1303
wdm-wjxjy-800ml 1 373 1930 550 2383
wdm-wjxjy-800ml 1 529 1933 708 2394
wdm-wjxjy-800ml 1 676 1939 867 2400
wdm-wjxjy-1.3L 1 853 1912 1079 2394
wdm-wjxjy-1.8L 1 1108 1912 1326 2383
wdm-wjxjy-1.8L 1 1314 1915 1541 2409
wdm-wjxjy-2L 1 1508 1903 1747 2380
wdm-wjxjy-2L 1 1705 1906 1920 2389
