wdm-wjxjy-800ml 1 217 397 447 1059
wdm-wjxjy-1.3L 1 432 433 691 1059
wdm-wjxjy-1.3L 1 641 441 873 1044
wdm-wjxjy-1.3L 1 803 459 1006 1044
wdm-wjxjy-1.3L 1 953 480 1176 1039
wdm-wjxjy-800ml 1 1129 436 1273 997
wdm-wjxjy-800ml 1 1238 453 1379 991
wdm-wjxjy-800ml 1 1338 468 1461 977
wdm-wjxjy-800ml 1 1423 474 1544 953
wdm-wjxjy-800ml 1 1503 494 1608 953
wdm-wjxjy-800ml 1 1582 491 1691 944
wdm-zplj-450ml 1 464 1144 647 1741
wdm-zplj-450ml 1 600 1136 764 1703
wdm-zplj-450ml 1 711 1127 876 1662
wdm-zphy-510g 1 823 1112 970 1615
wdm-zphy-510g 1 926 1091 1058 1586
wdm-zphy-510g 1 1023 1077 1141 1565
wdm-zphy-510g 1 1100 1071 1217 1515
wdm-btlcjy-500ml 1 1185 1050 1306 1497
wdm-btlcjy-500ml 1 1276 1056 1385 1471
wdm-wjxjy-800ml 1 1356 1047 1461 1447
wdm-wjxjy-800ml 1 1423 1039 1520 1427
wdm-wjxjy-800ml 1 1497 1024 1594 1415
wdm-wjxjy-800ml 1 1564 1009 1641 1371
wdm-wjxjy-800ml 1 329 1159 517 1730
wdm-qxmc-460ml 1 535 1759 717 2289
wdm-qxmc-460ml 1 656 1744 826 2241
wdm-cxmc-460ml 1 773 1703 917 2186
wdm-cxmc-460ml 1 885 1665 1017 2124
wdm-cxmc-460ml 1 976 1630 1108 2071
wdm-cxhy-510g 1 1079 1597 1170 2024
wdm-cxhy-510g 1 1126 1568 1241 1974
wdm-cxhy-510g 1 1194 1533 1303 1941
wdm-cxhy-510g 1 1261 1521 1364 1897
wdm-cxhy-510g 1 1332 1503 1429 1877
wdm-spjbsc-500ml 1 1397 1468 1500 1836
wdm-spjbsc-500ml 1 1456 1441 1561 1812
wdm-spjbsc-500ml 1 1523 1421 1626 1768
