cbl-lyxdbj-300g 1 255 603 414 733
cbl-lyxdbj-300g 1 402 603 546 727
cbl-lyxdbj-300g 1 535 600 705 724
cbl-lyxdbj-300g 1 696 594 858 718
cbl-lyxdbj-300g 1 252 718 414 853
cbl-lyxdbj-300g 1 402 718 543 850
cbl-lyxdbj-300g 1 538 712 696 853
cbl-lyxdbj-300g 1 693 718 849 853
cbl-lyxdbj-500g 1 276 947 429 1083
cbl-lyxdbj-500g 1 414 953 576 1083
cbl-lyxdbj-500g 1 564 950 738 1086
cbl-lyxdbj-500g 1 282 1071 432 1209
cbl-lyxdbj-500g 1 417 1074 573 1221
cbl-lyxdbj-500g 1 564 1080 717 1215
cbl-lyxdbj-800g 1 279 1277 458 1421
cbl-lyxdbj-800g 1 443 1277 629 1421
cbl-lyxdbj-800g 1 273 1412 452 1556
cbl-lyxdbj-800g 1 446 1409 629 1553
cbl-lyxtmj-300g 1 849 594 1008 727
cbl-lyxtmj-300g 1 846 715 1002 856
cbl-lyxtmj-300g 1 996 591 1158 724
cbl-lyxtmj-300g 1 999 712 1155 841
cbl-lyxtmj-300g 1 1152 586 1311 724
cbl-lyxtmj-300g 1 1146 712 1311 841
cbl-lyxtmj-500g 1 714 983 870 1109
cbl-lyxtmj-500g 1 855 983 1008 1106
cbl-lyxtmj-500g 1 708 1097 861 1221
cbl-lyxtmj-500g 1 861 1100 1008 1221
cbl-lyxtmj-800g 1 614 1289 796 1424
cbl-lyxtmj-800g 1 788 1289 973 1433
cbl-lyxtmj-800g 1 614 1412 796 1568
cbl-lyxtmj-800g 1 782 1421 967 1571
cbl-lyxljj-500g 1 1002 983 1158 1109
cbl-lyxljj-500g 1 1152 983 1305 1109
cbl-lyxljj-500g 1 999 1097 1158 1230
cbl-lyxljj-500g 1 1152 1097 1302 1236
cbl-lyxljj-800g 1 985 1297 1135 1450
cbl-lyxljj-800g 1 1129 1300 1290 1456
cbl-lyxljj-800g 1 979 1427 1138 1574
cbl-lyxljj-800g 1 1129 1439 1288 1577
cbl-hdj-300g 1 1323 671 1529 762
cbl-hdj-300g 1 1520 668 1723 756
cbl-hdj-300g 1 1320 753 1520 847
cbl-hdj-800g 1 1296 1406 1470 1580
cbl-hdj-800g 1 1461 1406 1670 1591
cbl-lhdj-900g 1 338 1959 476 2221
cbl-lhdj-900g 1 449 1971 582 2224
cbl-hdj-900g 1 561 1971 679 2227
cbl-hdj-900g 1 670 1977 796 2233
