wdm-wjxjy-1.3L 1 1518 404 1612 664
wdm-wjxjy-1.3L 1 1456 395 1547 664
wdm-wjxjy-1.3L 1 1393 377 1483 658
wdm-wjxjy-1.8L 1 1297 337 1420 649
wdm-wjxjy-1.8L 1 1185 318 1316 641
wdm-wjxjy-1.8L 1 1068 299 1206 633
wdm-wjxjy-800ml 1 987 274 1097 622
wdm-wjxjy-800ml 1 924 254 1010 618
wdm-wjxjy-800ml 1 845 229 962 616
wdm-wjxjy-800ml 1 749 204 879 608
wdm-wjxjy-800ml 1 641 187 770 597
wdm-wjxjy-800ml 1 524 154 674 589
wdm-wjxjy-800ml 1 389 137 547 595
wdm-wjxjy-500ml 1 691 631 804 983
wdm-wjxjy-500ml 1 787 641 879 974
wdm-wjxjy-500ml 1 864 647 964 972
wdm-wjxjy-500ml 1 947 654 1043 954
wdm-wjxjy-500ml 1 1026 660 1095 947
wdm-wjxjy-500ml 1 1083 666 1172 937
cbl-lyxdbj-300g 1 516 724 685 870
cbl-lyxdbj-300g 1 514 849 683 981
cbl-lyxdbj-300g 1 351 714 545 872
cbl-lyxdbj-300g 1 353 841 535 993
