cbl-hdj-900g 1 167 233 347 571
cbl-hdj-900g 1 311 265 485 571
cbl-lyxdbj-800g 1 456 250 676 450
cbl-lyxdbj-800g 1 464 421 682 606
cbl-lyxdbj-800g 1 656 283 838 471
cbl-lyxdbj-800g 1 664 441 826 606
cbl-lyxdbj-500g 1 811 350 941 500
cbl-lyxdbj-500g 1 811 480 947 615
cbl-lyxdbj-500g 1 923 371 1058 518
cbl-lyxdbj-500g 1 932 494 1056 627
cbl-lyxdbj-300g 1 1032 409 1158 547
cbl-lyxdbj-300g 1 1035 524 1150 633
cbl-lyxdbj-300g 1 1129 439 1235 559
cbl-lyxdbj-300g 1 1223 444 1326 565
cbl-hdj-900g 1 1288 436 1379 650
cbl-hdj-900g 1 1361 447 1444 662
wdm-spjbsc-500ml 1 197 686 332 1100
wdm-spjbsc-500ml 1 314 697 426 1080
wdm-spjbsc-500ml 1 406 700 526 1077
wdm-qxmc-460ml 1 494 694 600 1074
wdm-qxmc-460ml 1 576 703 673 1068
wdm-qxmc-460ml 1 653 706 747 1059
wdm-cxmc-460ml 1 726 712 820 1059
wdm-cxmc-460ml 1 797 715 882 1059
wdm-cxmc-460ml 1 864 715 953 1056
wdm-cxhy-510g 1 938 739 1014 1044
wdm-cxhy-510g 1 1000 741 1085 1044
wdm-cxhy-510g 1 1076 747 1150 1039
wdm-btlcjy-500ml 1 1135 753 1206 1036
wdm-btlcjy-500ml 1 1191 753 1264 1030
wdm-wjxjy-500ml 1 250 1239 379 1597
wdm-wjxjy-500ml 1 358 1230 476 1574
wdm-wjxjy-800ml 1 450 1153 579 1571
wdm-wjxjy-800ml 1 556 1153 667 1544
wdm-wjxjy-800ml 1 644 1141 750 1541
wdm-wjxjy-1L 1 735 1159 850 1530
wdm-wjxjy-1L 1 835 1153 941 1503
wdm-wjxjy-1L 1 920 1141 1003 1480
wdm-wjxjy-1.3L 1 991 1147 1108 1471
wdm-wjxjy-1.3L 1 1073 1136 1188 1444
wdm-wjxjy-1.8L 1 1147 1480 1267 1791
wdm-wjxjy-1.8L 1 1047 1497 1179 1815
wdm-wjxjy-1.8L 1 947 1521 1076 1856
wdm-wjxjy-1L 1 864 1550 964 1891
wdm-wjxjy-1L 1 782 1571 882 1921
wdm-wjxjy-1L 1 694 1594 806 1950
wdm-wjxjy-800ml 1 603 1603 723 1971
wdm-wjxjy-800ml 1 508 1624 632 1997
wdm-wjxjy-500ml 1 423 1691 541 2041
wdm-wjxjy-500ml 1 314 1721 441 2068
