cbl-lyxdbj-300g 1 432 1662 579 1789
cbl-lyxdbj-300g 1 567 1641 723 1774
cbl-lyxdbj-500g 1 708 1615 847 1750
cbl-lyxdbj-800g 1 1170 1936 1323 2100
cbl-lyxdbj-800g 1 1164 2068 1338 2241
cbl-lyxdbj-800g 1 1303 1912 1453 2083
cbl-lyxdbj-800g 1 1308 2047 1479 2227
cbl-lyxtmj-300g 1 414 2071 567 2236
cbl-lyxtmj-300g 1 556 2059 711 2215
cbl-lyxtmj-300g 1 417 2191 573 2359
cbl-lyxtmj-300g 1 564 2189 708 2333
cbl-lyxtmj-800g 1 682 1983 867 2174
cbl-lyxtmj-800g 1 697 2121 873 2315
cbl-lyxtmj-800g 1 853 1965 1041 2147
cbl-lyxtmj-800g 1 853 2106 1035 2291
cbl-lyxtmj-800g 1 1011 1950 1185 2127
cbl-lyxtmj-800g 1 1014 2103 1206 2280
cbl-lhdj-900g 1 826 1597 964 1853
cbl-lhdj-900g 1 941 1591 1076 1856
cbl-hdj-900g 1 1053 1589 1185 1850
cbl-hdj-900g 1 1161 1580 1285 1841
wdm-btlcjy-500ml 1 458 1141 579 1474
wdm-btlcjy-500ml 1 585 1144 703 1468
wdm-btlcjy-500ml 1 688 1147 806 1468
wdm-wjxjy-500ml 1 785 1136 903 1459
wdm-wjxjy-500ml 1 882 1141 988 1453
wdm-wjxjy-500ml 1 964 1130 1082 1453
wdm-wjxjy-800ml 1 1056 1089 1170 1456
wdm-wjxjy-800ml 1 1156 1091 1264 1450
wdm-wjxjy-800ml 1 1247 1094 1358 1456
wdm-wjxjy-800ml 1 1332 1089 1435 1453
wdm-wjxjy-800ml 1 1085 436 1188 700
wdm-wjxjy-800ml 1 1164 433 1270 700
wdm-wjxjy-800ml 1 1244 447 1317 703
wdm-wjxjy-800ml 1 1308 430 1408 703
wdm-wjxjy-1.3L 1 982 397 1126 700
wdm-wjxjy-1.3L 1 850 397 994 689
wdm-wjxjy-1.3L 1 708 391 853 686
wdm-wjxjy-1.8L 1 561 368 720 689
wdm-wjxjy-1.8L 1 406 368 573 691
wdm-wjxjy-1.8L 1 417 6 579 312
wdm-wjxjy-1.3L 1 567 39 706 318
wdm-spjbsc-500ml 1 453 750 567 1077
wdm-spjbsc-500ml 1 553 747 656 1089
wdm-zplj-450ml 1 1026 750 1123 1071
wdm-zplj-450ml 1 1094 753 1191 1071
wdm-cxmc-460ml 1 800 741 891 1059
wdm-cxmc-460ml 1 879 759 964 1053
wdm-cxmc-460ml 1 956 762 1044 1062
wdm-cxhy-510g 1 720 765 808 1071
wdm-cxhy-510g 1 641 753 738 1083
