wdm-wjxjy-500ml 1 379 422 445 643
wdm-wjxjy-500ml 1 439 420 504 645
lyx-tjjy-500ml 1 500 401 568 645
lyx-tjjy-500ml 1 568 401 635 647
lyx-hsjy-500ml 1 633 395 702 641
lyx-hsjy-500ml 1 702 391 775 643
wdm-wjxjy-500ml 1 1004 347 1085 637
wdm-wjxjy-500ml 1 1081 347 1160 639
wdm-wjxjy-500ml 1 1160 341 1245 639
wdm-btlcjy-500ml 1 393 718 452 928
wdm-btlcjy-500ml 1 450 718 510 931
wdm-zplj-450ml 1 506 706 566 933
wdm-zplj-450ml 1 560 697 620 930
wdm-spjbsc-500ml 1 616 703 675 935
wdm-spjbsc-500ml 1 673 705 737 937
lyx-hsjy-500ml 1 731 699 798 939
lyx-hsjy-500ml 1 798 705 866 935
lyx-tjjy-500ml 1 862 699 937 941
lyx-tjjy-500ml 1 941 699 1010 943
wdm-qxmc-460ml 1 1006 691 1072 947
wdm-qxmc-460ml 1 1068 689 1133 951
wdm-wjxjy-1.8L 1 1008 8 1141 266
wdm-wjxjy-1.8L 1 1131 1 1262 264
wdm-zphy-510g 1 420 999 481 1206
wdm-zphy-510g 1 468 999 522 1205
wdm-btlcjy-1L 1 514 981 587 1210
wdm-btlcjy-1L 1 581 985 654 1220
wdm-btlcjy-1L 1 650 989 722 1226
wdm-btlcjy-1L 1 718 987 795 1228
wdm-btlcjy-1L 1 791 987 864 1239
wdm-wjxjy-1L 1 858 995 937 1245
wdm-wjxjy-1L 1 939 995 1012 1245
wdm-wjxjy-1.8L 1 420 1255 516 1478
wdm-wjxjy-1.8L 1 510 1255 610 1491
wdm-wjxjy-1.3L 1 600 1268 691 1489
wdm-wjxjy-1.3L 1 685 1276 773 1503
wdm-spjbsc-1.3L 1 768 1274 860 1520
wdm-spjbsc-1.3L 1 854 1289 947 1524
