wdm-wjxjy-500ml 1 316 523 370 714
wdm-wjxjy-500ml 1 368 525 423 716
wdm-wjxjy-800ml 1 282 972 350 1182
wdm-wjxjy-800ml 1 343 969 408 1172
wdm-wjxjy-2L 1 310 740 400 931
wdm-wjxjy-2L 1 393 739 480 925
wdm-wjxjy-2L 1 473 737 551 919
wdm-spjbsc-1.3L 1 400 968 471 1159
wdm-spjbsc-1.3L 1 465 972 545 1165
lyx-hsjy-500ml 1 425 517 485 706
lyx-hsjy-500ml 1 477 520 540 706
lyx-tjyzjy-500ml 1 430 280 490 485
lyx-tjyzjy-500ml 1 483 280 542 485
lyx-tjjy-500ml 1 314 277 377 485
lyx-tjjy-500ml 1 373 282 433 491
lyx-tjjy-160ml 1 320 76 371 240
lyx-tjjy-160ml 1 360 83 408 245
lyx-tjjy-160ml 1 405 86 453 252
lyx-tjjy-160ml 1 446 89 496 254
lyx-tjjy-160ml 1 493 91 543 256
