lyx-hsjy-1L 1 123 262 187 439
lyx-hsjy-1L 1 181 268 245 445
lyx-hsjy-1L 1 239 272 300 451
lyx-hsjy-1L 1 298 274 362 451
lyx-hsjy-1L 1 372 276 437 456
lyx-hsjy-1L 1 443 281 508 464
lyx-hsjy-1L 1 518 283 581 470
lyx-hsjy-1L 1 579 287 645 478
lyx-hsjy-1L 1 637 295 691 483
lyx-hsjy-1L 1 685 303 748 485
lyx-hsjy-1L 1 881 328 935 501
lyx-hsjy-1L 1 929 324 987 505
lyx-hsjy-1L 1 983 331 1039 505
lyx-hsjy-1L 1 1033 335 1091 508
lyx-hsjy-1L 1 1087 335 1143 514
lyx-hsjy-1L 1 1135 341 1191 522
lyx-hsjy-1L 1 1187 351 1239 524
lyx-hsjy-500ml 1 743 322 793 487
lyx-hsjy-500ml 1 787 322 839 495
lyx-hsjy-500ml 1 833 322 887 495
wdm-cxhy-510g 1 266 468 314 643
wdm-cxhy-510g 1 308 474 354 643
wdm-cxhy-510g 1 348 481 393 645
wdm-cxhy-510g 1 389 483 437 643
wdm-cxhy-510g 1 435 485 479 651
wdm-cxhy-510g 1 477 487 523 658
wdm-cxhy-510g 1 364 691 410 866
wdm-cxhy-510g 1 404 697 450 872
wdm-cxhy-510g 1 448 701 495 872
wdm-spjbsc-500ml 1 218 680 273 862
wdm-spjbsc-500ml 1 270 685 323 866
wdm-spjbsc-500ml 1 316 689 370 872
wdm-spjbsc-500ml 1 185 906 239 1087
wdm-spjbsc-500ml 1 231 905 285 1093
wdm-spjbsc-500ml 1 281 912 333 1091
lyx-tjjy-160ml 1 518 531 558 656
lyx-tjjy-160ml 1 556 533 597 658
lyx-tjjy-160ml 1 591 537 627 662
lyx-tjjy-160ml 1 627 537 662 664
lyx-tjjy-160ml 1 664 543 698 668
lyx-tjjy-160ml 1 698 545 733 668
lyx-tjjy-500ml 1 491 699 547 862
lyx-tjjy-500ml 1 541 701 593 876
lyx-tjjy-500ml 1 591 706 641 878
lyx-hsjy-500ml 1 639 708 687 883
lyx-hsjy-500ml 1 681 708 735 889
lyx-hsjy-500ml 1 731 716 781 891
lyx-tjyzjy-500ml 1 779 720 831 889
lyx-tjyzjy-500ml 1 827 720 875 889
lyx-tjyzjy-500ml 1 873 724 927 895
lyx-tjdyjy-375ml 1 923 733 966 897
lyx-tjdyjy-375ml 1 964 733 1014 899
lyx-tjdyjy-375ml 1 1006 737 1058 901
wdm-zphy-510g 1 327 914 377 1091
wdm-zphy-510g 1 368 918 418 1091
wdm-zphy-510g 1 410 918 456 1093
lyx-tjjy-500ml 1 502 914 556 1093
lyx-tjjy-500ml 1 452 914 508 1089
lyx-tjjy-500ml 1 556 920 606 1093
lyx-hsjy-500ml 1 606 916 652 1101
lyx-hsjy-500ml 1 648 922 704 1099
lyx-hsjy-500ml 1 697 928 756 1101
lyx-tjyzjy-500ml 1 747 926 797 1103
lyx-tjyzjy-500ml 1 795 931 848 1101
lyx-tjyzjy-500ml 1 841 926 891 1103
lyx-nmzyjy-380ml 1 35 901 95 1085
lyx-nmzyjy-380ml 1 87 908 141 1083
lyx-nmzyjy-380ml 1 137 912 193 1083
lyx-tjjy-1L 1 464 1116 529 1312
lyx-tjjy-1L 1 522 1112 583 1316
lyx-tjjy-1L 1 572 1126 641 1316
lyx-tjjy-1L 1 737 1128 800 1314
lyx-tjjy-1L 1 791 1131 854 1312
lyx-hsjy-1L 1 633 1130 695 1318
lyx-hsjy-1L 1 683 1128 750 1320
lyx-hsjy-1L 1 843 1135 902 1322
lyx-hsjy-1L 1 898 1137 958 1318
