wdm-wjxjy-1L 1 494 1980 685 2471
wdm-wjxjy-1L 1 388 1944 555 2418
wdm-wjxjy-1L 1 1026 568 1153 959
wdm-wjxjy-1L 1 1082 571 1191 939
wdm-wjxjy-1L 1 1138 577 1235 944
wdm-wjxjy-1L 1 1191 580 1288 930
wdm-wjxjy-1L 1 1253 583 1341 933
wdm-wjxjy-1L 1 1308 586 1373 912
wdm-wjxjy-1L 1 1329 586 1405 921
wdm-wjxjy-500ml 1 367 1277 544 1762
wdm-wjxjy-500ml 1 282 1265 429 1733
wdm-wjxjy-500ml 1 485 1247 644 1715
wdm-wjxjy-500ml 1 564 1227 711 1644
wdm-wjxjy-500ml 1 647 1206 779 1618
wdm-wjxjy-500ml 1 714 1174 835 1574
wdm-wjxjy-500ml 1 776 1159 894 1536
wdm-wjxjy-500ml 1 832 1139 947 1497
wdm-wjxjy-800ml 1 203 1162 332 1683
wdm-wjxjy-800ml 1 100 1162 250 1668
wdm-wjxjy-800ml 1 144 1868 323 2339
wdm-wjxjy-800ml 1 300 1894 438 2371
wdm-wjxjy-800ml 1 582 1889 750 2374
wdm-wjxjy-800ml 1 673 1830 823 2297
wdm-wjxjy-800ml 1 738 1774 879 2224
wdm-wjxjy-800ml 1 841 1739 964 2162
wdm-wjxjy-800ml 1 897 1694 1011 2106
wdm-wjxjy-800ml 1 953 1647 1058 2044
wdm-wjxjy-800ml 1 997 1606 1094 1989
wdm-wjxjy-800ml 1 1038 1577 1135 1944
wdm-wjxjy-800ml 1 1082 1536 1176 1897
wdm-wjxjy-1.8L 1 273 477 564 1106
wdm-wjxjy-1.8L 1 108 497 338 1097
wdm-wjxjy-1.8L 1 473 492 717 1056
wdm-wjxjy-1.8L 1 617 506 817 1030
wdm-wjxjy-1.8L 1 750 527 941 1018
wdm-wjxjy-1.3L 1 876 565 1026 1000
wdm-wjxjy-1.3L 1 944 574 1094 977
wdm-cxhy-510g 1 885 1121 994 1474
wdm-cxhy-510g 1 941 1112 1041 1444
wdm-cxhy-510g 1 997 1092 1079 1427
wdm-spjbsc-500ml 1 1035 1068 1129 1403
wdm-spjbsc-500ml 1 1097 1047 1182 1371
wdm-cxmc-460ml 1 1144 1024 1220 1344
wdm-cxmc-460ml 1 1182 1018 1258 1321
wdm-cxmc-460ml 1 1220 1006 1285 1303
wdm-cxmc-460ml 1 1253 1006 1323 1286
