cbl-lyxtmj-300g 1 262 389 345 449
cbl-lyxtmj-300g 1 264 439 349 497
cbl-lyxtmj-300g 1 333 391 406 449
cbl-lyxtmj-300g 1 331 441 412 500
cbl-lyxtmj-300g 1 399 395 474 456
cbl-lyxtmj-300g 1 403 443 472 506
cbl-lyxdbj-800g 1 453 318 537 385
cbl-lyxdbj-800g 1 456 377 541 447
cbl-lyxdbj-800g 1 458 375 543 443
cbl-lyxdbj-800g 1 462 435 549 502
cbl-lyxdbj-800g 1 533 377 614 445
cbl-lyxdbj-800g 1 537 435 618 506
cbl-lyxdbj-800g 1 608 379 687 449
cbl-lyxdbj-800g 1 612 435 691 504
cbl-lyxdbj-800g 1 681 385 758 452
cbl-lyxdbj-800g 1 681 439 760 506
cbl-lyxdbj-300g 1 741 360 806 416
cbl-lyxdbj-300g 1 749 404 806 460
cbl-lyxdbj-300g 1 749 452 810 506
cbl-lyxdbj-300g 1 803 360 866 416
cbl-lyxdbj-300g 1 854 364 926 420
cbl-lyxdbj-300g 1 801 404 868 460
cbl-lyxdbj-300g 1 858 410 924 462
cbl-lyxdbj-300g 1 804 450 866 510
cbl-lyxdbj-300g 1 858 450 924 508
wdm-wjxjy-500ml 1 991 387 1041 522
wdm-wjxjy-500ml 1 1026 391 1076 524
wdm-wjxjy-500ml 1 1064 389 1108 518
wdm-wjxjy-500ml 1 1095 381 1139 516
wdm-wjxjy-800ml 1 1128 372 1179 520
wdm-wjxjy-800ml 1 1166 368 1216 525
wdm-wjxjy-800ml 1 1201 368 1249 520
wdm-wjxjy-800ml 1 1241 366 1287 520
wdm-wjxjy-800ml 1 1274 366 1318 518
wdm-wjxjy-800ml 1 1308 372 1356 518
wdm-wjxjy-800ml 1 1343 372 1391 518
wdm-wjxjy-800ml 1 1379 372 1426 514
wdm-wjxjy-800ml 1 1437 377 1485 522
wdm-wjxjy-800ml 1 1466 377 1516 520
wdm-wjxjy-800ml 1 1504 374 1551 518
wdm-wjxjy-800ml 1 1537 370 1581 514
wdm-wjxjy-1L 1 1424 562 1458 695
wdm-wjxjy-1L 1 1441 556 1491 695
wdm-wjxjy-1L 1 1478 558 1524 702
wdm-wjxjy-1L 1 1510 558 1560 695
wdm-wjxjy-1L 1 1547 562 1593 695
wdm-wjxjy-1L 1 1579 558 1618 697
