wdm-wjxjy-1.3L 1 91 389 261 877
wdm-wjxjy-1L 1 170 421 314 877
wdm-wjxjy-1L 1 250 403 411 889
wdm-wjxjy-1L 1 361 389 485 886
wdm-wjxjy-1L 1 429 371 573 886
wdm-wjxjy-1L 1 529 350 682 891
wdm-wjxjy-1L 1 641 330 794 897
wdm-wjxjy-800ml 1 753 259 926 900
wdm-wjxjy-800ml 1 888 224 1047 900
wdm-wjxjy-800ml 1 1017 189 1206 903
cbl-lyxdbj-300g 1 653 1121 844 1294
cbl-lyxdbj-300g 1 656 1265 823 1424
cbl-lyxdbj-300g 1 794 1268 961 1456
cbl-lyxdbj-300g 1 882 1115 1073 1274
cbl-lyxdbj-800g 1 1070 1062 1338 1294
cbl-lyxdbj-800g 1 932 1241 1208 1497
cbl-lyxdbj-800g 1 1141 1268 1444 1541
cbl-lyxdbj-800g 1 1382 1018 1641 1218
