wdm-btlcjy-500ml 1 822 246 883 492
wdm-btlcjy-500ml 1 866 251 922 485
wdm-btlcjy-500ml 1 900 246 963 483
wdm-qxmc-460ml 1 666 249 744 509
wdm-qxmc-460ml 1 717 246 788 500
wdm-qxmc-460ml 1 768 244 832 492
wdm-zphy-510g 1 949 256 1010 473
wdm-zphy-510g 1 995 263 1046 463
wdm-zphy-510g 1 1027 253 1076 461
wdm-zphy-510g 1 1063 253 1120 456
wdm-btlcjy-500ml 1 922 514 978 705
wdm-btlcjy-500ml 1 966 505 1017 690
wdm-btlcjy-500ml 1 1005 497 1049 683
wdm-btlcjy-500ml 1 1039 492 1085 675
wdm-btlcjy-500ml 1 1076 485 1124 663
lyx-hsjy-500ml 1 1105 256 1156 453
lyx-hsjy-500ml 1 1139 251 1193 451
lyx-hsjy-500ml 1 1178 251 1232 444
lyx-tjyzjy-500ml 1 1210 251 1263 441
lyx-tjyzjy-500ml 1 1244 253 1290 436
lyx-tjyzjy-500ml 1 1276 244 1322 431
wdm-cxhy-510g 1 1146 475 1185 653
wdm-cxhy-510g 1 1112 480 1163 670
wdm-cxmc-460ml 1 644 534 717 775
wdm-cxmc-460ml 1 695 534 768 763
wdm-cxmc-460ml 1 742 527 805 749
wdm-spjbsc-500ml 1 790 519 854 741
wdm-spjbsc-500ml 1 834 512 898 724
wdm-spjbsc-500ml 1 883 509 942 717
wdm-wjxjy-500ml 1 1168 473 1215 644
wdm-wjxjy-500ml 1 1200 473 1237 634
wdm-wjxjy-500ml 1 1232 466 1278 627
wdm-wjxjy-500ml 1 1266 461 1307 624
wdm-wjxjy-800ml 1 661 797 746 1009
wdm-wjxjy-800ml 1 729 780 805 983
wdm-wjxjy-800ml 1 788 770 863 963
wdm-wjxjy-800ml 1 844 761 907 941
wdm-wjxjy-800ml 1 1159 678 1210 827
wdm-wjxjy-800ml 1 1198 666 1246 817
wdm-wjxjy-800ml 1 1237 658 1281 802
wdm-wjxjy-800ml 1 1266 639 1317 792
wdm-wjxjy-1L 1 888 739 954 927
wdm-wjxjy-1L 1 942 734 1010 907
wdm-wjxjy-1L 1 993 717 1054 890
wdm-wjxjy-1L 1 1039 700 1105 875
wdm-wjxjy-1L 1 1088 692 1139 858
wdm-wjxjy-1L 1 1124 683 1178 839
wdm-cxmc-1.3L 1 1239 827 1293 963
wdm-cxmc-1.3L 1 1190 846 1249 978
wdm-cxmc-1.3L 1 1154 861 1205 1005
wdm-wjxjy-1.3L 1 1105 875 1168 1024
wdm-wjxjy-1.3L 1 1051 900 1120 1044
wdm-wjxjy-1.3L 1 1005 917 1063 1066
wdm-wjxjy-1.3L 1 951 931 1022 1088
wdm-wjxjy-1.8L 1 881 949 966 1119
wdm-wjxjy-1.8L 1 812 975 905 1151
wdm-wjxjy-1.8L 1 737 1012 837 1183
wdm-wjxjy-1.8L 1 651 1022 761 1214
