wdm-zphy-510g 1 370 244 494 700
wdm-zphy-510g 1 450 218 553 709
wdm-cxhy-510g 1 517 197 620 691
wdm-cxhy-510g 1 594 168 711 703
wdm-cxhy-510g 1 670 147 794 691
wdm-btlcjy-500ml 1 767 130 900 662
wdm-btlcjy-500ml 1 873 109 1003 686
wdm-spjbsc-500ml 1 979 41 1135 677
wdm-spjbsc-500ml 1 1103 1 1267 668
wdm-spjbsc-500ml 1 1238 1 1420 665
wdm-zplj-450ml 1 1379 1 1579 656
wdm-zplj-450ml 1 1541 1 1750 644
wdm-zplj-450ml 1 1708 1 1920 633
wdm-cxmc-460ml 1 470 759 564 1203
wdm-qxmc-460ml 1 538 747 644 1212
wdm-qxmc-460ml 1 617 759 726 1209
wdm-qxmc-460ml 1 708 759 829 1247
lyx-hsjy-500ml 1 803 762 923 1259
lyx-hsjy-500ml 1 903 759 1035 1283
lyx-hsjy-500ml 1 1006 750 1156 1315
lyx-tjjy-500ml 1 1147 750 1291 1336
lyx-tjjy-500ml 1 1273 759 1441 1359
lyx-tjyzjy-500ml 1 1411 744 1617 1386
lyx-tjyzjy-500ml 1 1603 741 1838 1430
wdm-wjxjy-800ml 1 450 1256 567 1683
wdm-wjxjy-800ml 1 529 1274 635 1721
wdm-wjxjy-800ml 1 611 1297 714 1759
wdm-wjxjy-800ml 1 691 1315 811 1786
wdm-wjxjy-800ml 1 779 1336 920 1821
wdm-wjxjy-1.3L 1 882 1391 1073 1886
wdm-wjxjy-1.3L 1 1041 1427 1256 1950
wdm-wjxjy-1.3L 1 1220 1468 1441 2009
wdm-wjxjy-1.3L 1 1403 1521 1650 2100
wdm-wjxjy-1.3L 1 1611 1577 1888 2218
