wdm-wjxjy-800ml 1 1089 539 1262 899
wdm-wjxjy-800ml 1 1178 531 1372 887
wdm-wjxjy-800ml 1 1268 524 1466 877
wdm-wjxjy-800ml 1 1347 527 1566 879
wdm-wjxjy-800ml 1 1435 539 1662 883
wdm-wjxjy-800ml 1 1526 520 1737 860
wdm-wjxjy-800ml 1 1591 514 1808 837
cbl-lyxdbj-300g 1 458 758 660 945
cbl-lyxdbj-300g 1 631 725 822 895
cbl-lyxdbj-300g 1 483 860 670 1020
cbl-lyxdbj-300g 1 656 818 822 968
cbl-lyxdbj-500g 1 824 668 1018 864
cbl-lyxdbj-500g 1 816 783 999 956
cbl-lyxdbj-500g 1 978 652 1164 845
cbl-lyxdbj-500g 1 970 777 1128 931
