cbl-lyxsrdbj-300g 1 393 195 493 283
cbl-lyxsrdbj-300g 1 400 270 490 349
cbl-lyxsrdbj-300g 1 483 207 583 288
cbl-lyxsrdbj-300g 1 488 275 585 361
cbl-lyxsrdbj-300g 1 490 344 585 414
cbl-lyxtmj-300g 1 578 280 668 356
cbl-lyxtmj-300g 1 666 285 756 361
cbl-lyxtmj-300g 1 663 346 754 419
cbl-lyxdbj-500g 1 746 266 839 353
cbl-lyxdbj-500g 1 751 341 839 417
cbl-lyxdbj-500g 1 832 268 920 358
cbl-lyxdbj-500g 1 834 349 920 422
cbl-lyxdbj-300g 1 968 534 1049 605
cbl-lyxdbj-300g 1 1037 536 1120 602
cbl-lyxdbj-300g 1 963 597 1046 661
cbl-lyxdbj-300g 1 1042 602 1120 661
cbl-lyxdbj-800g 1 776 502 883 590
cbl-lyxdbj-800g 1 781 580 883 661
cbl-lyxdbj-800g 1 873 507 976 588
cbl-lyxdbj-800g 1 868 583 978 663
cbl-hdj-900g 1 1137 288 1220 431
cbl-hdj-900g 1 1205 288 1281 424
cbl-hdj-900g 1 1268 290 1346 422
cbl-hdj-300g 1 1112 539 1205 592
cbl-lhdj-900g 1 1185 522 1266 658
cbl-lhdj-900g 1 1254 524 1324 658
