wdm-wjxjy-800ml 1 1094 777 1206 1156
wdm-wjxjy-800ml 1 1188 768 1308 1159
wdm-wjxjy-800ml 1 1291 759 1408 1141
wdm-wjxjy-800ml 1 1391 741 1535 1156
wdm-spjbsc-500ml 1 1553 780 1670 1150
wdm-spjbsc-500ml 1 1656 771 1779 1165
cbl-lyxdbj-300g 1 94 1427 188 1524
cbl-lyxdbj-300g 1 164 1439 282 1536
cbl-lyxdbj-300g 1 161 1515 276 1606
cbl-lyxdbj-300g 1 91 1506 182 1600
cbl-lyxdbj-300g 1 232 1591 347 1697
cbl-lyxdbj-300g 1 150 1591 241 1691
cbl-lyxdbj-300g 1 88 1577 167 1686
cbl-lyxtmj-300g 1 23 1489 103 1586
cbl-hdj-900g 1 723 1218 841 1444
cbl-hdj-900g 1 823 1218 953 1444
