lyx-tjyzjy-500ml 1 182 232 231 402
lyx-tjyzjy-500ml 1 226 229 274 399
lyx-tjyzjy-500ml 1 271 229 323 399
lyx-tjyzjy-500ml 1 320 236 368 399
wdm-spjbsc-500ml 1 543 232 590 402
wdm-spjbsc-500ml 1 591 234 633 405
wdm-spjbsc-500ml 1 631 234 679 408
wdm-wjxjy-800ml 1 679 242 728 411
wdm-wjxjy-800ml 1 725 243 776 408
wdm-wjxjy-800ml 1 773 243 826 403
wdm-wjxjy-800ml 1 823 240 876 402
lyx-tjjy-500ml 1 170 448 213 603
lyx-tjjy-500ml 1 208 445 253 602
lyx-tjjy-500ml 1 250 451 303 605
lyx-tjjy-500ml 1 297 451 348 606
lyx-tjjy-500ml 1 345 449 394 609
lyx-tjjy-500ml 1 391 452 442 611
lyx-hsjy-500ml 1 434 456 488 612
lyx-hsjy-500ml 1 486 454 534 612
lyx-hsjy-500ml 1 533 451 580 612
wdm-spjbsc-500ml 1 577 454 623 620
wdm-spjbsc-500ml 1 619 457 665 623
wdm-spjbsc-500ml 1 660 457 710 622
wdm-spjbsc-500ml 1 705 457 753 625
lyx-tjjy-1L 1 146 634 191 792
lyx-tjjy-1L 1 190 637 243 797
lyx-tjjy-1L 1 240 640 299 797
lyx-hsjy-1L 1 300 637 351 803
lyx-hsjy-1L 1 348 640 400 803
lyx-hsjy-1L 1 397 643 448 803
lyx-hsjy-1L 1 442 643 499 809
wdm-btlcjy-1L 1 510 642 566 811
wdm-btlcjy-1L 1 563 642 619 814
wdm-btlcjy-1L 1 623 651 677 816
wdm-wjxjy-1L 1 673 649 728 814
wdm-wjxjy-1L 1 726 651 782 819
wdm-wjxjy-1L 1 777 651 837 822
wdm-spjbsc-1.3L 1 613 851 677 1011
wdm-spjbsc-1.3L 1 674 852 739 1019
wdm-spjbsc-1.3L 1 731 859 803 1017
