wdm-wjxjy-800ml 1 256 230 426 803
wdm-wjxjy-800ml 1 323 241 532 830
wdm-wjxjy-800ml 1 447 241 600 844
wdm-cxhy-510g 1 526 339 691 891
wdm-cxhy-510g 1 644 339 794 903
wdm-cxhy-510g 1 738 341 870 927
wdm-zphy-510g 1 832 356 964 962
wdm-zphy-510g 1 929 371 1067 994
wdm-zphy-510g 1 1041 383 1194 1027
wdm-qxmc-460ml 1 1156 336 1335 1059
wdm-qxmc-460ml 1 1303 341 1497 1094
wdm-cxmc-460ml 1 1435 347 1653 1147
wdm-cxmc-460ml 1 1573 365 1844 1212
wdm-wjxjy-800ml 1 361 883 508 1262
lyx-tjjy-500ml 1 450 912 585 1291
lyx-tjjy-500ml 1 535 950 670 1327
lyx-tjjy-500ml 1 623 974 770 1368
wdm-btlcjy-500ml 1 729 1021 867 1403
wdm-btlcjy-500ml 1 829 1053 973 1444
wdm-btlcjy-500ml 1 938 1094 1070 1486
wdm-spjbsc-500ml 1 1047 1121 1182 1536
wdm-spjbsc-500ml 1 1161 1156 1303 1577
wdm-zplj-450ml 1 1279 1189 1420 1627
wdm-zplj-450ml 1 1394 1227 1550 1686
wdm-zplj-450ml 1 1503 1274 1688 1756
wdm-zplj-450ml 1 1456 1871 1611 2239
wdm-zplj-450ml 1 1350 1812 1494 2165
wdm-zplj-450ml 1 1247 1753 1376 2089
wdm-zplj-450ml 1 1144 1694 1279 2018
wdm-zplj-450ml 1 1041 1639 1167 1971
wdm-wjxjy-800ml 1 941 1591 1070 1918
wdm-wjxjy-800ml 1 850 1530 979 1868
wdm-wjxjy-800ml 1 776 1489 891 1809
wdm-wjxjy-800ml 1 685 1447 811 1762
wdm-wjxjy-800ml 1 617 1400 732 1712
wdm-wjxjy-1.3L 1 500 1347 661 1668
wdm-wjxjy-1.3L 1 411 1309 556 1600
