cbl-lyxdbj-500g 1 626 977 814 1141
cbl-lyxdbj-500g 1 632 1133 814 1297
cbl-lyxdbj-500g 1 785 968 1002 1139
cbl-lyxdbj-300g 1 935 994 1135 1159
cbl-lyxdbj-300g 1 940 1144 1126 1306
cbl-lyxdbj-300g 1 1111 980 1326 1153
cbl-lyxdbj-300g 1 1105 1144 1326 1309
cbl-lyxdbj-300g 1 1308 974 1511 1147
wdm-wjxjy-800ml 1 296 1389 417 1839
wdm-wjxjy-800ml 1 379 1394 508 1862
wdm-wjxjy-800ml 1 485 1397 614 1877
wdm-wjxjy-800ml 1 590 1412 723 1894
wdm-wjxjy-800ml 1 696 1418 838 1918
wdm-wjxjy-800ml 1 811 1421 967 1941
wdm-wjxjy-800ml 1 938 1427 1096 1953
