wdm-wjxjy-1.8L 1 467 143 598 485
wdm-wjxjy-1.8L 1 592 132 726 485
wdm-wjxjy-1.8L 1 716 121 856 483
wdm-wjxjy-1.8L 1 847 115 984 481
wdm-wjxjy-1L 1 984 154 1079 477
wdm-wjxjy-1L 1 1065 141 1164 477
wdm-wjxjy-1L 1 1160 126 1267 477
wdm-btlcjy-1L 1 1264 124 1373 471
wdm-btlcjy-1L 1 1369 111 1486 468
wdm-btlcjy-1L 1 1477 109 1586 466
wdm-btlcjy-1L 1 1579 105 1698 468
cbl-lyxtmj-300g 1 1271 715 1381 817
cbl-lyxtmj-300g 1 1181 798 1311 909
cbl-lyxdbj-300g 1 1060 711 1181 807
cbl-lyxdbj-300g 1 1058 798 1182 902
cbl-lyxdbj-300g 1 941 702 1058 805
cbl-lyxdbj-300g 1 945 790 1060 894
cbl-lyxtmj-500g 1 813 654 960 779
cbl-lyxtmj-500g 1 811 764 950 881
cbl-lyxtmj-500g 1 667 653 818 773
cbl-lyxtmj-500g 1 669 760 815 877
cbl-lyxtmj-500g 1 518 651 675 771
cbl-lyxtmj-500g 1 524 749 671 875
cbl-lyxdbj-500g 1 371 653 528 768
cbl-lyxdbj-500g 1 377 749 528 873
cbl-lyxdbj-500g 1 247 656 381 766
cbl-lyxdbj-500g 1 245 754 390 868
cbl-lyxdbj-500g 1 124 649 275 760
cbl-lyxdbj-500g 1 128 751 264 858
