wdm-qxmc-460ml 1 291 436 467 1044
wdm-qxmc-460ml 1 426 442 597 1030
wdm-cxmc-460ml 1 555 453 720 1044
wdm-spjbsc-500ml 1 697 480 853 1044
wdm-spjbsc-500ml 1 826 480 961 1033
wdm-cxhy-510g 1 305 1109 467 1621
wdm-cxhy-510g 1 423 1109 582 1583
wdm-zphy-510g 1 538 1080 697 1542
wdm-zphy-510g 1 655 1074 794 1521
wdm-btlcjy-500ml 1 779 1068 920 1527
wdm-btlcjy-500ml 1 900 1071 1035 1515
wdm-wjxjy-800ml 1 900 1492 1038 1915
wdm-wjxjy-800ml 1 776 1518 917 1939
wdm-wjxjy-800ml 1 647 1533 805 1968
wdm-wjxjy-800ml 1 1267 1156 1388 1550
wdm-wjxjy-800ml 1 1173 1174 1285 1565
wdm-wjxjy-800ml 1 1082 1186 1200 1580
wdm-wjxjy-800ml 1 1347 1615 1467 1944
wdm-wjxjy-800ml 1 1247 1639 1376 1965
wdm-wjxjy-800ml 1 1155 1653 1273 1997
wdm-wjxjy-800ml 1 1076 1671 1182 2015
wdm-wjxjy-500ml 1 550 1603 688 1989
wdm-wjxjy-500ml 1 423 1624 570 2015
