cbl-lyxdbj-500g 1 258 262 425 412
cbl-lyxdbj-300g 1 412 288 562 410
wdm-zphy-510g 1 264 475 356 775
wdm-zphy-510g 1 334 471 416 777
wdm-zphy-510g 1 403 468 486 771
wdm-qxmc-460ml 1 473 453 551 781
wdm-qxmc-460ml 1 540 451 623 786
wdm-qxmc-460ml 1 614 453 699 784
wdm-cxmc-460ml 1 684 447 773 784
wdm-cxmc-460ml 1 758 445 853 784
wdm-cxmc-460ml 1 836 438 921 781
wdm-zplj-450ml 1 912 436 999 786
wdm-zplj-450ml 1 988 438 1088 790
wdm-zplj-450ml 1 1077 431 1186 788
cbl-lyxtmj-300g 1 449 181 579 297
wdm-spjbsc-500ml 1 216 821 316 1108
wdm-spjbsc-500ml 1 292 834 384 1103
wdm-spjbsc-500ml 1 364 836 456 1110
wdm-spjbsc-500ml 1 432 831 525 1114
wdm-btlcjy-500ml 1 503 831 595 1114
wdm-btlcjy-500ml 1 582 840 673 1125
wdm-btlcjy-500ml 1 660 834 751 1129
wdm-btlcjy-500ml 1 736 838 829 1125
wdm-wjxjy-500ml 1 812 842 906 1140
wdm-wjxjy-500ml 1 897 853 986 1140
wdm-wjxjy-500ml 1 977 842 1079 1155
wdm-wjxjy-500ml 1 1066 853 1166 1160
wdm-wjxjy-800ml 1 1073 1195 1179 1468
wdm-wjxjy-800ml 1 986 1197 1082 1455
wdm-wjxjy-800ml 1 899 1190 995 1445
wdm-wjxjy-800ml 1 814 1177 908 1438
wdm-wjxjy-800ml 1 734 1173 823 1431
wdm-wjxjy-800ml 1 651 1162 745 1423
wdm-wjxjy-1.3L 1 545 1162 664 1414
wdm-wjxjy-1.3L 1 447 1151 562 1403
wdm-wjxjy-1.3L 1 340 1142 464 1405
wdm-wjxjy-1.3L 1 242 1138 360 1388
