cbl-lyxdbj-300g 1 420 785 514 864
cbl-lyxdbj-300g 1 412 854 512 935
cbl-lyxdbj-300g 1 318 777 424 862
cbl-lyxdbj-300g 1 314 849 418 929
cbl-lyxdbj-300g 1 224 781 331 858
cbl-lyxdbj-300g 1 220 847 328 929
cbl-lyxdbj-500g 1 124 756 235 849
cbl-lyxdbj-500g 1 116 833 228 933
cbl-lyxdbj-800g 1 33 749 149 835
cbl-lyxdbj-800g 1 6 820 126 939
cbl-lyxtmj-800g 1 506 758 622 847
cbl-lyxtmj-800g 1 501 837 616 933
cbl-lyxtmj-800g 1 610 758 722 852
cbl-lyxtmj-800g 1 610 833 720 931
cbl-lyxtmj-800g 1 710 764 820 854
cbl-lyxtmj-800g 1 706 833 822 933
cbl-lyxtmj-300g 1 801 793 876 864
cbl-lyxtmj-300g 1 810 852 895 933
cbl-lyxtmj-300g 1 860 795 941 864
cbl-lyxtmj-300g 1 881 854 970 933
cbl-lyxtmj-300g 1 958 850 1037 935
wdm-wjxjy-1.8L 1 112 408 251 670
wdm-wjxjy-1.8L 1 224 402 360 675
wdm-wjxjy-1.3L 1 560 447 678 691
wdm-wjxjy-1.3L 1 658 460 770 693
wdm-wjxjy-1.3L 1 758 472 864 695
wdm-wjxjy-1.3L 1 847 487 951 702
wdm-cxmc-1.3L 1 995 502 1091 710
wdm-cxmc-1.3L 1 1078 502 1176 712
wdm-btlcjy-1L 1 1162 504 1245 712
wdm-wjxjy-1L 1 1226 529 1278 722
wdm-wjxjy-1L 1 1266 535 1320 725
wdm-wjxjy-1L 1 1310 537 1370 722
wdm-wjxjy-800ml 1 1397 535 1462 727
wdm-wjxjy-800ml 1 1447 531 1514 724
wdm-wjxjy-800ml 1 1503 537 1576 731
wdm-wjxjy-800ml 1 1556 537 1614 731
wdm-wjxjy-500ml 1 1591 558 1656 735
wdm-wjxjy-500ml 1 1662 562 1729 737
wdm-cxhy-510g 1 1016 731 1081 935
wdm-cxhy-510g 1 1070 733 1126 937
wdm-cxhy-510g 1 1112 733 1172 937
wdm-cxhy-510g 1 1158 735 1212 933
wdm-spjbsc-500ml 1 1195 735 1256 935
wdm-spjbsc-500ml 1 1241 737 1301 939
wdm-spjbsc-500ml 1 1287 735 1349 939
wdm-spjbsc-1.3L 1 1333 737 1412 941
wdm-spjbsc-1.3L 1 1403 735 1495 937
cbl-lhdj-900g 1 58 1014 153 1195
cbl-lhdj-900g 1 160 991 251 1156
cbl-hdj-900g 1 216 1016 326 1200
cbl-hdj-900g 1 308 1012 404 1197
