wdm-wjxjy-1.3L 1 1247 558 1326 768
wdm-wjxjy-1.3L 1 1183 558 1262 777
wdm-wjxjy-1.3L 1 1106 554 1203 787
wdm-wjxjy-800ml 1 1064 550 1128 787
wdm-wjxjy-800ml 1 1020 549 1097 800
wdm-wjxjy-800ml 1 972 550 1039 789
wdm-wjxjy-800ml 1 918 550 995 806
wdm-wjxjy-800ml 1 851 550 931 812
wdm-wjxjy-800ml 1 789 554 876 816
wdm-wjxjy-800ml 1 722 552 808 822
wdm-wjxjy-500ml 1 668 599 741 831
wdm-wjxjy-500ml 1 601 600 681 833
wdm-cxmc-460ml 1 506 572 599 841
wdm-cxhy-510g 1 443 591 535 860
wdm-cxhy-510g 1 374 591 472 875
