wdm-zplj-450ml 1 26 683 143 1121
wdm-zplj-450ml 1 132 694 255 1130
wdm-zplj-450ml 1 240 703 352 1118
wdm-zphy-510g 1 340 733 446 1106
wdm-zphy-510g 1 438 736 538 1118
wdm-zphy-510g 1 529 744 629 1109
wdm-zphy-510g 1 623 747 717 1115
wdm-cxhy-510g 1 323 1171 429 1556
wdm-cxhy-510g 1 420 1174 517 1547
wdm-cxhy-510g 1 511 1171 605 1536
wdm-cxhy-510g 1 596 1174 688 1530
wdm-wjxjy-500ml 1 855 800 958 1139
wdm-wjxjy-500ml 1 940 806 1035 1133
wdm-wjxjy-500ml 1 1029 812 1117 1141
wdm-btlcjy-500ml 1 1111 821 1202 1139
wdm-btlcjy-500ml 1 1193 830 1264 1136
wdm-btlcjy-500ml 1 1255 836 1340 1150
wdm-qxmc-460ml 1 1332 812 1402 1144
wdm-qxmc-460ml 1 1393 818 1464 1147
wdm-qxmc-460ml 1 1455 827 1520 1141
wdm-cxmc-460ml 1 1511 830 1579 1133
wdm-cxmc-460ml 1 1570 833 1638 1136
wdm-cxmc-460ml 1 1626 836 1690 1130
wdm-wjxjy-800ml 1 817 1180 929 1533
wdm-wjxjy-800ml 1 917 1180 1014 1536
wdm-wjxjy-800ml 1 1005 1189 1102 1515
wdm-wjxjy-800ml 1 1090 1186 1179 1503
wdm-spjbsc-500ml 1 1167 1189 1249 1494
wdm-spjbsc-500ml 1 1240 1186 1311 1491
wdm-spjbsc-500ml 1 1308 1186 1379 1480
wdm-btlcjy-1L 1 1358 1183 1455 1477
wdm-btlcjy-1L 1 1443 1183 1520 1468
wdm-btlcjy-1L 1 1514 1183 1596 1471
wdm-wjxjy-800ml 1 796 1574 917 1912
wdm-wjxjy-800ml 1 905 1574 1014 1889
wdm-wjxjy-800ml 1 1002 1562 1102 1868
wdm-wjxjy-800ml 1 1096 1553 1190 1844
wdm-wjxjy-1L 1 1167 1536 1267 1833
wdm-wjxjy-1L 1 1255 1533 1349 1824
wdm-wjxjy-1L 1 1340 1530 1420 1812
wdm-wjxjy-1L 1 1411 1521 1488 1791
wdm-wjxjy-1L 1 1482 1512 1564 1777
wdm-spjbsc-1.3L 1 788 2003 923 2309
wdm-spjbsc-1.3L 1 911 1980 1032 2283
wdm-spjbsc-1.3L 1 1020 1939 1146 2253
wdm-wjxjy-1.3L 1 1132 1921 1246 2215
wdm-wjxjy-1.3L 1 1240 1894 1352 2191
wdm-wjxjy-1.3L 1 1332 1874 1438 2168
wdm-wjxjy-1.3L 1 1420 1859 1532 2133
wdm-wjxjy-1.3L 1 1520 1839 1632 2112
wdm-wjxjy-1.3L 1 1611 1806 1717 2086
