wdm-wjxjy-500ml 1 611 1097 744 1503
wdm-wjxjy-800ml 1 655 533 794 1006
wdm-wjxjy-800ml 1 526 527 673 1006
wdm-btlcjy-1L 1 717 1050 867 1527
wdm-btlcjy-1L 1 829 1053 991 1527
wdm-wjxjy-1L 1 970 1071 1123 1544
wdm-wjxjy-1L 1 1091 1065 1250 1553
wdm-wjxjy-1L 1 1226 1074 1400 1553
wdm-wjxjy-1.3L 1 785 544 991 1018
wdm-wjxjy-1.3L 1 964 547 1182 1018
wdm-cxmc-1.3L 1 1164 530 1367 1024
wdm-cxmc-1.3L 1 1347 518 1526 1021
cbl-hdj-900g 1 929 1718 1097 2033
cbl-hdj-900g 1 791 1709 953 2030
cbl-hdj-900g 1 650 1694 826 2015
cbl-hdj-900g 1 520 1686 679 1980
cbl-lhdj-900g 1 1361 1744 1526 2109
wdm-wjxjy-2L 1 844 1 1070 480
wdm-wjxjy-2L 1 1050 1 1297 486
wdm-wjxjy-3.78L 1 538 27 838 483
cbl-lyxtmj-800g 1 1267 2227 1491 2497
cbl-lyxtmj-800g 1 1261 2427 1500 2560
cbl-lyxdbj-800g 1 944 2177 1129 2406
cbl-lyxdbj-800g 1 932 2365 1123 2560
cbl-lyxdbj-800g 1 782 2168 982 2386
cbl-lyxdbj-800g 1 770 2336 955 2544
cbl-lyxdbj-500g 1 1100 2094 1300 2312
cbl-lyxdbj-500g 1 1094 2262 1305 2468
cbl-lyxdbj-500g 1 1085 2415 1291 2560
cbl-lyxdbj-300g 1 647 2086 814 2242
cbl-lyxdbj-300g 1 641 2209 808 2377
cbl-lyxdbj-300g 1 623 2330 797 2527
cbl-lyxdbj-300g 1 491 2300 655 2468
cbl-lyxdbj-300g 1 491 2156 667 2353
cbl-lyxdbj-300g 1 547 2044 717 2215
