lyx-tjyzjy-500ml 1 66 185 150 422
lyx-tjyzjy-500ml 1 137 186 226 436
lyx-tjyzjy-500ml 1 199 188 283 434
lyx-tjyzjy-500ml 1 262 192 336 436
lyx-tjyzjy-500ml 1 322 194 399 437
lyx-tjyzjy-500ml 1 394 196 460 442
lyx-tjyzjy-500ml 1 451 194 520 439
lyx-tjyzjy-500ml 1 516 197 585 443
lyx-tjyzjy-500ml 1 514 457 573 651
lyx-tjyzjy-500ml 1 457 459 520 656
lyx-tjyzjy-500ml 1 402 459 468 656
lyx-tjyzjy-500ml 1 345 457 413 654
lyx-tjyzjy-500ml 1 285 456 359 654
lyx-tjyzjy-500ml 1 222 457 302 657
lyx-tjyzjy-500ml 1 168 452 242 654
lyx-tjyzjy-500ml 1 103 452 185 657
lyx-hsjy-1L 1 128 657 205 831
lyx-hsjy-1L 1 190 659 268 832
lyx-hsjy-1L 1 250 656 325 831
lyx-hsjy-1L 1 311 654 383 831
lyx-hsjy-1L 1 368 657 443 831
lyx-hsjy-1L 1 431 652 502 832
lyx-hsjy-1L 1 488 651 562 831
lyx-hsjy-1L 1 159 834 237 982
lyx-hsjy-1L 1 216 837 290 976
lyx-hsjy-1L 1 270 831 345 969
lyx-hsjy-1L 1 326 828 383 972
lyx-hsjy-1L 1 370 820 434 971
lyx-hsjy-1L 1 426 825 486 972
lyx-hsjy-1L 1 479 828 533 968
