wdm-wjxjy-800ml 1 1082 1380 1208 1780
wdm-wjxjy-800ml 1 1182 1383 1294 1768
wdm-wjxjy-800ml 1 1270 1374 1391 1759
wdm-wjxjy-800ml 1 1370 1368 1479 1747
wdm-wjxjy-800ml 1 1456 1362 1561 1733
wdm-wjxjy-800ml 1 1532 1356 1653 1739
wdm-wjxjy-800ml 1 1620 1356 1732 1724
wdm-wjxjy-800ml 1 1694 903 1811 1294
wdm-wjxjy-800ml 1 1614 900 1732 1300
wdm-wjxjy-800ml 1 1532 900 1635 1309
wdm-wjxjy-800ml 1 1450 897 1561 1312
wdm-wjxjy-800ml 1 1358 900 1476 1315
wdm-wjxjy-500ml 1 1620 391 1753 771
wdm-wjxjy-500ml 1 1717 412 1829 762
wdm-wjxjy-500ml 1 1794 421 1911 777
wdm-wjxjy-1L 1 979 1394 1117 1786
wdm-wjxjy-1L 1 858 1400 1008 1818
wdm-wjxjy-1L 1 747 1400 894 1818
wdm-wjxjy-1L 1 629 1406 770 1824
wdm-wjxjy-1L 1 1538 1794 1650 2086
wdm-wjxjy-1L 1 1447 1803 1567 2109
wdm-wjxjy-1L 1 1367 1821 1479 2115
wdm-wjxjy-1L 1 1282 1833 1385 2124
wdm-wjxjy-1L 1 1191 1839 1303 2150
wdm-btlcjy-1L 1 508 1412 650 1841
wdm-btlcjy-1L 1 376 1412 526 1877
wdm-btlcjy-1L 1 232 1412 388 1889
wdm-btlcjy-1L 1 97 1427 253 1897
wdm-btlcjy-500ml 1 1532 386 1647 759
wdm-btlcjy-500ml 1 1458 371 1561 756
wdm-btlcjy-500ml 1 1364 347 1482 744
wdm-wjxjy-1.8L 1 1070 1847 1208 2186
wdm-wjxjy-1.8L 1 941 1868 1094 2209
wdm-wjxjy-1.8L 1 808 1889 964 2233
wdm-wjxjy-1.8L 1 670 1903 826 2256
wdm-wjxjy-2L 1 506 1921 700 2294
wdm-wjxjy-2L 1 332 1941 526 2350
wdm-wjxjy-2L 1 135 1974 350 2409
wdm-spjbsc-500ml 1 1264 941 1379 1339
wdm-spjbsc-500ml 1 1191 944 1291 1324
wdm-spjbsc-500ml 1 1094 930 1211 1330
wdm-cxmc-460ml 1 1014 906 1120 1344
wdm-cxmc-460ml 1 920 903 1029 1347
wdm-cxmc-460ml 1 817 891 935 1347
wdm-qxmc-460ml 1 735 886 841 1336
wdm-qxmc-460ml 1 635 877 750 1339
wdm-zplj-450ml 1 532 868 653 1356
wdm-zplj-450ml 1 414 862 547 1347
wdm-cxhy-510g 1 729 212 847 689
wdm-cxhy-510g 1 629 197 741 697
wdm-cxhy-510g 1 511 171 635 659
wdm-zphy-510g 1 388 139 523 644
wdm-zphy-510g 1 250 100 388 633
lyx-hsjy-500ml 1 832 221 967 700
lyx-hsjy-500ml 1 953 250 1076 709
lyx-tjyzjy-500ml 1 1061 271 1191 724
lyx-tjyzjy-500ml 1 1164 294 1291 727
lyx-tjyzjy-500ml 1 1267 315 1391 750
