wdm-wjxjy-1.3L 1 520 1127 699 1568
wdm-wjxjy-1.3L 1 682 1130 858 1574
wdm-wjxjy-1.3L 1 840 1141 1029 1586
wdm-wjxjy-1.3L 1 120 1689 343 2089
wdm-wjxjy-1.3L 1 323 1683 520 2089
wdm-wjxjy-1.3L 1 511 1674 714 2094
wdm-wjxjy-1.3L 1 693 1668 888 2074
wdm-wjxjy-1.8L 1 1008 1100 1190 1574
wdm-wjxjy-1.8L 1 1182 1109 1382 1586
wdm-wjxjy-1.8L 1 1352 1109 1567 1574
wdm-wjxjy-1.3L 1 879 1662 1079 2080
wdm-wjxjy-1.8L 1 1067 1633 1273 2074
wdm-wjxjy-1.8L 1 1258 1636 1482 2086
wdm-wjxjy-1.8L 1 1464 1636 1688 2080
