cbl-hdj-900g 1 429 1230 567 1530
cbl-lhdj-900g 1 555 1250 708 1547
cbl-lhdj-900g 1 690 1265 843 1568
cbl-lhdj-900g 1 288 1536 446 1844
cbl-lhdj-900g 1 414 1556 579 1865
cbl-lhdj-900g 1 561 1550 708 1850
cbl-lhdj-900g 1 693 1550 846 1844
cbl-hdj-900g 1 882 1350 1026 1621
cbl-hdj-900g 1 1008 1350 1158 1615
cbl-hdj-900g 1 1132 1353 1288 1612
cbl-hdj-900g 1 1261 1339 1420 1618
cbl-hdj-900g 1 1390 1344 1555 1612
cbl-hdj-900g 1 1523 1330 1655 1591
cbl-hdj-900g 1 826 1571 979 1839
cbl-hdj-900g 1 949 1591 1099 1836
cbl-hdj-900g 1 1076 1591 1232 1836
cbl-hdj-900g 1 1202 1583 1352 1821
cbl-hdj-900g 1 1323 1574 1476 1824
cbl-hdj-900g 1 1446 1577 1599 1815
cbl-hdj-900g 1 1564 1547 1717 1809
wdm-wjxjy-800ml 1 588 768 682 1083
wdm-wjxjy-800ml 1 688 786 790 1089
wdm-wjxjy-800ml 1 776 786 870 1080
wdm-wjxjy-800ml 1 861 786 949 1077
wdm-wjxjy-800ml 1 943 774 1035 1068
wdm-wjxjy-800ml 1 1020 777 1111 1062
wdm-wjxjy-800ml 1 1079 750 1173 1041
