wdm-btlcjy-500ml 1 632 1109 741 1494
wdm-btlcjy-500ml 1 717 1118 823 1491
wdm-cxmc-460ml 1 800 1086 920 1521
wdm-cxmc-460ml 1 888 1086 1000 1544
wdm-cxhy-510g 1 1200 1124 1329 1586
wdm-cxhy-510g 1 1303 1121 1432 1603
wdm-spjbsc-500ml 1 1414 1121 1567 1621
wdm-spjbsc-500ml 1 1547 1136 1703 1615
wdm-zplj-450ml 1 991 1089 1111 1550
wdm-zplj-450ml 1 1091 1094 1214 1559
wdm-wjxjy-500ml 1 547 1100 656 1486
wdm-wjxjy-500ml 1 467 1103 567 1465
wdm-wjxjy-500ml 1 391 1083 482 1453
wdm-wjxjy-800ml 1 1238 1733 1385 2236
wdm-wjxjy-800ml 1 1350 1753 1500 2303
wdm-wjxjy-800ml 1 1500 1791 1670 2344
wdm-wjxjy-1L 1 1094 1694 1253 2183
wdm-wjxjy-1L 1 973 1691 1114 2136
wdm-wjxjy-1L 1 850 1662 991 2118
wdm-wjxjy-1L 1 753 1644 876 2065
wdm-wjxjy-1L 1 656 1612 788 2021
wdm-wjxjy-1.3L 1 523 1597 673 2012
wdm-wjxjy-1.3L 1 397 1559 567 1968
wdm-wjxjy-1.8L 1 267 1515 426 1947
cbl-hdj-900g 1 1538 521 1761 918
cbl-hdj-900g 1 1358 541 1567 924
cbl-hdj-300g 1 1138 618 1382 739
cbl-hdj-300g 1 1123 715 1376 836
cbl-lyxtmj-300g 1 976 627 1158 789
cbl-lyxtmj-300g 1 829 633 991 789
cbl-lyxtmj-300g 1 973 771 1153 930
cbl-lyxdbj-500g 1 553 627 714 789
cbl-lyxdbj-500g 1 558 768 711 927
cbl-lyxdbj-500g 1 694 621 861 786
cbl-lyxdbj-500g 1 688 762 847 921
cbl-lyxdbj-300g 1 450 677 582 818
cbl-lyxdbj-300g 1 447 797 582 936
cbl-lyxdbj-300g 1 335 680 464 818
