wdm-btlcjy-500ml 1 553 733 682 1100
wdm-btlcjy-500ml 1 656 724 776 1097
wdm-spjbsc-500ml 1 761 733 873 1130
wdm-spjbsc-500ml 1 864 718 976 1112
wdm-zplj-450ml 1 956 703 1067 1103
wdm-zplj-450ml 1 1050 700 1170 1103
wdm-cxmc-460ml 1 1153 691 1276 1086
wdm-cxmc-460ml 1 1250 694 1361 1080
wdm-cxhy-510g 1 1341 709 1444 1083
wdm-cxhy-510g 1 1426 709 1538 1083
wdm-wjxjy-500ml 1 1373 1233 1485 1556
wdm-wjxjy-500ml 1 1461 1239 1573 1553
wdm-wjxjy-800ml 1 711 1206 835 1591
wdm-wjxjy-800ml 1 600 1212 726 1600
wdm-wjxjy-800ml 1 500 1206 635 1615
wdm-wjxjy-800ml 1 385 1212 523 1618
wdm-wjxjy-1L 1 814 1215 944 1594
wdm-wjxjy-1L 1 923 1218 1047 1597
wdm-wjxjy-1L 1 1038 1218 1164 1583
wdm-wjxjy-1L 1 1150 1212 1288 1571
wdm-wjxjy-1L 1 1276 1191 1400 1574
wdm-wjxjy-800ml 1 450 1774 561 2086
wdm-wjxjy-800ml 1 535 1774 641 2074
wdm-wjxjy-800ml 1 620 1771 717 2062
wdm-wjxjy-1.3L 1 691 1877 844 2206
wdm-wjxjy-1.3L 1 817 1868 976 2180
wdm-wjxjy-1.8L 1 956 1865 1091 2186
wdm-wjxjy-1.8L 1 1082 1841 1232 2191
wdm-wjxjy-1.8L 1 1214 1839 1367 2183
wdm-wjxjy-1.8L 1 1353 1830 1508 2174
cbl-hdj-900g 1 429 827 582 1121
cbl-hdj-900g 1 288 830 453 1106
cbl-lyxdbj-500g 1 1364 236 1582 415
cbl-lyxdbj-800g 1 1379 397 1570 559
cbl-lyxdbj-800g 1 1553 233 1753 412
cbl-lyxdbj-800g 1 1544 397 1735 571
cbl-lyxdbj-300g 1 564 280 738 441
cbl-lyxdbj-300g 1 579 421 750 568
cbl-lyxdbj-300g 1 391 274 570 439
cbl-lyxdbj-300g 1 226 427 406 571
cbl-lyxdbj-300g 1 208 280 408 441
cbl-lyxljj-300g 1 735 280 911 439
cbl-lyxljj-300g 1 906 274 1079 439
cbl-lyxtmj-300g 1 1070 277 1244 436
cbl-lyxtmj-300g 1 1235 274 1411 433
