cbl-lyxdbj-800g 1 329 936 585 1150
cbl-lyxdbj-800g 1 494 956 764 1191
cbl-lyxdbj-500g 1 653 989 900 1218
cbl-lyxdbj-500g 1 826 1012 1094 1256
cbl-lyxdbj-500g 1 791 797 1008 1003
cbl-lyxdbj-500g 1 976 794 1235 1018
cbl-lyxdbj-300g 1 1041 1068 1294 1300
cbl-lyxdbj-300g 1 1141 880 1394 1080
cbl-lyxdbj-300g 1 1344 886 1623 1115
cbl-lyxdbj-300g 1 1261 1094 1541 1341
wdm-wjxjy-800ml 1 591 1250 729 1665
wdm-wjxjy-800ml 1 706 1286 844 1700
wdm-wjxjy-800ml 1 811 1306 941 1747
wdm-wjxjy-800ml 1 911 1330 1082 1809
wdm-wjxjy-800ml 1 1058 1362 1223 1844
wdm-wjxjy-800ml 1 1206 1371 1403 1906
cbl-hdj-900g 1 758 62 964 577
cbl-hdj-900g 1 941 21 1176 559
cbl-hdj-900g 1 1153 1 1414 544
cbl-hdj-900g 1 1373 1 1664 536
