cbl-hdj-900g 1 1676 1097 1920 1650
cbl-lyxdbj-300g 1 1276 324 1532 565
cbl-lyxdbj-300g 1 1261 539 1511 774
cbl-lyxdbj-300g 1 1285 94 1585 344
cbl-lyxdbj-300g 1 1614 65 1920 368
cbl-lyxdbj-300g 1 1111 300 1326 547
cbl-lyxdbj-300g 1 1091 521 1303 768
cbl-lyxdbj-300g 1 950 324 1135 565
cbl-lyxdbj-300g 1 941 533 1120 756
cbl-lyxdbj-500g 1 811 318 997 559
cbl-lyxdbj-500g 1 808 530 979 759
cbl-lyxdbj-500g 1 685 365 844 571
cbl-lyxdbj-500g 1 679 544 847 744
wdm-wjxjy-800ml 1 1050 1480 1229 2009
wdm-wjxjy-800ml 1 947 1442 1111 1953
wdm-wjxjy-800ml 1 870 1406 1020 1874
wdm-wjxjy-800ml 1 791 1368 920 1836
wdm-wjxjy-800ml 1 714 1350 838 1780
wdm-wjxjy-1L 1 658 1327 779 1736
wdm-wjxjy-1L 1 606 1306 711 1686
wdm-wjxjy-1L 1 535 1268 638 1653
wdm-wjxjy-1L 1 500 1256 608 1603
wdm-wjxjy-1L 1 423 1233 544 1583
