wdm-wjxjy-800ml 1 123 486 196 789
wdm-wjxjy-800ml 1 173 474 255 783
wdm-wjxjy-800ml 1 235 465 314 780
wdm-wjxjy-800ml 1 290 450 373 771
wdm-wjxjy-800ml 1 349 436 429 771
wdm-wjxjy-800ml 1 402 415 485 759
wdm-wjxjy-800ml 1 464 400 555 753
wdm-wjxjy-800ml 1 535 374 626 744
wdm-wjxjy-1L 1 605 374 705 727
wdm-wjxjy-1L 1 685 350 785 712
wdm-wjxjy-1L 1 767 321 879 706
wdm-wjxjy-1L 1 861 291 970 686
wdm-wjxjy-1L 1 955 262 1079 674
wdm-wjxjy-1L 1 1064 230 1196 656
wdm-wjxjy-1L 1 1176 191 1317 633
wdm-wjxjy-1L 1 1302 153 1446 615
wdm-wjxjy-1L 1 1423 106 1588 591
wdm-wjxjy-500ml 1 193 968 270 1233
wdm-wjxjy-500ml 1 246 986 326 1233
wdm-wjxjy-500ml 1 305 983 370 1247
wdm-wjxjy-500ml 1 352 977 426 1250
wdm-wjxjy-500ml 1 408 971 490 1259
wdm-btlcjy-500ml 1 464 971 543 1259
wdm-btlcjy-500ml 1 520 971 599 1256
wdm-btlcjy-500ml 1 582 965 664 1271
wdm-spjbsc-500ml 1 646 950 729 1268
wdm-spjbsc-500ml 1 708 947 799 1277
wdm-spjbsc-500ml 1 779 944 870 1289
wdm-spjbsc-500ml 1 849 941 943 1286
wdm-spjbsc-500ml 1 923 939 1023 1294
wdm-spjbsc-500ml 1 1011 930 1108 1294
wdm-cxhy-510g 1 1088 921 1179 1309
wdm-cxhy-510g 1 1170 918 1276 1306
wdm-cxhy-510g 1 1258 915 1361 1309
wdm-qxmc-460ml 1 1340 880 1461 1321
wdm-qxmc-460ml 1 1443 868 1570 1318
wdm-spjbsc-1.3L 1 232 1336 335 1630
wdm-spjbsc-1.3L 1 299 1341 402 1656
wdm-spjbsc-1.3L 1 376 1350 485 1665
wdm-wjxjy-1.3L 1 452 1368 558 1683
wdm-wjxjy-1.3L 1 535 1365 655 1703
wdm-wjxjy-1.3L 1 635 1380 770 1724
wdm-wjxjy-1.3L 1 732 1371 864 1741
wdm-wjxjy-1.3L 1 835 1383 967 1765
wdm-wjxjy-1.8L 1 946 1365 1111 1791
wdm-wjxjy-1.8L 1 1088 1377 1264 1824
wdm-wjxjy-1.8L 1 1246 1403 1440 1853
wdm-wjxjy-1.8L 1 1420 1394 1629 1897
cbl-hdj-900g 1 1605 1577 1788 1933
cbl-hdj-900g 1 1773 1603 1920 1968
cbl-lyxdbj-300g 1 1440 2283 1643 2530
cbl-lyxdbj-300g 1 1623 2353 1846 2560
