wdm-btlcjy-1L 1 1110 360 1178 529
wdm-btlcjy-500ml 1 953 372 1003 522
wdm-wjxjy-1L 1 1070 356 1126 531
wdm-wjxjy-800ml 1 1026 349 1079 525
cbl-lyxtmj-300g 1 1093 749 1149 797
cbl-lyxtmj-300g 1 1091 789 1149 841
cbl-lyxtmj-300g 1 1087 833 1149 885
cbl-lyxtmj-800g 1 835 712 914 779
cbl-lyxtmj-800g 1 835 766 916 831
cbl-lyxtmj-800g 1 837 818 912 891
cbl-lyxdbj-800g 1 972 712 1053 779
cbl-lyxdbj-800g 1 972 768 1045 827
cbl-lyxdbj-800g 1 964 822 1037 883
cbl-lyxdbj-300g 1 1035 747 1099 799
cbl-lyxdbj-300g 1 1035 789 1103 841
cbl-lyxdbj-300g 1 1035 833 1099 887
cbl-hdj-800g 1 906 716 979 779
cbl-hdj-800g 1 908 770 981 833
cbl-hdj-800g 1 903 822 981 885
