cbl-lyxdbj-800g 1 26 509 297 727
cbl-lyxdbj-800g 1 58 700 308 918
cbl-lyxdbj-800g 1 261 494 520 724
cbl-lyxdbj-800g 1 273 677 508 915
cbl-lyxdbj-500g 1 485 521 708 718
cbl-lyxdbj-500g 1 505 697 714 900
cbl-lyxdbj-500g 1 685 512 897 718
cbl-lyxdbj-500g 1 685 694 908 894
cbl-lyxdbj-300g 1 882 544 1085 730
cbl-lyxdbj-300g 1 879 694 1085 880
cbl-lhdj-900g 1 1047 497 1253 903
cbl-lhdj-900g 1 1223 489 1403 909
cbl-hdj-900g 1 1376 497 1570 886
cbl-hdj-900g 1 1544 462 1747 889
wdm-wjxjy-500ml 1 94 1015 261 1465
wdm-wjxjy-500ml 1 217 1012 376 1444
wdm-wjxjy-500ml 1 329 1003 497 1459
wdm-btlcjy-500ml 1 473 1009 629 1442
wdm-btlcjy-500ml 1 603 986 755 1433
wdm-btlcjy-500ml 1 735 1000 867 1415
wdm-btlcjy-500ml 1 847 986 997 1415
wdm-spjbsc-500ml 1 964 953 1111 1415
wdm-spjbsc-500ml 1 1091 939 1238 1418
wdm-spjbsc-500ml 1 1211 939 1367 1421
wdm-cxmc-1.3L 1 1338 918 1555 1421
wdm-cxmc-1.3L 1 1535 900 1764 1421
wdm-wjxjy-800ml 1 944 1489 1100 1936
wdm-wjxjy-800ml 1 1085 1489 1232 1927
wdm-wjxjy-800ml 1 1211 1489 1373 1942
wdm-wjxjy-800ml 1 1341 1480 1497 1915
wdm-wjxjy-800ml 1 1476 1480 1635 1930
wdm-wjxjy-800ml 1 1617 1465 1779 1915
wdm-wjxjy-1L 1 788 1497 955 1927
wdm-wjxjy-1L 1 650 1509 811 1942
wdm-wjxjy-1L 1 500 1515 670 1956
wdm-wjxjy-1L 1 353 1506 529 1959
wdm-wjxjy-1L 1 208 1530 388 1971
wdm-wjxjy-1L 1 82 1527 238 1971
wdm-wjxjy-1.3L 1 1514 2044 1705 2518
wdm-wjxjy-1.3L 1 1344 2053 1532 2524
wdm-wjxjy-1.3L 1 1176 2059 1361 2524
wdm-wjxjy-1.8L 1 994 2018 1200 2521
wdm-wjxjy-1.8L 1 805 2021 1020 2521
