wdm-wjxjy-1L 1 297 141 549 545
wdm-wjxjy-1L 1 410 193 616 570
wdm-wjxjy-1L 1 489 258 704 597
wdm-wjxjy-1L 1 583 312 766 616
wdm-wjxjy-1L 1 637 349 824 652
wdm-wjxjy-1L 1 697 397 891 699
wdm-wjxjy-1L 1 783 433 951 702
wdm-wjxjy-800ml 1 845 452 991 724
wdm-wjxjy-1.3L 1 889 510 1045 768
wdm-wjxjy-1.3L 1 964 541 1089 779
wdm-wjxjy-1.3L 1 1006 575 1137 804
wdm-wjxjy-1.3L 1 1064 600 1178 814
wdm-cxmc-460ml 1 633 731 781 960
wdm-cxmc-460ml 1 679 745 824 975
wdm-wjxjy-500ml 1 120 572 341 900
wdm-wjxjy-500ml 1 214 608 429 918
wdm-wjxjy-500ml 1 310 641 526 935
wdm-zphy-510g 1 428 662 601 933
wdm-zphy-510g 1 495 687 656 947
wdm-zphy-510g 1 545 714 712 958
wdm-cxhy-510g 1 829 795 953 991
wdm-cxhy-510g 1 789 781 914 983
wdm-spjbsc-500ml 1 872 802 972 991
wdm-spjbsc-500ml 1 904 816 1016 1004
wdm-spjbsc-500ml 1 933 825 1035 1006
wdm-spjbsc-500ml 1 966 835 1068 1010
wdm-wjxjy-800ml 1 881 1060 989 1241
wdm-wjxjy-800ml 1 829 1052 954 1243
wdm-wjxjy-800ml 1 804 1052 918 1239
wdm-wjxjy-800ml 1 743 1047 878 1250
wdm-wjxjy-800ml 1 704 1041 820 1239
