lyx-tjyzjy-500ml 1 483 414 575 741
lyx-tjyzjy-500ml 1 566 406 662 735
lyx-tjyzjy-500ml 1 658 403 762 731
lyx-tjjy-500ml 1 229 847 335 1162
lyx-tjjy-500ml 1 329 849 425 1166
lyx-tjjy-500ml 1 418 841 506 1158
lyx-tjjy-500ml 1 508 839 600 1166
lyx-hsjy-500ml 1 600 839 704 1160
lyx-hsjy-500ml 1 700 839 798 1162
lyx-hsjy-500ml 1 795 835 897 1162
lyx-tjjy-1L 1 325 1201 437 1539
lyx-tjjy-1L 1 425 1210 522 1541
lyx-tjjy-1L 1 516 1205 620 1549
lyx-hsjy-1L 1 610 1212 714 1553
lyx-hsjy-1L 1 710 1212 822 1551
lyx-hsjy-1L 1 814 1210 912 1555
