cbl-lyxdbj-500g 1 652 936 870 1133
cbl-lyxdbj-500g 1 843 921 1064 1115
cbl-lyxdbj-500g 1 1049 903 1258 1109
cbl-lyxdbj-300g 1 661 1221 870 1412
cbl-lyxdbj-300g 1 688 1362 879 1518
cbl-lyxdbj-300g 1 852 1203 1046 1383
cbl-lyxdbj-300g 1 1029 1297 1217 1477
cbl-lyxdbj-300g 1 1193 1274 1376 1456
cbl-lyxdbj-800g 1 726 1544 961 1777
cbl-lyxdbj-800g 1 932 1521 1155 1733
cbl-lyxdbj-800g 1 1132 1497 1346 1706
cbl-lyxdbj-800g 1 740 1689 955 1877
cbl-lyxdbj-800g 1 938 1674 1138 1841
cbl-lyxdbj-800g 1 1129 1656 1332 1818
