wdm-cxmc-460ml 1 30 587 84 789
wdm-cxmc-460ml 1 78 592 137 790
wdm-zphy-510g 1 131 605 186 784
wdm-zphy-510g 1 177 605 228 789
wdm-btlcjy-1L 1 341 578 413 781
wdm-btlcjy-1L 1 406 587 477 779
wdm-btlcjy-1L 1 468 590 536 779
wdm-wjxjy-1L 1 530 590 597 779
wdm-wjxjy-1L 1 591 586 659 779
wdm-wjxjy-1L 1 654 586 721 778
wdm-wjxjy-1L 1 709 581 762 775
wdm-wjxjy-1L 1 810 587 844 775
wdm-wjxjy-1L 1 836 586 897 776
wdm-wjxjy-1.3L 1 881 575 966 781
wdm-wjxjy-1.3L 1 948 576 1034 772
wdm-wjxjy-1.3L 1 1012 573 1106 776
wdm-wjxjy-1.3L 1 1083 576 1172 773
wdm-wjxjy-1.3L 1 1148 576 1244 775
wdm-cxmc-1.3L 1 369 352 460 532
wdm-cxmc-1.3L 1 454 357 541 536
wdm-cxmc-1.3L 1 533 361 618 532
wdm-cxmc-1.3L 1 607 360 704 534
wdm-cxmc-1.3L 1 689 357 760 539
