wdm-wjxjy-1.3L 1 323 239 529 768
wdm-wjxjy-1.3L 1 502 291 676 771
wdm-wjxjy-1.3L 1 643 336 802 786
wdm-wjxjy-1.3L 1 782 377 926 794
wdm-wjxjy-1.3L 1 896 409 1040 806
wdm-wjxjy-1.3L 1 999 421 1135 824
wdm-wjxjy-1.3L 1 1102 450 1235 836
wdm-wjxjy-1.3L 1 1202 477 1329 847
wdm-wjxjy-1.3L 1 1293 503 1408 856
wdm-wjxjy-1.3L 1 1376 524 1476 856
wdm-wjxjy-1.3L 1 1440 544 1535 868
wdm-wjxjy-500ml 1 296 841 443 1306
wdm-wjxjy-500ml 1 420 856 555 1300
wdm-wjxjy-500ml 1 532 868 652 1303
wdm-wjxjy-500ml 1 626 871 746 1286
wdm-wjxjy-500ml 1 720 874 826 1277
wdm-wjxjy-500ml 1 802 880 914 1271
wdm-wjxjy-500ml 1 885 886 985 1253
wdm-wjxjy-500ml 1 958 891 1049 1259
wdm-wjxjy-800ml 1 1020 847 1126 1236
wdm-wjxjy-800ml 1 1102 859 1188 1233
wdm-wjxjy-800ml 1 1167 856 1249 1212
wdm-wjxjy-800ml 1 1229 862 1305 1209
wdm-wjxjy-800ml 1 1285 871 1355 1215
wdm-wjxjy-800ml 1 1338 871 1408 1197
wdm-wjxjy-800ml 1 1382 868 1458 1194
wdm-wjxjy-800ml 1 1429 877 1502 1203
wdm-wjxjy-800ml 1 1470 880 1543 1177
wdm-wjxjy-1L 1 973 1271 1085 1633
wdm-wjxjy-1L 1 1058 1262 1155 1615
wdm-wjxjy-1L 1 1123 1253 1220 1586
wdm-wjxjy-1L 1 1190 1241 1285 1568
wdm-wjxjy-1L 1 1261 1241 1340 1550
wdm-wjxjy-1L 1 1317 1233 1396 1536
wdm-wjxjy-1L 1 1379 1224 1446 1524
wdm-wjxjy-1L 1 1432 1218 1493 1497
wdm-wjxjy-1L 1 1482 1203 1543 1480
