cbl-lyxdbj-300g 1 1104 200 1295 383
cbl-lyxdbj-300g 1 1112 320 1291 491
cbl-lyxdbj-300g 1 931 220 1118 387
cbl-lyxdbj-300g 1 776 231 951 399
cbl-lyxdbj-300g 1 629 243 804 400
cbl-lyxdbj-300g 1 664 352 835 499
cbl-lyxdbj-300g 1 803 349 972 497
cbl-lyxdbj-800g 1 474 162 699 368
cbl-lyxdbj-800g 1 526 337 714 489
cbl-lyxdbj-800g 1 312 179 531 375
cbl-lyxdbj-800g 1 366 322 562 495
cbl-lyxdbj-800g 1 147 204 370 391
cbl-lyxdbj-800g 1 214 335 422 506
cbl-lyxdbj-800g 1 1 218 214 410
cbl-lyxdbj-800g 1 66 347 260 529
wdm-wjxjy-800ml 1 1128 520 1253 831
wdm-wjxjy-800ml 1 1239 524 1362 841
wdm-wjxjy-800ml 1 1343 516 1474 835
wdm-wjxjy-500ml 1 1131 872 1241 1091
wdm-wjxjy-500ml 1 1047 862 1147 1087
wdm-wjxjy-500ml 1 964 860 1068 1075
wdm-wjxjy-500ml 1 887 854 985 1068
wdm-wjxjy-1.3L 1 1458 514 1645 843
wdm-wjxjy-1.3L 1 1631 510 1837 858
wdm-zphy-510g 1 810 850 916 1066
wdm-zphy-510g 1 747 852 853 1062
wdm-zphy-510g 1 678 852 791 1058
wdm-spjbsc-500ml 1 604 843 733 1054
wdm-spjbsc-500ml 1 533 837 662 1043
wdm-spjbsc-500ml 1 470 831 604 1039
wdm-spjbsc-500ml 1 401 827 539 1035
