cbl-hdj-900g 1 200 909 306 1118
cbl-hdj-900g 1 294 924 403 1127
cbl-hdj-900g 1 391 918 494 1127
wdm-wjxjy-800ml 1 482 812 585 1127
wdm-wjxjy-800ml 1 570 815 653 1118
wdm-wjxjy-800ml 1 644 821 732 1124
wdm-wjxjy-500ml 1 717 868 808 1141
wdm-wjxjy-500ml 1 791 868 876 1124
wdm-btlcjy-500ml 1 867 871 947 1130
wdm-btlcjy-500ml 1 938 871 1020 1136
wdm-cxhy-510g 1 1003 862 1079 1147
wdm-cxhy-510g 1 1070 868 1147 1127
wdm-cxhy-510g 1 1132 868 1206 1141
wdm-cxhy-510g 1 1191 868 1267 1150
wdm-cxmc-460ml 1 1256 865 1326 1153
wdm-cxmc-460ml 1 1320 868 1394 1141
wdm-qxmc-460ml 1 1382 868 1461 1153
wdm-qxmc-460ml 1 1444 868 1526 1141
cbl-lyxdbj-500g 1 564 1303 679 1412
cbl-lyxdbj-500g 1 564 1397 676 1489
cbl-lyxdbj-300g 1 679 1330 791 1433
cbl-lyxdbj-300g 1 667 1412 776 1503
cbl-lyxdbj-300g 1 776 1333 888 1433
cbl-lyxdbj-300g 1 770 1421 879 1515
cbl-lyxdbj-300g 1 782 1227 882 1330
wdm-wjxjy-1L 1 438 1565 553 1847
wdm-wjxjy-1L 1 532 1568 623 1847
wdm-wjxjy-1L 1 614 1565 703 1841
wdm-wjxjy-1L 1 691 1577 785 1853
wdm-wjxjy-1L 1 773 1577 876 1856
wdm-wjxjy-1L 1 861 1574 958 1859
wdm-wjxjy-1.3L 1 950 1586 1070 1847
wdm-wjxjy-1.3L 1 1056 1586 1170 1850
