cbl-lyxdbj-800g 1 429 983 585 1153
cbl-lyxdbj-800g 1 500 1021 653 1197
cbl-lyxdbj-800g 1 585 1056 708 1250
cbl-lyxdbj-500g 1 667 1041 788 1189
cbl-lyxdbj-500g 1 673 1147 797 1306
cbl-lyxdbj-500g 1 761 1077 885 1230
cbl-lyxdbj-500g 1 776 1180 876 1336
cbl-lyxdbj-500g 1 856 1241 994 1400
cbl-lyxdbj-500g 1 853 1118 982 1286
cbl-lyxdbj-300g 1 964 1294 1106 1465
cbl-lyxdbj-300g 1 956 1177 1103 1353
cbl-lyxdbj-300g 1 1082 1236 1235 1421
cbl-lyxdbj-300g 1 1079 1353 1223 1544
cbl-lyxdbj-300g 1 1208 1306 1406 1497
cbl-lyxdbj-300g 1 1206 1424 1400 1618
cbl-lyxtmj-300g 1 1370 1371 1594 1580
cbl-lyxtmj-300g 1 1373 1500 1553 1712
cbl-lyxtmj-300g 1 1556 1456 1753 1677
cbl-lyxtmj-300g 1 1541 1583 1703 1809
cbl-hdj-900g 1 1453 1830 1650 2162
cbl-hdj-900g 1 1332 1741 1500 2053
cbl-hdj-900g 1 1223 1671 1364 1980
cbl-hdj-900g 1 1117 1606 1244 1897
cbl-hdj-900g 1 1382 2153 1541 2439
cbl-hdj-900g 1 1273 2056 1408 2344
cbl-hdj-900g 1 1170 1980 1308 2256
cbl-hdj-900g 1 1091 1921 1194 2171
cbl-hdj-900g 1 1003 1847 1141 2089
cbl-hdj-900g 1 941 1789 1038 2009
cbl-lhdj-900g 1 850 1727 961 1962
cbl-lhdj-900g 1 776 1680 879 1903
