wdm-wjxjy-1.3L 1 243 1565 461 2115
wdm-wjxjy-1.3L 1 440 1580 658 2118
wdm-wjxjy-1.3L 1 640 1597 861 2150
wdm-wjxjy-1.3L 1 835 1606 1061 2177
wdm-wjxjy-1.3L 1 1040 1627 1270 2194
wdm-wjxjy-1.3L 1 1249 1647 1485 2212
wdm-wjxjy-1.3L 1 1449 1656 1705 2239
wdm-wjxjy-1.3L 1 1655 1639 1855 2183
wdm-wjxjy-1.3L 1 449 1044 664 1553
wdm-wjxjy-1.3L 1 635 1056 846 1562
wdm-wjxjy-1.3L 1 820 1059 1032 1565
wdm-wjxjy-1.3L 1 1011 1065 1229 1583
wdm-wjxjy-1.3L 1 1188 1077 1417 1606
wdm-wjxjy-1.3L 1 1390 1086 1629 1606
