wdm-btlcjy-500ml 1 1103 283 1191 574
wdm-btlcjy-500ml 1 1179 297 1255 577
wdm-btlcjy-500ml 1 1241 312 1323 586
wdm-btlcjy-1L 1 1270 950 1355 1224
wdm-btlcjy-1L 1 1208 956 1294 1242
wdm-btlcjy-1L 1 1258 1253 1335 1483
wdm-btlcjy-1L 1 1194 1259 1279 1492
wdm-btlcjy-1L 1 1182 1524 1264 1753
wdm-btlcjy-1L 1 1247 1512 1332 1730
wdm-wjxjy-1L 1 997 956 1097 1253
wdm-wjxjy-1L 1 1076 959 1164 1253
wdm-wjxjy-1L 1 1141 950 1223 1247
wdm-wjxjy-1L 1 1055 1277 1153 1521
wdm-wjxjy-1L 1 1129 1265 1208 1509
wdm-wjxjy-1L 1 1120 1536 1208 1771
wdm-wjxjy-1L 1 1055 1550 1141 1786
wdm-wjxjy-1L 1 988 1568 1082 1812
wdm-wjxjy-500ml 1 1020 280 1100 577
wdm-wjxjy-500ml 1 950 268 1041 577
wdm-wjxjy-500ml 1 879 256 970 571
wdm-wjxjy-500ml 1 803 250 903 562
wdm-wjxjy-500ml 1 735 233 829 556
wdm-wjxjy-500ml 1 655 221 758 559
wdm-wjxjy-800ml 1 667 594 770 947
wdm-wjxjy-800ml 1 744 592 855 944
wdm-wjxjy-800ml 1 823 600 926 950
wdm-wjxjy-800ml 1 879 965 970 1274
wdm-wjxjy-800ml 1 800 968 900 1277
wdm-wjxjy-800ml 1 714 971 820 1289
wdm-wjxjy-800ml 1 635 974 729 1300
lyx-tjjy-500ml 1 1029 644 1120 927
lyx-hsjy-500ml 1 1100 647 1182 927
lyx-hsjy-500ml 1 1153 653 1238 921
lyx-hsjy-500ml 1 1217 656 1294 918
lyx-hsjy-500ml 1 1270 656 1358 924
lyx-tjyzjy-500ml 1 967 642 1055 936
lyx-tjyzjy-500ml 1 903 636 991 936
wdm-wjxjy-1.8L 1 953 1289 1079 1536
wdm-wjxjy-1.8L 1 841 1303 964 1568
wdm-wjxjy-1.8L 1 735 1318 867 1580
wdm-wjxjy-1.8L 1 664 1333 755 1606
wdm-wjxjy-1.8L 1 685 1630 805 1912
wdm-wjxjy-1.8L 1 770 1612 923 1880
wdm-wjxjy-1.8L 1 882 1589 1008 1844
wdm-wjxjy-1.8L 1 961 1844 1091 2092
wdm-wjxjy-1.8L 1 873 1868 997 2121
wdm-wjxjy-1.8L 1 767 1912 903 2165
wdm-wjxjy-1.8L 1 694 1930 791 2209
