wdm-spsc-2L 1 36 45 151 308
wdm-spsc-2L 1 148 66 253 322
wdm-spsc-2L 1 251 89 348 336
wdm-wjxjy-1.8L 1 345 116 436 348
wdm-wjxjy-1.8L 1 431 134 522 357
wdm-wjxjy-800ml 1 520 125 588 365
wdm-wjxjy-800ml 1 580 139 646 374
wdm-wjxjy-1L 1 636 162 703 385
wdm-wjxjy-1L 1 694 177 759 391
wdm-wjxjy-1L 1 748 188 808 391
lyx-tjjy-1L 1 797 197 860 400
lyx-tjjy-1L 1 854 211 916 403
lyx-tjjy-1L 1 906 220 965 408
lyx-tjyzjy-500ml 1 33 342 114 606
lyx-tjyzjy-500ml 1 111 357 191 606
lyx-tjyzjy-500ml 1 194 368 268 612
lyx-tjjy-500ml 1 268 376 342 611
lyx-tjjy-500ml 1 337 386 403 614
lyx-tjjy-500ml 1 400 392 468 622
lyx-hsjy-500ml 1 463 399 530 623
lyx-hsjy-500ml 1 525 403 586 628
lyx-hsjy-500ml 1 577 412 636 634
wdm-spjbsc-500ml 1 625 416 685 634
wdm-spjbsc-500ml 1 679 423 730 631
wdm-spjbsc-500ml 1 726 426 776 637
wdm-qxmc-460ml 1 766 426 817 636
wdm-qxmc-460ml 1 806 428 856 636
wdm-qxmc-460ml 1 846 432 896 637
wdm-cxmc-460ml 1 885 434 928 639
wdm-cxmc-460ml 1 923 440 966 639
