wdm-wjxjy-1.3L 1 214 1118 335 1471
wdm-wjxjy-1.3L 1 273 1109 396 1477
wdm-wjxjy-1.3L 1 329 1094 473 1491
wdm-wjxjy-1.3L 1 402 1080 543 1509
wdm-wjxjy-1L 1 502 1050 638 1524
wdm-wjxjy-1L 1 582 1033 720 1527
wdm-wjxjy-1L 1 685 1012 829 1539
wdm-wjxjy-1L 1 785 1003 935 1553
wdm-wjxjy-1L 1 870 980 1040 1571
wdm-wjxjy-1L 1 1008 959 1188 1589
wdm-wjxjy-1L 1 1138 930 1358 1612
wdm-wjxjy-1L 1 1282 1 1517 694
wdm-wjxjy-1L 1 1135 106 1338 733
wdm-wjxjy-1L 1 982 177 1176 791
wdm-wjxjy-1L 1 849 239 1032 827
wdm-wjxjy-1L 1 752 315 914 847
wdm-wjxjy-1.8L 1 629 389 796 874
wdm-wjxjy-1.8L 1 543 453 690 906
