cbl-lyxtmj-300g 1 32 977 185 1156
cbl-lyxtmj-300g 1 50 1130 197 1315
cbl-lyxtmj-300g 1 144 971 358 1144
cbl-lyxtmj-300g 1 179 1109 356 1274
cbl-lyxdbj-300g 1 332 959 526 1112
cbl-lyxdbj-300g 1 344 1097 535 1250
cbl-lyxdbj-300g 1 497 950 679 1103
cbl-lyxdbj-300g 1 508 1080 679 1239
cbl-lyxdbj-500g 1 617 906 823 1074
cbl-lyxdbj-500g 1 767 894 956 1056
cbl-lyxdbj-500g 1 641 1059 829 1206
cbl-lyxdbj-500g 1 803 1039 953 1183
cbl-hdj-300g 1 917 1000 1097 1100
cbl-hdj-300g 1 1070 989 1220 1089
wdm-qxmc-460ml 1 1144 762 1241 1141
wdm-qxmc-460ml 1 1217 765 1300 1141
wdm-cxmc-460ml 1 1276 768 1347 1124
wdm-cxmc-460ml 1 1335 765 1397 1115
wdm-spjbsc-500ml 1 1385 780 1458 1100
wdm-spjbsc-500ml 1 1441 765 1520 1089
wdm-cxhy-510g 1 1503 783 1564 1083
wdm-cxhy-510g 1 1547 768 1611 1068
wdm-zplj-450ml 1 1585 768 1647 1056
wdm-zplj-450ml 1 1632 768 1691 1062
wdm-wjxjy-1L 1 714 1277 856 1677
wdm-wjxjy-1L 1 820 1262 941 1653
wdm-wjxjy-1L 1 920 1247 1041 1618
wdm-wjxjy-1.3L 1 444 1344 629 1765
wdm-wjxjy-1.3L 1 567 1309 758 1709
wdm-wjxjy-1.8L 1 244 1359 467 1827
wdm-wjxjy-1.8L 1 82 1389 276 1883
wdm-wjxjy-800ml 1 1017 1230 1120 1589
wdm-wjxjy-800ml 1 1097 1203 1191 1565
wdm-wjxjy-800ml 1 1170 1194 1256 1539
wdm-wjxjy-500ml 1 1235 1227 1308 1512
wdm-wjxjy-500ml 1 1291 1212 1373 1497
wdm-wjxjy-500ml 1 1356 1203 1438 1474
wdm-btlcjy-500ml 1 1420 1191 1497 1468
wdm-btlcjy-500ml 1 1473 1183 1550 1450
cbl-hdj-900g 1 1511 1224 1614 1447
cbl-hdj-900g 1 1582 1215 1676 1430
