wdm-wjxjy-800ml 1 282 1 444 430
wdm-wjxjy-800ml 1 414 1 567 412
wdm-wjxjy-800ml 1 538 1 673 412
wdm-wjxjy-800ml 1 650 1 794 406
wdm-wjxjy-800ml 1 761 6 894 427
wdm-wjxjy-800ml 1 847 15 985 418
wdm-wjxjy-800ml 1 950 33 1070 427
wdm-wjxjy-800ml 1 1038 44 1158 436
wdm-wjxjy-800ml 1 1123 59 1235 442
wdm-wjxjy-800ml 1 1197 77 1297 424
wdm-wjxjy-1L 1 1270 100 1379 447
wdm-wjxjy-1L 1 1355 130 1441 439
wdm-wjxjy-1L 1 1420 142 1494 439
wdm-wjxjy-1L 1 1482 150 1558 459
wdm-wjxjy-1L 1 1529 162 1611 459
wdm-wjxjy-1L 1 1588 168 1661 456
wdm-wjxjy-1L 1 1641 180 1711 453
wdm-wjxjy-500ml 1 620 486 747 833
wdm-wjxjy-500ml 1 714 506 829 821
wdm-wjxjy-500ml 1 800 509 900 821
wdm-wjxjy-500ml 1 876 509 973 818
wdm-wjxjy-500ml 1 953 503 1041 803
wdm-wjxjy-500ml 1 1020 512 1100 780
wdm-wjxjy-500ml 1 1079 506 1173 777
wdm-wjxjy-500ml 1 1147 512 1232 786
wdm-wjxjy-500ml 1 1211 512 1285 783
wdm-zphy-510g 1 1050 856 1132 1147
wdm-zphy-510g 1 1103 853 1182 1133
wdm-zphy-510g 1 1150 833 1232 1127
wdm-zphy-510g 1 1200 830 1282 1109
wdm-qxmc-460ml 1 967 859 1064 1165
wdm-qxmc-460ml 1 900 862 1000 1180
wdm-qxmc-460ml 1 838 862 938 1192
wdm-qxmc-460ml 1 767 874 876 1221
wdm-btlcjy-1L 1 455 1312 603 1636
wdm-btlcjy-1L 1 558 1300 688 1603
wdm-btlcjy-1L 1 655 1277 782 1577
wdm-btlcjy-1L 1 738 1244 864 1544
wdm-wjxjy-1.3L 1 829 1239 944 1515
wdm-wjxjy-1.3L 1 911 1215 1020 1486
wdm-wjxjy-1.3L 1 994 1194 1108 1462
wdm-wjxjy-1.3L 1 1082 1174 1205 1439
wdm-wjxjy-1.3L 1 1167 1147 1276 1406
wdm-wjxjy-1.3L 1 1250 1124 1364 1383
wdm-wjxjy-1.8L 1 500 1674 655 2003
wdm-wjxjy-1.8L 1 611 1624 794 1962
wdm-wjxjy-1.8L 1 741 1583 900 1892
wdm-wjxjy-1.8L 1 853 1533 1000 1850
wdm-wjxjy-1.8L 1 964 1512 1094 1809
wdm-wjxjy-1.8L 1 1053 1483 1176 1765
wdm-wjxjy-1.8L 1 1147 1453 1255 1730
wdm-spsc-2L 1 1253 1409 1376 1680
wdm-spsc-2L 1 1341 1377 1447 1642
wdm-wjxjy-2L 1 1423 1356 1511 1603
wdm-wjxjy-2L 1 1494 1344 1585 1580
lyx-tjjy-500ml 1 411 912 544 1271
lyx-tjjy-500ml 1 503 894 638 1268
lyx-tjjy-500ml 1 594 880 720 1244
lyx-tjjy-500ml 1 682 874 800 1218
