wdm-wjxjy-1.8L 1 1247 1112 1438 1503
wdm-wjxjy-1.8L 1 1097 1109 1273 1480
wdm-wjxjy-1.8L 1 961 1074 1132 1433
wdm-wjxjy-1.8L 1 808 1059 985 1415
wdm-wjxjy-1.8L 1 685 1056 850 1400
wdm-wjxjy-1.8L 1 555 1030 711 1380
wdm-wjxjy-1.8L 1 429 1012 594 1356
wdm-wjxjy-1.8L 1 323 997 470 1330
wdm-wjxjy-1.8L 1 205 992 370 1315
wdm-wjxjy-1.8L 1 447 656 608 994
wdm-wjxjy-1.8L 1 570 668 720 1003
wdm-wjxjy-1.8L 1 688 671 838 1021
wdm-wjxjy-1.8L 1 814 686 979 1030
wdm-wjxjy-1.8L 1 950 683 1105 1050
wdm-wjxjy-1.8L 1 1085 694 1250 1062
wdm-wjxjy-1.8L 1 1208 697 1382 1059
wdm-wjxjy-1.8L 1 1355 706 1541 1086
