wdm-wjxjy-800ml 1 252 762 423 1153
wdm-wjxjy-800ml 1 376 744 529 1127
wdm-wjxjy-800ml 1 490 721 620 1106
wdm-wjxjy-800ml 1 588 694 714 1062
wdm-wjxjy-800ml 1 702 668 814 1027
wdm-wjxjy-800ml 1 799 653 902 1006
wdm-wjxjy-800ml 1 890 633 990 962
wdm-wjxjy-800ml 1 970 609 1061 939
wdm-wjxjy-800ml 1 511 1362 649 1709
wdm-wjxjy-800ml 1 623 1312 740 1665
wdm-wjxjy-800ml 1 720 1277 835 1627
wdm-wjxjy-800ml 1 817 1230 926 1571
wdm-wjxjy-800ml 1 902 1189 1005 1515
wdm-wjxjy-800ml 1 990 1153 1093 1480
wdm-wjxjy-800ml 1 1073 1124 1158 1436
wdm-wjxjy-800ml 1 1152 1091 1235 1394
wdm-wjxjy-800ml 1 1223 1050 1299 1347
wdm-wjxjy-800ml 1 1285 1024 1364 1315
wdm-wjxjy-800ml 1 1343 997 1423 1289
wdm-wjxjy-800ml 1 1402 968 1485 1253
wdm-wjxjy-800ml 1 1473 941 1552 1224
wdm-wjxjy-800ml 1 1526 918 1623 1186
wdm-wjxjy-800ml 1 1579 900 1673 1180
wdm-wjxjy-800ml 1 1638 880 1726 1144
