wdm-wjxjy-1.3L 1 508 43 695 454
wdm-wjxjy-1.3L 1 658 81 812 466
wdm-wjxjy-1.3L 1 789 114 947 472
wdm-wjxjy-1.3L 1 906 143 1060 481
wdm-wjxjy-1.3L 1 1018 168 1151 487
wdm-wjxjy-1.8L 1 1112 170 1247 504
wdm-wjxjy-1.8L 1 1210 193 1335 514
wdm-wjxjy-1.8L 1 1297 220 1412 520
wdm-wjxjy-1L 1 1378 247 1468 529
wdm-wjxjy-1L 1 1435 258 1533 529
wdm-wjxjy-1L 1 1476 252 1576 527
wdm-wjxjy-1L 1 1526 279 1624 535
wdm-wjxjy-1L 1 1578 287 1678 529
wdm-wjxjy-1L 1 574 922 706 1262
wdm-wjxjy-1L 1 676 922 787 1235
wdm-wjxjy-1L 1 747 916 876 1214
wdm-btlcjy-1L 1 635 514 772 864
wdm-btlcjy-1L 1 741 522 864 866
wdm-btlcjy-1L 1 812 510 943 906
wdm-btlcjy-1L 1 910 535 1031 860
wdm-cxhy-510g 1 1193 579 1279 839
wdm-cxhy-510g 1 1266 583 1324 716
wdmwjxjy500ml 1 1295 585 1370 831
wdm-cxmc-460ml 1 1376 577 1456 825
wdm-cxmc-460ml 1 1428 575 1491 822
wdm-cxmc-460ml 1 1468 570 1537 824
wdm-qxmc-460ml 1 1537 583 1608 816
wdm-qxmc-460ml 1 1501 581 1558 862
wdm-spjbsc-500ml 1 989 566 1072 845
wdm-spjbsc-500ml 1 1062 570 1135 843
wdm-wjxjy-800ml 1 826 910 931 1195
wdm-wjxjy-800ml 1 903 900 1016 1200
wdm-wjxjy-800ml 1 987 891 1081 1189
wdm-wjxjy-800ml 1 1058 885 1145 1174
wdm-wjxjy-800ml 1 1120 883 1208 1164
wdm-wjxjy-800ml 1 1185 885 1266 1147
wdm-wjxjy-500ml 1 1243 904 1316 1139
wdm-wjxjy-500ml 1 1291 895 1362 1127
wdm-wjxjy-500ml 1 1331 895 1397 1100
wdm-wjxjy-500ml 1 1364 887 1447 1108
wdm-wjxjy-500ml 1 1424 881 1489 1102
wdm-wjxjy-500ml 1 1456 883 1526 1091
wdm-wjxjy-500ml 1 1497 879 1570 1099
cbl-lyxdbj-300g 1 1547 954 1637 1070
cbl-lyxdbj-300g 1 1589 912 1691 1004
cbl-lyxdbj-300g 1 1606 985 1683 1064
cbl-lyxdbj-300g 1 1660 908 1735 987
cbl-lyxdbj-300g 1 1660 977 1733 1047
cbl-lyxtmj-800g 1 1666 891 1785 970
cbl-lyxtmj-800g 1 1735 958 1829 1043
