cbl-lyxdbj-800g 1 167 714 406 927
cbl-lyxdbj-800g 1 380 707 609 892
cbl-lyxdbj-500g 1 558 573 772 729
cbl-lyxdbj-500g 1 584 714 787 892
cbl-lyxdbj-500g 1 758 714 914 853
cbl-lyxdbj-500g 1 897 702 1016 831
cbl-lyxdbj-500g 1 799 585 953 717
cbl-lyxdbj-300g 1 938 619 1058 717
cbl-lyxdbj-300g 1 1036 617 1160 724
cbl-lyxdbj-300g 1 1145 605 1253 707
cbl-lyxdbj-300g 1 1219 697 1326 795
cbl-lyxdbj-300g 1 1114 705 1223 809
cbl-hdj-900g 1 621 219 777 495
cbl-hdj-900g 1 750 241 887 500
cbl-hdj-900g 1 870 251 999 519
cbl-lhdj-900g 1 972 270 1084 517
cbl-lhdj-900g 1 1065 280 1170 517
cbl-lhdj-900g 1 1150 295 1253 517
