wdm-wjxjy-500ml 1 111 1650 250 2047
wdm-wjxjy-500ml 1 232 1653 370 2044
wdm-wjxjy-500ml 1 338 1639 470 2021
wdm-zphy-510g 1 447 1636 567 2027
wdm-zphy-510g 1 541 1624 653 2024
wdm-zphy-510g 1 638 1633 755 2018
wdm-zphy-510g 1 726 1633 844 1994
wdm-spjbsc-500ml 1 820 1621 932 1989
wdm-spjbsc-500ml 1 923 1618 1023 1986
wdm-spjbsc-500ml 1 1003 1618 1132 2000
wdm-btlcjy-500ml 1 1103 1615 1226 1989
wdm-btlcjy-500ml 1 1208 1612 1326 1986
wdm-btlcjy-500ml 1 1303 1609 1423 1968
wdm-zplj-450ml 1 1382 1580 1538 1965
wdm-zphy-510g 1 1514 1580 1641 1962
lyx-hsjy-500ml 1 1605 1583 1741 1971
lyx-hsjy-500ml 1 1717 1577 1850 1965
wdm-wjxjy-1L 1 103 1139 235 1586
wdm-wjxjy-1L 1 397 1124 526 1580
wdm-wjxjy-1L 1 500 1136 647 1568
wdm-wjxjy-1L 1 623 1136 764 1553
wdm-wjxjy-1L 1 747 1142 885 1565
wdm-wjxjy-1L 1 861 1139 994 1559
wdm-wjxjy-1L 1 979 1136 1126 1542
wdm-wjxjy-800ml 1 1082 1127 1229 1553
wdm-wjxjy-800ml 1 1211 1121 1350 1550
wdm-wjxjy-800ml 1 1317 1115 1464 1539
wdm-wjxjy-800ml 1 1441 1124 1567 1533
wdm-wjxjy-800ml 1 1541 1118 1685 1530
wdm-wjxjy-800ml 1 1655 1118 1785 1530
wdm-wjxjy-800ml 1 1753 1109 1876 1533
wdm-cxmc-1.3L 1 1658 706 1838 1100
wdm-cxmc-1.3L 1 1523 721 1700 1097
wdm-cxmc-1.3L 1 1382 718 1550 1118
wdm-wjxjy-1.3L 1 1235 715 1408 1115
wdm-wjxjy-1.3L 1 1088 703 1261 1086
wdm-wjxjy-1.3L 1 935 706 1108 1092
wdm-wjxjy-1.3L 1 773 694 973 1112
wdm-wjxjy-1.8L 1 611 671 814 1115
wdm-wjxjy-1.8L 1 438 668 635 1106
wdm-wjxjy-1.8L 1 250 665 455 1118
wdm-wjxjy-1.8L 1 70 662 273 1112
cbl-hdj-900g 1 158 2186 320 2509
cbl-hdj-900g 1 294 2177 467 2494
cbl-hdj-900g 1 432 2171 597 2480
cbl-lhdj-900g 1 614 2153 797 2474
cbl-lhdj-900g 1 758 2142 929 2468
cbl-lyxdbj-800g 1 894 2115 1103 2309
cbl-lyxdbj-800g 1 903 2262 1108 2459
cbl-lyxdbj-800g 1 1073 2106 1282 2303
cbl-lyxdbj-800g 1 1076 2242 1285 2442
cbl-lyxdbj-500g 1 1276 2121 1438 2303
cbl-lyxdbj-500g 1 1270 2250 1453 2433
cbl-lyxdbj-500g 1 1403 2112 1576 2294
cbl-lyxdbj-300g 1 1558 2142 1711 2294
cbl-lyxdbj-300g 1 1561 2262 1729 2406
cbl-lyxdbj-300g 1 1685 2130 1855 2297
