cbl-lyxdbj-300g 1 783 73 866 141
cbl-lyxdbj-300g 1 854 75 934 146
cbl-lyxdbj-300g 1 820 122 895 195
cbl-lyxdbj-300g 1 885 127 973 202
cbl-lyxdbj-300g 1 820 188 893 258
cbl-lyxdbj-300g 1 888 188 968 263
cbl-lyxdbj-500g 1 961 70 1044 151
cbl-lyxdbj-500g 1 1032 73 1100 144
cbl-lyxdbj-500g 1 1015 117 1105 200
cbl-lyxdbj-500g 1 1083 119 1161 202
cbl-lyxdbj-500g 1 1022 180 1095 263
cbl-lyxdbj-500g 1 1085 188 1159 266
cbl-lyxsrdbj-300g 1 927 83 998 161
cbl-lyxsrdbj-300g 1 956 134 1039 205
cbl-lyxsrdbj-300g 1 959 190 1034 266
cbl-hdj-500g 1 1146 146 1242 214
cbl-hdj-500g 1 1149 205 1237 270
cbl-hdj-300g 1 1227 151 1307 202
cbl-hdj-300g 1 1220 190 1307 236
cbl-hdj-300g 1 1227 227 1300 278
cbl-lyxtmj-300g 1 1290 151 1368 219
cbl-lyxtmj-300g 1 1288 212 1366 270
cbl-lyxtmj-300g 1 1354 158 1429 219
cbl-lyxtmj-300g 1 1351 214 1424 275
cbl-lyxdbj-500g 1 815 329 905 412
cbl-lyxdbj-500g 1 805 402 893 483
cbl-lhdj-900g 1 885 336 959 478
cbl-lhdj-900g 1 949 336 1017 480
cbl-lhdj-900g 1 1000 339 1071 480
cbl-hdj-900g 1 1059 341 1124 480
wdm-zphy-510g 1 1107 297 1166 478
wdm-zphy-510g 1 1159 295 1207 475
wdm-zphy-510g 1 1200 297 1242 478
wdm-zphy-510g 1 1229 297 1268 470
wdm-zplj-450ml 1 1127 490 1181 663
wdm-zplj-450ml 1 1163 490 1212 668
wdm-btlcjy-500ml 1 1200 488 1251 661
wdm-btlcjy-500ml 1 1242 490 1288 649
wdm-btlcjy-500ml 1 1281 485 1337 651
wdm-btlcjy-500ml 1 1317 490 1371 651
wdm-spjbsc-500ml 1 1085 492 1137 673
wdm-spjbsc-500ml 1 1049 495 1098 673
wdm-qxmc-460ml 1 1010 497 1056 673
wdm-qxmc-460ml 1 971 495 1020 673
wdm-cxhy-510g 1 803 502 854 688
wdm-cxhy-510g 1 839 500 898 688
wdm-cxmc-460ml 1 885 495 939 680
wdm-cxmc-460ml 1 929 502 978 678
wdm-wjxjy-500ml 1 800 709 851 873
wdm-wjxjy-500ml 1 839 705 893 873
wdm-wjxjy-500ml 1 881 700 942 870
wdm-wjxjy-500ml 1 929 692 985 861
wdm-wjxjy-800ml 1 971 690 1029 858
wdm-wjxjy-800ml 1 1015 688 1073 853
wdm-wjxjy-800ml 1 1061 680 1117 851
wdm-wjxjy-800ml 1 1103 685 1156 846
wdm-wjxjy-800ml 1 1146 678 1205 844
wdm-wjxjy-800ml 1 1190 675 1237 831
wdm-wjxjy-800ml 1 1229 673 1285 839
wdm-wjxjy-800ml 1 1273 670 1322 829
wdm-wjxjy-800ml 1 788 890 856 1056
wdm-wjxjy-800ml 1 849 885 907 1051
wdm-wjxjy-800ml 1 898 883 961 1046
wdm-wjxjy-800ml 1 951 873 1010 1034
wdm-wjxjy-800ml 1 995 873 1061 1029
wdm-wjxjy-800ml 1 1046 870 1107 1022
wdm-wjxjy-1L 1 1090 858 1154 1009
wdm-wjxjy-1L 1 1144 856 1200 1012
wdm-wjxjy-1L 1 1188 851 1242 1000
wdm-wjxjy-1L 1 1229 844 1285 992
wdm-wjxjy-1L 1 1273 839 1320 988
wdm-cxmc-1.3L 1 1149 1024 1215 1185
wdm-cxmc-1.3L 1 1207 1014 1271 1178
wdm-cxmc-1.3L 1 1251 1007 1322 1163
wdm-wjxjy-1.3L 1 1095 1031 1161 1195
wdm-wjxjy-1.3L 1 1037 1039 1110 1207
wdm-wjxjy-1.3L 1 978 1049 1051 1217
wdm-wjxjy-1.8L 1 917 1056 990 1229
wdm-wjxjy-1.8L 1 854 1068 932 1241
wdm-wjxjy-1.8L 1 773 1068 863 1253
