wdm-spjbsc-500ml 1 1117 377 1179 683
wdm-spjbsc-500ml 1 1067 377 1141 694
wdm-spjbsc-1.3L 1 1053 1089 1129 1339
wdm-spjbsc-1.3L 1 994 1109 1076 1365
wdm-spjbsc-1.3L 1 935 1130 1017 1391
wdm-btlcjy-500ml 1 873 347 961 700
wdm-btlcjy-500ml 1 811 339 897 700
wdm-btlcjy-500ml 1 744 327 847 703
wdm-btlcjy-1L 1 717 753 841 1141
wdm-btlcjy-1L 1 811 747 903 1130
wdm-btlcjy-1L 1 864 744 944 1115
wdm-wjxjy-1.3L 1 876 1159 956 1430
wdm-wjxjy-1.3L 1 782 1177 894 1468
wdm-wjxjy-1.3L 1 700 1206 803 1509
wdm-wjxjy-1.3L 1 588 1241 726 1556
wdm-wjxjy-1.3L 1 458 1277 617 1621
wdm-wjxjy-500ml 1 670 309 773 694
wdm-wjxjy-500ml 1 594 294 706 706
wdm-wjxjy-500ml 1 520 280 626 709
wdm-wjxjy-500ml 1 417 271 556 712
wdm-wjxjy-800ml 1 411 756 576 1221
wdm-wjxjy-800ml 1 535 753 661 1186
wdm-wjxjy-800ml 1 629 747 758 1162
