cbl-lyxdbj-300g 1 91 938 215 1047
cbl-lyxdbj-300g 1 200 947 315 1053
cbl-lyxdbj-300g 1 300 944 413 1057
cbl-lyxdbj-800g 1 404 931 537 1053
cbl-lyxdbj-800g 1 517 931 654 1062
cbl-lyxdbj-800g 1 639 936 772 1060
cbl-lyxdbj-500g 1 539 510 652 616
cbl-lyxdbj-500g 1 539 597 654 692
cbl-lyxdbj-500g 1 639 523 752 623
cbl-lyxdbj-500g 1 639 603 750 699
cbl-lyxdbj-500g 1 741 538 863 631
cbl-lyxdbj-500g 1 737 612 845 710
cbl-lyxdbj-500g 1 837 553 943 642
cbl-lyxdbj-500g 1 839 623 945 723
cbl-lyxdbj-500g 1 930 562 1035 653
cbl-lyxdbj-500g 1 928 633 1030 725
cbl-lyxtmj-300g 1 85 1105 204 1216
cbl-lyxtmj-300g 1 189 1112 306 1216
cbl-lyxtmj-300g 1 291 1105 415 1212
cbl-lyxtmj-500g 1 113 1240 237 1344
cbl-lyxtmj-500g 1 119 1314 237 1418
cbl-lyxtmj-500g 1 228 1242 343 1342
cbl-lyxtmj-500g 1 230 1325 343 1425
cbl-lyxtmj-500g 1 330 1236 448 1349
cbl-lyxtmj-500g 1 326 1325 441 1425
cbl-lyxtmj-500g 1 435 1244 545 1340
cbl-lyxtmj-500g 1 430 1320 548 1423
