cbl-lyxdbj-300g 1 860 756 972 866
cbl-lyxdbj-300g 1 872 835 976 929
cbl-lyxdbj-300g 1 949 774 1062 881
cbl-lyxdbj-300g 1 956 854 1068 947
cbl-lyxdbj-300g 1 1037 789 1160 902
cbl-lyxdbj-300g 1 1043 872 1154 974
cbl-lyxdbj-300g 1 1129 804 1237 929
cbl-lyxdbj-300g 1 1135 895 1233 1006
cbl-lyxdbj-800g 1 828 516 970 647
cbl-lyxdbj-800g 1 845 612 966 735
cbl-lyxdbj-800g 1 935 525 1081 668
cbl-lyxdbj-800g 1 945 620 1087 749
cbl-lyxtmj-300g 1 647 524 762 633
cbl-lyxtmj-300g 1 662 604 772 697
cbl-lyxtmj-300g 1 568 512 685 616
cbl-lyxtmj-300g 1 589 595 687 683
