wdm-wjxjy-800ml 1 210 339 383 839
wdm-wjxjy-800ml 1 373 346 532 827
wdm-wjxjy-800ml 1 490 327 651 775
wdm-wjxjy-800ml 1 656 331 798 741
wdm-wjxjy-800ml 1 761 331 890 724
wdm-wjxjy-800ml 1 863 322 973 714
wdm-wjxjy-800ml 1 949 322 1046 680
wdm-wjxjy-800ml 1 1024 319 1149 680
wdm-wjxjy-800ml 1 1117 314 1222 658
wdm-wjxjy-800ml 1 1195 309 1283 646
wdm-wjxjy-800ml 1 1254 312 1339 609
wdm-wjxjy-800ml 1 1320 309 1385 566
wdm-wjxjy-800ml 1 1356 305 1429 561
wdm-wjxjy-800ml 1 1405 302 1481 546
wdm-wjxjy-800ml 1 1449 300 1532 534
wdm-wjxjy-800ml 1 1485 292 1583 529
wdm-wjxjy-800ml 1 1537 297 1607 519
wdm-wjxjy-800ml 1 1573 295 1649 512
wdm-wjxjy-800ml 1 193 856 346 1197
wdm-wjxjy-800ml 1 315 836 463 1161
wdm-wjxjy-800ml 1 437 809 571 1109
wdm-wjxjy-800ml 1 539 783 654 1080
wdm-wjxjy-800ml 1 683 775 756 1046
wdm-wjxjy-800ml 1 737 756 834 1012
wdm-wjxjy-800ml 1 820 734 917 985
wdm-wjxjy-800ml 1 900 709 983 953
wdm-wjxjy-800ml 1 1032 680 1120 927
wdm-wjxjy-800ml 1 1093 666 1171 902
wdm-wjxjy-800ml 1 1154 653 1229 883
wdm-wjxjy-800ml 1 1259 634 1337 856
wdm-wjxjy-800ml 1 1310 612 1381 836
wdm-wjxjy-800ml 1 1354 619 1432 819
wdm-wjxjy-800ml 1 1437 580 1507 788
wdm-wjxjy-800ml 1 1478 566 1534 775
wdm-wjxjy-800ml 1 1510 561 1576 763
