cbl-lyxdbj-300g 1 815 517 881 578
cbl-lyxdbj-300g 1 863 512 920 583
cbl-lyxdbj-300g 1 817 563 881 631
cbl-lyxdbj-300g 1 861 573 922 639
cbl-lyxtmj-300g 1 785 509 832 570
cbl-lyxtmj-300g 1 783 563 834 627
cbl-lyxsrdbj-300g 1 751 507 798 568
cbl-lyxsrdbj-300g 1 751 556 798 622
cbl-lyxsrdbj-300g 1 727 502 766 563
cbl-lyxsrdbj-300g 1 724 553 768 617
cbl-hdj-500g 1 681 497 739 553
cbl-hdj-500g 1 678 549 732 607
cbl-hdj-500g 1 642 536 685 600
cbl-lyxdbj-500g 1 615 478 659 536
cbl-lyxdbj-500g 1 612 529 654 595
cbl-lyxdbj-800g 1 585 470 629 529
cbl-lyxdbj-800g 1 583 522 629 588
cbl-lyxdbj-800g 1 554 470 595 531
cbl-lyxdbj-800g 1 551 517 593 583
cbl-lyxtmj-800g 1 900 485 1010 575
cbl-lyxtmj-800g 1 905 568 988 651
cbl-hdj-900g 1 698 300 737 424
cbl-hdj-900g 1 724 297 768 427
cbl-lhdj-900g 1 759 288 793 424
cbl-lhdj-900g 1 781 290 849 424
cbl-hdj-300g 1 810 302 863 349
cbl-hdj-300g 1 815 344 866 385
cbl-hdj-300g 1 812 380 861 419
cbl-hdj-300g 1 851 295 944 344
cbl-hdj-300g 1 844 334 942 390
cbl-hdj-300g 1 846 373 929 422
