cbl-lyxdbj-300g 1 779 968 944 1118
cbl-lyxdbj-300g 1 929 956 1105 1115
cbl-lyxdbj-300g 1 947 1080 1120 1227
cbl-hdj-900g 1 820 1368 979 1668
cbl-hdj-900g 1 947 1368 1111 1677
wdm-btlcjy-500ml 1 1073 1292 1223 1659
wdm-btlcjy-500ml 1 1185 1268 1317 1665
wdm-qxmc-460ml 1 1291 1242 1432 1659
wdm-qxmc-460ml 1 1400 1242 1550 1668
wdm-wjxjy-800ml 1 708 1674 841 2047
wdm-wjxjy-800ml 1 826 1680 979 2065
wdm-wjxjy-800ml 1 944 1683 1091 2065
wdm-wjxjy-1L 1 1053 1680 1208 2077
wdm-wjxjy-1L 1 1170 1683 1317 2068
wdm-wjxjy-1L 1 1303 1692 1432 2068
wdm-wjxjy-1L 1 1417 1680 1564 2097
wdm-wjxjy-1.8L 1 785 2074 947 2418
wdm-wjxjy-1.8L 1 917 2071 1100 2456
wdm-spjbsc-1.8L 1 1064 2092 1253 2465
wdm-spjbsc-1.8L 1 1232 2086 1411 2477
wdm-spjbsc-1.8L 1 1388 2092 1585 2474
