wdm-wjxjy-800ml 1 1 146 203 692
wdm-wjxjy-800ml 1 156 141 351 685
wdm-wjxjy-800ml 1 310 149 493 670
wdm-wjxjy-800ml 1 459 149 620 646
wdm-wjxjy-800ml 1 983 658 1100 1046
wdm-wjxjy-500ml 1 595 224 722 636
wdm-wjxjy-500ml 1 703 227 817 631
cbl-lyxdbj-300g 1 890 349 1049 492
cbl-lyxdbj-300g 1 893 470 1049 612
cbl-lyxdbj-300g 1 1032 356 1176 488
cbl-lyxdbj-300g 1 1037 466 1176 600
cbl-lyxdbj-300g 1 1156 358 1298 480
cbl-lyxdbj-300g 1 1166 470 1295 597
cbl-hdj-900g 1 1256 324 1383 578
cbl-hdj-900g 1 1349 324 1476 568
cbl-hdj-900g 1 1076 775 1195 1027
