wdm-spjbsc-500ml 1 549 493 584 626
wdm-spjbsc-500ml 1 575 496 611 631
wdm-spjbsc-500ml 1 601 499 637 629
wdm-wjxjy-500ml 1 181 458 231 623
wdm-wjxjy-500ml 1 223 464 265 625
wdm-wjxjy-500ml 1 194 645 244 806
wdm-wjxjy-500ml 1 242 648 287 800
wdm-wjxjy-500ml 1 281 645 329 794
wdm-wjxjy-800ml 1 118 231 182 426
wdm-wjxjy-800ml 1 173 236 233 435
wdm-wjxjy-800ml 1 247 251 307 444
wdm-wjxjy-800ml 1 300 263 352 454
wdm-wjxjy-1L 1 260 464 320 628
wdm-wjxjy-1L 1 310 464 365 626
wdm-wjxjy-1L 1 352 471 405 629
wdm-wjxjy-1L 1 398 471 446 629
wdm-wjxjy-1.3L 1 342 289 401 454
wdm-wjxjy-1.3L 1 392 297 455 460
wdm-wjxjy-1.3L 1 446 310 507 465
wdm-wjxjy-1.3L 1 491 316 546 470
wdm-wjxjy-1.8L 1 536 319 592 479
wdm-wjxjy-1.8L 1 584 326 637 477
wdm-cxmc-460ml 1 434 483 471 629
wdm-cxmc-460ml 1 466 487 502 629
wdm-cxmc-460ml 1 495 489 530 629
wdm-cxmc-460ml 1 523 493 556 628
wdm-cxhy-510g 1 320 648 360 794
wdm-cxhy-510g 1 353 644 391 794
wdm-btlcjy-500ml 1 379 644 414 781
wdm-btlcjy-500ml 1 411 644 452 787
wdm-btlcjy-500ml 1 444 644 485 787
wdm-btlcjy-500ml 1 478 642 521 780
wdm-btlcjy-500ml 1 510 645 547 781
wdm-zphy-510g 1 540 647 573 779
wdm-zphy-510g 1 566 647 597 776
wdm-zphy-510g 1 591 645 623 773
