lyx-hsjy-500ml 1 772 212 845 447
lyx-hsjy-500ml 1 841 212 910 449
lyx-hsjy-500ml 1 906 210 975 449
lyx-hsjy-500ml 1 720 487 785 714
lyx-hsjy-500ml 1 785 489 848 716
lyx-hsjy-500ml 1 845 487 910 718
lyx-hsjy-500ml 1 906 485 973 716
lyx-hsjy-1L 1 712 756 777 968
lyx-hsjy-1L 1 772 756 837 968
lyx-hsjy-1L 1 829 755 904 972
lyx-hsjy-1L 1 898 753 970 972
lyx-hsjy-1L 1 764 1005 829 1218
lyx-hsjy-1L 1 825 1008 895 1216
lyx-hsjy-1L 1 887 1008 952 1218
wdm-cxmc-1.3L 1 477 1326 556 1530
wdm-cxmc-1.3L 1 548 1324 645 1533
