wdm-wjxjy-800ml 1 450 1409 623 1965
wdm-wjxjy-800ml 1 591 1394 756 1939
wdm-wjxjy-800ml 1 738 1389 900 1924
wdm-wjxjy-500ml 1 1135 1421 1288 1865
wdm-wjxjy-500ml 1 1261 1424 1406 1844
wdm-wjxjy-1L 1 1617 1344 1779 1803
wdm-wjxjy-1L 1 1738 1318 1903 1789
wdm-wjxjy-1.3L 1 770 2033 997 2560
wdm-wjxjy-1.3L 1 1279 1971 1470 2456
wdm-wjxjy-1.3L 1 1426 1950 1626 2427
wdm-wjxjy-1.3L 1 1576 1906 1767 2394
wdm-wjxjy-1.8L 1 550 2033 785 2560
wdm-wjxjy-1.8L 1 317 2074 564 2560
wdm-spjbsc-1.3L 1 1708 1900 1888 2359
wdm-cxmc-1.3L 1 941 2009 1135 2512
wdm-cxmc-1.3L 1 1108 1994 1311 2483
wdm-btlcjy-1L 1 1376 1359 1544 1824
wdm-btlcjy-1L 1 1500 1347 1635 1818
wdm-spjbsc-500ml 1 870 1427 1023 1912
wdm-spjbsc-500ml 1 985 1421 1144 1874
wdm-qxmc-460ml 1 1773 792 1897 1218
wdm-qxmc-460ml 1 1676 797 1814 1233
wdm-qxmc-460ml 1 1585 803 1723 1244
wdm-zphy-510g 1 1341 812 1470 1244
wdm-zphy-510g 1 1250 842 1370 1250
