wdm-zphy-510g 1 185 1 262 196
wdm-zphy-510g 1 333 265 397 489
wdm-zphy-510g 1 385 265 453 489
wdm-zphy-510g 1 439 265 502 492
lyx-tjyzjy-500ml 1 491 252 560 485
lyx-tjyzjy-500ml 1 550 260 617 477
lyx-tjyzjy-500ml 1 606 252 674 480
lyx-nmzyjy-380ml 1 659 265 720 477
lyx-nmzyjy-380ml 1 711 271 774 477
lyx-hsjy-160ml 1 302 22 360 205
lyx-hsjy-160ml 1 354 25 411 209
lyx-hsjy-160ml 1 397 19 460 209
lyx-hsjy-160ml 1 450 32 505 211
lyx-tjjy-160ml 1 542 36 597 212
lyx-tjjy-160ml 1 593 37 642 216
lyx-tjjy-160ml 1 636 40 686 217
lyx-tjjy-160ml 1 679 45 725 220
lyx-tjjy-160ml 1 723 48 770 223
wdm-spjbsc-500ml 1 322 529 385 739
wdm-spjbsc-500ml 1 376 525 446 734
wdm-spjbsc-500ml 1 436 522 503 726
lyx-hsjy-500ml 1 493 519 554 714
lyx-hsjy-500ml 1 540 514 611 711
lyx-tjjy-500ml 1 597 511 663 712
lyx-tjjy-500ml 1 648 503 714 700
lyx-tjjy-500ml 1 700 499 763 699
wdm-spjbsc-500ml 1 290 774 356 979
wdm-spjbsc-500ml 1 342 772 408 971
wdm-spsc-2L 1 451 985 536 1169
wdm-spsc-2L 1 531 980 613 1151
wdm-spsc-2L 1 610 960 686 1134
wdm-spsc-2L 1 674 952 756 1119
wdm-spsc-2L 1 363 1231 450 1365
wdm-spsc-2L 1 443 1212 536 1365
wdm-spsc-2L 1 523 1194 611 1365
