lyx-hsjy-500ml 1 364 151 450 431
lyx-hsjy-500ml 1 443 156 527 441
lyx-hsjy-500ml 1 525 153 608 439
lyx-hsjy-500ml 1 606 149 689 441
lyx-hsjy-500ml 1 689 149 770 443
lyx-hsjy-500ml 1 764 147 848 445
lyx-tjjy-500ml 1 370 495 456 770
lyx-tjjy-500ml 1 450 495 529 770
lyx-tjjy-500ml 1 523 493 604 772
lyx-tjjy-500ml 1 597 493 683 772
lyx-tjjy-500ml 1 675 491 754 772
lyx-tjjy-500ml 1 748 489 827 774
lyx-tjyzjy-500ml 1 323 806 404 1070
lyx-tjyzjy-500ml 1 398 808 475 1070
lyx-tjyzjy-500ml 1 470 805 554 1076
lyx-tjyzjy-500ml 1 545 808 625 1078
lyx-tjyzjy-500ml 1 622 808 702 1080
lyx-tjyzjy-500ml 1 695 810 779 1080
lyx-tjyzjy-500ml 1 772 810 862 1083
