wdm-wjxjy-500ml 1 1132 650 1244 1021
wdm-wjxjy-500ml 1 1238 650 1350 1044
wdm-wjxjy-500ml 1 1338 659 1450 1027
wdm-wjxjy-500ml 1 1438 653 1550 1027
wdm-btlcjy-500ml 1 1538 656 1647 1036
wdm-btlcjy-500ml 1 1641 656 1750 1039
wdm-btlcjy-500ml 1 1735 662 1850 1024
wdm-spjbsc-500ml 1 817 627 926 1041
wdm-spjbsc-500ml 1 920 630 1038 1041
wdm-spjbsc-500ml 1 1026 639 1138 1039
wdm-wjxjy-800ml 1 450 1103 582 1556
wdm-wjxjy-800ml 1 573 1100 694 1541
wdm-wjxjy-800ml 1 682 1112 803 1539
wdm-wjxjy-800ml 1 791 1118 906 1527
wdm-wjxjy-1L 1 900 1136 1020 1533
wdm-wjxjy-1L 1 1014 1136 1138 1530
wdm-wjxjy-1L 1 1123 1133 1264 1521
wdm-wjxjy-1L 1 1247 1130 1376 1512
wdm-btlcjy-1L 1 1356 1136 1482 1506
wdm-btlcjy-1L 1 1456 1127 1603 1509
wdm-btlcjy-1L 1 1579 1124 1711 1518
wdm-btlcjy-1L 1 1685 1109 1811 1491
wdm-wjxjy-1.3L 1 182 1621 338 2000
wdm-wjxjy-1.3L 1 332 1621 479 1980
wdm-wjxjy-1.3L 1 467 1618 629 1980
wdm-wjxjy-1.3L 1 164 2056 341 2441
wdm-wjxjy-1.3L 1 329 2044 506 2421
wdm-wjxjy-1.3L 1 491 2033 650 2409
wdm-spjbsc-1.3L 1 647 2024 803 2409
wdm-spjbsc-1.3L 1 791 2015 953 2389
