wdm-wjxjy-1.3L 1 1 750 179 1277
wdm-wjxjy-1.3L 1 132 744 376 1280
wdm-wjxjy-1.3L 1 323 733 564 1277
wdm-wjxjy-1.3L 1 508 727 744 1265
wdm-wjxjy-800ml 1 694 668 888 1271
wdm-wjxjy-800ml 1 858 659 1044 1262
wdm-btlcjy-500ml 1 56 1427 226 1847
wdm-btlcjy-500ml 1 179 1418 344 1850
wdm-wjxjy-500ml 1 303 1427 450 1850
wdm-spjbsc-500ml 1 417 1409 570 1862
wdm-spjbsc-500ml 1 532 1406 685 1868
wdm-qxmc-460ml 1 644 1394 791 1859
wdm-qxmc-460ml 1 758 1386 900 1859
wdm-zplj-450ml 1 879 1380 1020 1859
wdm-zplj-450ml 1 1000 1380 1135 1865
wdm-zphy-510g 1 1106 1412 1250 1889
wdm-zphy-510g 1 1229 1412 1370 1877
wdm-cxhy-510g 1 1350 1409 1479 1880
