wdm-wjxjy-800ml 1 1018 497 1091 747
wdm-wjxjy-800ml 1 989 495 1049 766
wdm-wjxjy-800ml 1 953 495 1026 774
wdm-wjxjy-500ml 1 953 541 1016 785
cbl-lyxdbj-800g 1 828 395 976 512
cbl-lyxdbj-800g 1 833 495 979 610
cbl-lyxdbj-800g 1 833 591 981 702
cbl-lyxdbj-800g 1 914 685 983 808
cbl-lyxdbj-500g 1 847 635 937 733
cbl-lyxdbj-500g 1 853 716 941 825
cbl-lyxdbj-500g 1 764 645 872 756
cbl-lyxdbj-500g 1 795 733 876 850
cbl-lyxdbj-300g 1 714 554 810 652
cbl-lyxdbj-300g 1 620 560 741 668
cbl-lyxtmj-300g 1 695 660 810 779
cbl-lyxtmj-300g 1 708 754 816 881
cbl-lyxtmj-300g 1 579 670 726 802
cbl-lyxtmj-300g 1 612 777 731 912
