wdm-wjxjy-1.3L 1 245 566 325 805
wdm-wjxjy-1.3L 1 286 549 375 803
wdm-wjxjy-800ml 1 342 508 408 805
wdm-wjxjy-800ml 1 392 495 462 784
wdm-wjxjy-800ml 1 438 477 512 779
wdm-wjxjy-500ml 1 488 512 549 771
wdm-wjxjy-500ml 1 527 490 595 762
wdm-wjxjy-500ml 1 575 473 651 760
wdm-wjxjy-500ml 1 638 451 706 745
wdm-wjxjy-500ml 1 684 429 764 742
wdm-cxmc-1.3L 1 742 373 858 721
wdm-cxmc-1.3L 1 825 325 962 708
wdm-spjbsc-1.3L 1 936 264 1095 684
wdm-spjbsc-1.3L 1 1069 197 1262 664
lyx-tjjy-500ml 1 260 851 312 1090
lyx-tjjy-500ml 1 297 853 349 1099
wdm-zplj-450ml 1 332 838 379 1103
wdm-zplj-450ml 1 362 842 412 1108
wdm-cxmc-460ml 1 401 834 449 1105
wdm-cxmc-460ml 1 432 827 482 1121
wdm-qxmc-460ml 1 469 823 523 1121
wdm-qxmc-460ml 1 510 818 571 1125
lyx-tjyzjy-500ml 1 558 823 629 1138
lyx-tjyzjy-500ml 1 610 814 690 1145
lyx-tjyzjy-500ml 1 666 808 749 1153
wdm-zphy-510g 1 729 810 799 1160
wdm-zphy-510g 1 782 803 864 1166
wdm-zphy-510g 1 845 790 940 1175
wdm-btlcjy-500ml 1 916 790 1021 1171
wdm-btlcjy-500ml 1 1001 779 1106 1175
wdm-spjbsc-500ml 1 1090 753 1221 1208
wdm-spjbsc-500ml 1 1203 736 1349 1210
