cbl-lyxdbj-300g 1 1523 644 1626 756
cbl-lyxdbj-300g 1 1520 742 1626 844
cbl-lyxdbj-500g 1 1411 721 1538 842
cbl-lyxdbj-500g 1 1417 618 1558 739
cbl-lyxdbj-800g 1 1270 592 1435 733
cbl-lyxdbj-800g 1 1276 709 1435 844
cbl-lyxtmj-300g 1 1611 653 1723 765
cbl-lyxtmj-300g 1 1608 747 1714 850
wdm-wjxjy-500ml 1 426 1577 541 1892
wdm-wjxjy-500ml 1 529 1559 635 1883
wdm-wjxjy-800ml 1 870 1859 976 2200
wdm-wjxjy-800ml 1 953 1853 1050 2174
wdm-wjxjy-1L 1 779 1889 885 2224
wdm-wjxjy-1L 1 682 1900 800 2247
wdm-cxhy-510g 1 623 1553 708 1877
wdm-cxhy-510g 1 682 1539 770 1847
wdm-cxmc-460ml 1 1035 1489 1123 1812
wdm-cxmc-460ml 1 1091 1483 1179 1794
wdm-spjbsc-500ml 1 961 1512 1050 1812
wdm-spjbsc-500ml 1 891 1518 982 1827
wdm-zphy-510g 1 829 1524 908 1844
wdm-zphy-510g 1 753 1530 844 1844
wdm-btlcjy-1L 1 1153 1462 1250 1783
wdm-btlcjy-1L 1 1235 1459 1335 1777
wdm-spjbsc-1.3L 1 567 1930 711 2274
wdm-spjbsc-1.3L 1 432 1947 576 2289
