wdm-wjxjy-800ml 1 1756 181 1900 573
wdm-wjxjy-800ml 1 1642 208 1781 588
wdm-wjxjy-800ml 1 1527 220 1678 595
wdm-wjxjy-800ml 1 1420 237 1551 600
wdm-wjxjy-800ml 1 1290 259 1437 595
wdm-wjxjy-800ml 1 1203 276 1354 603
wdm-wjxjy-800ml 1 1117 298 1273 615
wdm-wjxjy-800ml 1 1032 310 1183 617
wdm-wjxjy-800ml 1 956 325 1110 615
wdm-wjxjy-800ml 1 878 327 1037 620
wdm-wjxjy-800ml 1 812 342 976 622
wdm-wjxjy-800ml 1 749 349 907 625
wdm-wjxjy-1.3L 1 705 415 842 644
wdm-wjxjy-1.3L 1 649 410 788 649
wdm-wjxjy-1.3L 1 576 417 722 654
wdm-wjxjy-1.3L 1 505 415 651 642
wdm-wjxjy-1.3L 1 451 425 590 644
wdm-wjxjy-1.3L 1 393 432 537 649
wdm-wjxjy-1.3L 1 327 444 478 647
wdm-wjxjy-1.3L 1 283 454 424 656
wdm-wjxjy-1.3L 1 237 456 368 656
wdm-wjxjy-1.3L 1 161 469 315 659
wdm-wjxjy-1.3L 1 132 478 271 661
wdm-wjxjy-1.3L 1 90 478 217 661
