lyx-tjjy-160ml 1 14 201 89 451
lyx-tjjy-160ml 1 87 208 158 453
lyx-tjjy-160ml 1 147 203 225 456
lyx-tjjy-500ml 1 18 510 110 830
lyx-tjjy-500ml 1 100 516 208 831
lyx-tjjy-500ml 1 200 514 302 831
lyx-tjjy-500ml 1 291 518 393 831
lyx-tjjy-1L 1 62 926 183 1235
lyx-tjjy-1L 1 175 924 293 1226
lyx-tjjy-1L 1 279 922 383 1224
lyx-tjjy-1L 1 85 1299 191 1578
lyx-tjjy-1L 1 181 1301 283 1572
lyx-tjjy-1L 1 266 1303 366 1568
lyx-tjyzjy-500ml 1 375 928 460 1218
lyx-tjyzjy-500ml 1 447 930 545 1226
lyx-tjyzjy-500ml 1 535 930 633 1228
lyx-tjyzjy-500ml 1 627 924 716 1216
lyx-tjyzjy-500ml 1 708 922 798 1214
lyx-tjdyjy-375ml 1 806 933 889 1218
lyx-tjdyjy-375ml 1 883 937 966 1218
lyx-tjdyjy-375ml 1 958 937 1041 1218
