wdm-wjxjy-500ml 1 450 1133 544 1436
wdm-wjxjy-500ml 1 532 1142 626 1442
wdm-wjxjy-500ml 1 647 233 744 565
wdm-wjxjy-500ml 1 732 230 832 562
wdm-wjxjy-500ml 1 823 221 926 565
wdm-wjxjy-500ml 1 911 215 1020 568
wdm-wjxjy-800ml 1 550 180 656 568
wdm-wjxjy-800ml 1 438 177 550 574
wdm-wjxjy-800ml 1 344 177 447 571
wdm-wjxjy-800ml 1 891 1106 1003 1483
wdm-wjxjy-800ml 1 991 1112 1100 1492
wdm-wjxjy-800ml 1 1085 1112 1203 1492
wdm-wjxjy-1L 1 1194 1130 1314 1509
wdm-wjxjy-1L 1 1303 1130 1423 1509
wdm-wjxjy-1L 1 1411 1133 1538 1509
wdm-btlcjy-1L 1 608 1106 720 1465
wdm-btlcjy-1L 1 706 1106 811 1465
wdm-btlcjy-1L 1 806 1112 900 1474
wdm-cxhy-510g 1 738 1509 820 1827
wdm-cxhy-510g 1 808 1521 897 1821
wdm-cxhy-510g 1 885 1530 967 1839
wdm-cxmc-1.3L 1 320 692 464 1042
wdm-cxmc-1.3L 1 450 689 585 1039
wdm-cxmc-460ml 1 1267 794 1356 1068
wdm-cxmc-460ml 1 1038 1533 1126 1862
wdm-cxmc-460ml 1 1120 1553 1214 1877
wdm-cxmc-1.3L 1 1188 156 1361 559
wdm-qxmc-460ml 1 300 1097 379 1421
wdm-qxmc-460ml 1 367 1100 456 1433
wdm-spjbsc-500ml 1 1200 1562 1294 1883
wdm-spjbsc-500ml 1 1285 1574 1382 1883
wdm-spjbsc-500ml 1 1376 1574 1485 1900
wdm-spjbsc-1.3L 1 706 706 841 1068
wdm-spsc-2L 1 1026 127 1200 562
wdm-spsc-2L 1 1353 89 1538 559
wdm-spsc-2L 1 1747 103 1920 530
wdm-wjxjy-1.3L 1 1582 147 1764 533
wdm-wjxjy-1.8L 1 579 680 720 1053
wdm-wjxjy-1.3L 1 832 694 979 1065
wdm-wjxjy-1.3L 1 958 700 1120 1083
wdm-wjxjy-1.3L 1 1120 715 1285 1077
wdm-zphy-510g 1 953 1524 1050 1856
lyx-tjjy-500ml 1 329 1459 420 1762
lyx-tjjy-500ml 1 408 1468 506 1777
lyx-tjjy-500ml 1 494 1468 585 1786
lyx-hsjy-500ml 1 573 1489 661 1797
lyx-hsjy-500ml 1 656 1503 753 1812
cbl-lyxdbj-300g 1 947 1942 1085 2080
cbl-lyxdbj-300g 1 947 2039 1085 2165
cbl-lyxdbj-500g 1 829 1897 961 2044
cbl-lyxdbj-500g 1 814 2006 958 2153
cbl-lyxdbj-500g 1 703 1883 835 2036
cbl-lyxdbj-500g 1 700 1997 835 2136
cbl-lyxdbj-800g 1 308 1818 456 1956
cbl-lyxdbj-800g 1 308 1924 458 2062
cbl-lyxtmj-800g 1 441 1839 591 1980
cbl-lyxtmj-800g 1 438 1944 591 2092
cbl-lyxtmj-800g 1 579 1859 714 2000
cbl-lyxtmj-800g 1 570 1968 717 2112
cbl-lhdj-900g 1 1197 1959 1326 2215
cbl-hdj-900g 1 1320 1992 1458 2268
