wdm-zphy-510g 1 699 264 774 541
wdm-zphy-510g 1 756 264 833 535
wdm-cxhy-510g 1 1195 245 1274 529
wdm-cxhy-510g 1 1264 245 1337 529
wdm-cxhy-510g 1 951 243 1028 535
wdm-cxhy-510g 1 885 243 960 535
wdm-cxhy-510g 1 822 245 893 541
wdm-btlcjy-1L 1 1108 245 1206 531
wdm-btlcjy-1L 1 1016 241 1114 539
wdm-spjbsc-500ml 1 631 258 710 539
wdm-spjbsc-500ml 1 566 260 647 543
wdm-spjbsc-500ml 1 495 262 581 545
wdm-spjbsc-500ml 1 429 268 516 543
wdm-wjxjy-500ml 1 1329 241 1420 531
wdm-wjxjy-500ml 1 1414 243 1508 522
wdm-wjxjy-500ml 1 1504 243 1603 527
wdm-wjxjy-800ml 1 1518 574 1616 891
wdm-wjxjy-800ml 1 1433 585 1531 889
wdm-wjxjy-800ml 1 1354 585 1445 883
wdm-wjxjy-800ml 1 1274 587 1364 887
wdm-wjxjy-800ml 1 1193 587 1283 887
wdm-wjxjy-800ml 1 1112 589 1204 883
wdm-wjxjy-1L 1 1037 602 1126 885
wdm-wjxjy-1L 1 958 595 1041 887
wdm-wjxjy-1L 1 878 604 966 887
wdm-wjxjy-1L 1 797 600 895 877
wdm-wjxjy-1L 1 722 608 814 875
wdm-wjxjy-1L 1 645 604 739 877
wdm-wjxjy-1.3L 1 558 614 672 875
wdm-wjxjy-1.3L 1 458 608 578 868
wdm-wjxjy-1L 1 1289 983 1376 1247
wdm-wjxjy-1L 1 1366 983 1453 1254
wdm-wjxjy-800ml 1 1451 966 1535 1256
wdm-wjxjy-1.8L 1 1181 974 1295 1245
wdm-wjxjy-1.8L 1 1076 968 1189 1237
wdm-wjxjy-1.8L 1 970 968 1087 1237
wdm-wjxjy-1.8L 1 870 968 981 1227
wdm-wjxjy-1.8L 1 768 966 887 1220
wdm-wjxjy-1.8L 1 664 966 783 1216
wdm-wjxjy-1.3L 1 570 979 681 1214
wdm-wjxjy-1.3L 1 491 981 595 1218
