wdm-wjxjy-800ml 1 903 190 1037 653
wdm-wjxjy-800ml 1 849 190 963 607
wdm-wjxjy-800ml 1 798 183 905 578
wdm-wjxjy-800ml 1 722 161 839 556
wdm-wjxjy-800ml 1 663 144 768 531
wdm-wjxjy-800ml 1 585 131 688 507
wdm-wjxjy-800ml 1 488 114 598 473
wdm-wjxjy-800ml 1 1012 195 1124 622
wdm-wjxjy-800ml 1 1088 190 1183 602
wdm-wjxjy-800ml 1 1156 192 1266 592
wdm-wjxjy-800ml 1 1239 185 1332 575
wdm-wjxjy-800ml 1 1303 180 1376 558
wdm-wjxjy-800ml 1 1346 178 1449 539
wdm-wjxjy-800ml 1 1405 190 1498 527
wdm-wjxjy-800ml 1 956 707 1103 1122
wdm-wjxjy-800ml 1 866 675 1005 1080
wdm-wjxjy-800ml 1 812 661 924 1012
wdm-wjxjy-800ml 1 744 631 861 978
wdm-wjxjy-800ml 1 688 590 783 939
wdm-wjxjy-800ml 1 637 563 749 905
wdm-wjxjy-800ml 1 598 539 695 866
wdm-wjxjy-800ml 1 561 514 637 819
wdm-wjxjy-800ml 1 517 490 615 802
wdm-wjxjy-800ml 1 478 463 556 778
wdm-wjxjy-800ml 1 432 436 515 731
wdm-wjxjy-800ml 1 1127 709 1237 1131
wdm-wjxjy-800ml 1 1210 690 1332 1102
wdm-wjxjy-800ml 1 1283 658 1371 1056
wdm-wjxjy-800ml 1 1315 649 1459 1031
wdm-wjxjy-800ml 1 1398 619 1488 990
wdm-wjxjy-800ml 1 1444 607 1549 966
wdm-wjxjy-800ml 1 1510 585 1612 936
