cbl-lyxdbj-300g 1 541 683 635 770
cbl-lyxdbj-300g 1 528 752 628 852
wdm-cxhy-510g 1 649 108 724 362
wdm-cxhy-510g 1 704 108 783 360
wdm-cxmc-460ml 1 978 95 1053 372
wdm-cxmc-460ml 1 1045 95 1120 368
wdm-cxmc-460ml 1 1104 95 1181 370
wdm-wjxjy-1.3L 1 878 99 989 366
wdm-wjxjy-1.3L 1 781 95 895 370
wdm-wjxjy-1L 1 1168 87 1256 368
wdm-wjxjy-1L 1 1243 87 1339 374
wdm-wjxjy-1L 1 1326 83 1420 377
wdm-wjxjy-500ml 1 651 635 722 854
wdm-wjxjy-500ml 1 714 635 783 849
wdm-wjxjy-500ml 1 770 637 845 856
wdm-wjxjy-500ml 1 831 639 901 850
wdm-wjxjy-500ml 1 887 637 958 849
wdm-wjxjy-500ml 1 954 643 1022 847
wdm-wjxjy-500ml 1 1012 639 1081 856
wdm-wjxjy-800ml 1 1070 602 1145 854
wdm-wjxjy-800ml 1 1141 599 1224 854
wdm-wjxjy-800ml 1 1216 597 1295 854
wdm-wjxjy-800ml 1 1283 599 1366 852
wdm-wjxjy-800ml 1 1353 593 1435 854
wdm-wjxjy-800ml 1 1416 593 1503 852
