cbl-hdj-300g 1 90 180 323 286
cbl-hdj-300g 1 99 271 329 380
cbl-hdj-300g 1 317 194 540 297
cbl-hdj-300g 1 317 286 540 386
cbl-hdj-300g 1 535 206 746 309
cbl-hdj-300g 1 535 297 746 397
cbl-hdj-300g 1 108 541 335 647
cbl-hdj-300g 1 111 630 338 736
cbl-hdj-300g 1 326 553 538 653
cbl-hdj-300g 1 326 644 538 739
cbl-hdj-300g 1 535 559 738 656
cbl-hdj-300g 1 535 644 738 741
cbl-hdj-800g 1 135 1480 343 1662
cbl-hdj-800g 1 338 1462 532 1656
cbl-hdj-900g 1 202 1730 349 2009
cbl-hdj-900g 1 335 1715 482 1994
cbl-hdj-900g 1 464 1703 611 1986
cbl-hdj-900g 1 593 1694 726 1971
cbl-hdj-900g 1 717 1691 852 1959
cbl-hdj-900g 1 835 1677 967 1944
cbl-lyxtmj-300g 1 746 250 911 409
cbl-lyxtmj-300g 1 911 256 1073 418
cbl-lyxtmj-500g 1 720 468 890 609
cbl-lyxtmj-300g 1 1079 271 1226 418
cbl-lyxtmj-300g 1 1220 286 1370 421
cbl-lyxtmj-500g 1 720 597 896 747
cbl-lyxtmj-500g 1 890 477 1046 618
cbl-lyxtmj-500g 1 885 609 1049 750
cbl-lyxtmj-500g 1 1038 486 1205 618
cbl-lyxtmj-500g 1 1043 609 1199 747
cbl-lyxtmj-500g 1 1190 486 1352 624
cbl-lyxtmj-500g 1 1190 615 1346 741
cbl-lyxljj-300g 1 735 803 893 933
cbl-lyxljj-300g 1 732 930 902 1059
cbl-lyxljj-300g 1 888 809 1046 939
cbl-lyxljj-300g 1 890 927 1046 1065
cbl-lyxljj-300g 1 1038 809 1185 939
cbl-lyxljj-300g 1 1038 927 1185 1065
cbl-lyxljj-300g 1 1173 803 1320 933
cbl-lyxljj-300g 1 1176 927 1323 1053
cbl-lyxljj-500g 1 738 1209 890 1347
cbl-lyxljj-500g 1 882 1197 1035 1347
cbl-lyxljj-500g 1 1026 1186 1182 1339
cbl-lyxljj-500g 1 1161 1189 1338 1333
cbl-lyxtmj-800g 1 523 1456 717 1641
cbl-lyxtmj-800g 1 702 1450 890 1624
cbl-lyxtmj-800g 1 879 1439 1067 1618
cbl-lyxtmj-800g 1 1038 1433 1232 1606
cbl-lhdj-900g 1 958 1677 1099 1933
cbl-lhdj-900g 1 1085 1668 1214 1930
cbl-lyxdbj-300g 1 1364 291 1514 433
cbl-lyxdbj-300g 1 1499 300 1649 439
cbl-lyxdbj-300g 1 1638 312 1793 441
cbl-lyxdbj-300g 1 1779 312 1920 450
cbl-lyxdbj-300g 1 1338 494 1496 627
cbl-lyxdbj-300g 1 1335 618 1493 744
cbl-lyxdbj-300g 1 1490 503 1640 624
cbl-lyxdbj-300g 1 1632 506 1776 630
cbl-lyxdbj-300g 1 1764 509 1908 633
cbl-lyxdbj-300g 1 1490 621 1629 750
cbl-lyxdbj-300g 1 1629 621 1770 753
cbl-lyxdbj-300g 1 1758 627 1899 753
cbl-lyxdbj-500g 1 1317 906 1479 1059
cbl-lyxdbj-500g 1 1467 906 1620 1047
cbl-lyxdbj-500g 1 1608 909 1749 1041
cbl-lyxdbj-500g 1 1743 900 1882 1033
cbl-lyxdbj-500g 1 1320 1180 1470 1321
cbl-lyxdbj-500g 1 1458 1177 1608 1318
cbl-lyxdbj-500g 1 1593 1171 1740 1312
cbl-lyxdbj-500g 1 1717 1168 1873 1306
cbl-lyxdbj-800g 1 1208 1421 1393 1589
cbl-lyxdbj-800g 1 1367 1418 1555 1580
cbl-lyxdbj-800g 1 1526 1409 1711 1574
cbl-lyxdbj-800g 1 1679 1394 1858 1565
cbl-lyxdbj-800g 1 1188 1721 1370 1906
cbl-lyxdbj-800g 1 1343 1712 1520 1891
cbl-lyxdbj-800g 1 1488 1709 1667 1880
cbl-lyxdbj-800g 1 1629 1694 1820 1865
cbl-hdj-800g 1 158 1197 367 1365
cbl-hdj-800g 1 358 1189 555 1368
cbl-hdj-800g 1 552 1189 738 1356
cbl-hdj-500g 1 132 921 358 1062
cbl-hdj-500g 1 346 921 552 1068
cbl-hdj-500g 1 543 915 735 1065
cbl-hdj-500g 1 161 800 361 936
cbl-hdj-500g 1 352 809 549 936
cbl-hdj-500g 1 540 809 729 933
