wdm-wjxjy-1.3L 1 1014 454 1103 662
wdm-wjxjy-1.3L 1 1095 454 1183 660
wdm-wjxjy-1.3L 1 1172 449 1260 650
wdm-wjxjy-1.3L 1 1253 439 1339 645
wdm-wjxjy-1.3L 1 1333 431 1429 639
wdm-wjxjy-1.8L 1 1420 400 1539 641
wdm-wjxjy-1.8L 1 1533 395 1649 639
wdm-wjxjy-1.8L 1 1643 383 1770 631
wdm-wjxjy-1L 1 947 454 1024 664
wdm-wjxjy-1L 1 893 460 958 664
wdm-wjxjy-1L 1 837 464 904 679
wdm-wjxjy-800ml 1 789 462 851 666
wdm-wjxjy-800ml 1 743 464 806 670
wdm-wjxjy-800ml 1 687 470 754 670
wdm-wjxjy-800ml 1 635 472 699 674
wdm-wjxjy-800ml 1 593 475 654 677
wdm-wjxjy-800ml 1 543 481 606 670
wdm-wjxjy-800ml 1 499 474 560 670
wdm-wjxjy-500ml 1 456 516 512 679
wdm-wjxjy-500ml 1 414 514 468 679
wdm-wjxjy-500ml 1 370 518 426 683
wdm-wjxjy-500ml 1 328 520 379 683
wdm-wjxjy-1.8L 1 1618 658 1729 893
cbl-lyxdbj-300g 1 181 772 237 831
cbl-lyxdbj-300g 1 229 768 285 829
cbl-lyxdbj-300g 1 235 820 285 879
cbl-lyxdbj-500g 1 264 754 329 820
cbl-lyxdbj-500g 1 314 754 381 824
cbl-lyxdbj-500g 1 370 750 462 824
cbl-lyxdbj-500g 1 314 812 383 883
cbl-lyxdbj-500g 1 368 814 474 885
