wdm-wjxjy-800ml 1 978 712 1061 922
wdm-wjxjy-800ml 1 1049 714 1117 931
wdm-wjxjy-800ml 1 1107 717 1185 931
wdm-wjxjy-500ml 1 803 707 868 924
wdm-wjxjy-500ml 1 746 712 807 919
wdm-wjxjy-1L 1 866 714 929 927
wdm-wjxjy-1L 1 924 714 990 922
wdm-wjxjy-1.3L 1 1178 719 1268 936
wdm-wjxjy-1.3L 1 1259 722 1351 931
wdm-wjxjy-1.8L 1 1337 719 1442 934
wdm-wjxjy-1.8L 1 1432 714 1542 934
wdm-wjxjy-500ml 1 724 490 790 678
wdm-wjxjy-500ml 1 781 488 839 680
wdm-btlcjy-500ml 1 671 488 734 685
wdm-btlcjy-500ml 1 615 485 673 688
wdm-zplj-450ml 1 1339 200 1403 434
wdm-zplj-450ml 1 1388 205 1449 424
wdm-spjbsc-500ml 1 1224 202 1290 434
wdm-spjbsc-500ml 1 1281 209 1349 441
wdm-zphy-510g 1 703 207 756 439
wdm-zphy-510g 1 746 207 810 436
wdm-cxhy-510g 1 649 205 707 441
wdm-cxhy-510g 1 595 200 661 441
