wdm-wjxjy-800ml 1 751 102 854 431
wdm-wjxjy-800ml 1 824 119 915 434
wdm-wjxjy-800ml 1 898 127 985 439
wdm-wjxjy-800ml 1 963 136 1046 439
wdm-wjxjy-800ml 1 1027 146 1100 444
wdm-wjxjy-800ml 1 1083 141 1163 441
wdm-wjxjy-800ml 1 1132 129 1222 441
wdm-wjxjy-800ml 1 1188 114 1290 446
wdm-wjxjy-800ml 1 673 124 744 434
wdm-wjxjy-800ml 1 544 414 668 841
wdm-wjxjy-800ml 1 642 429 763 834
wdm-wjxjy-800ml 1 739 429 844 819
wdm-wjxjy-800ml 1 822 431 929 802
wdm-wjxjy-800ml 1 907 436 1010 792
wdm-wjxjy-800ml 1 988 436 1081 788
wdm-wjxjy-800ml 1 1056 434 1142 775
wdm-wjxjy-800ml 1 1122 434 1207 761
wdm-wjxjy-800ml 1 344 422 417 753
wdm-wjxjy-800ml 1 385 422 451 766
wdm-wjxjy-800ml 1 424 419 495 788
wdm-wjxjy-800ml 1 461 424 527 805
wdm-wjxjy-800ml 1 505 422 576 827
wdm-wjxjy-800ml 1 1256 131 1334 453
wdm-wjxjy-800ml 1 646 856 754 1183
wdm-wjxjy-800ml 1 727 841 837 1146
wdm-wjxjy-800ml 1 981 797 1061 1097
wdm-wjxjy-800ml 1 1044 785 1129 1083
wdm-wjxjy-800ml 1 1112 775 1190 1044
wdm-wjxjy-1L 1 1398 192 1466 458
wdm-wjxjy-1L 1 1495 212 1585 456
