cbl-hdj-900g 1 114 653 353 1033
cbl-hdj-900g 1 311 650 520 1024
cbl-hdj-900g 1 494 644 682 1018
cbl-hdj-900g 1 676 650 858 997
cbl-hdj-900g 1 841 647 1020 991
cbl-hdj-900g 1 182 1015 382 1312
cbl-hdj-900g 1 350 1006 547 1318
cbl-hdj-900g 1 514 1009 708 1294
cbl-hdj-900g 1 679 997 856 1312
cbl-hdj-900g 1 838 997 1000 1297
cbl-hdj-900g 1 979 991 1141 1277
cbl-hdj-900g 1 244 1318 417 1580
cbl-hdj-900g 1 394 1306 573 1574
cbl-hdj-900g 1 547 1291 714 1544
cbl-hdj-900g 1 703 1280 870 1556
cbl-hdj-900g 1 853 1274 1006 1541
cbl-hdj-900g 1 988 1262 1141 1550
