cbl-lyxdbj-300g 1 356 233 600 456
cbl-lyxdbj-300g 1 358 439 594 641
cbl-lyxdbj-300g 1 573 250 806 468
cbl-lyxdbj-300g 1 576 444 800 615
cbl-lyxdbj-500g 1 717 212 988 453
cbl-lyxdbj-500g 1 767 427 979 618
cbl-lyxdbj-500g 1 953 230 1144 447
cbl-lyxdbj-500g 1 950 436 1135 609
cbl-lyxtmj-300g 1 1108 291 1291 474
cbl-lyxtmj-300g 1 1244 300 1423 480
cbl-lyxtmj-300g 1 1247 465 1414 606
cbl-hdj-900g 1 1382 277 1529 627
cbl-hdj-900g 1 1464 286 1632 612
cbl-hdj-900g 1 1582 303 1732 603
wdm-cxhy-510g 1 423 806 570 1344
wdm-cxhy-510g 1 532 803 691 1297
wdm-cxhy-510g 1 658 794 797 1274
wdm-cxhy-510g 1 767 789 888 1239
wdm-spjbsc-500ml 1 864 768 988 1241
wdm-spjbsc-500ml 1 964 756 1094 1215
wdm-qxmc-460ml 1 1067 730 1182 1191
wdm-qxmc-460ml 1 1158 712 1270 1171
wdm-cxmc-460ml 1 1238 715 1356 1136
wdm-cxmc-460ml 1 1320 700 1432 1106
wdm-zplj-450ml 1 1391 706 1497 1127
wdm-zplj-450ml 1 1447 700 1564 1115
wdm-zplj-450ml 1 1520 697 1620 1089
wdm-wjxjy-800ml 1 467 1371 617 1818
wdm-wjxjy-800ml 1 744 1309 888 1727
wdm-wjxjy-800ml 1 873 1277 997 1683
wdm-wjxjy-800ml 1 967 1250 1082 1644
wdm-wjxjy-800ml 1 1058 1236 1182 1621
wdm-wjxjy-500ml 1 1156 1250 1273 1589
wdm-wjxjy-500ml 1 1244 1233 1338 1550
wdm-wjxjy-500ml 1 1320 1209 1411 1533
cbl-hdj-900g 1 588 1447 761 1780
wdm-btlcjy-500ml 1 1385 1189 1482 1509
wdm-btlcjy-500ml 1 1450 1177 1547 1480
wdm-wjxjy-1.8L 1 506 1850 682 2283
wdm-wjxjy-1.8L 1 658 1794 847 2183
wdm-wjxjy-1.3L 1 823 1739 970 2115
wdm-wjxjy-1.3L 1 947 1697 1103 2047
wdm-wjxjy-1L 1 1070 1671 1185 1991
wdm-wjxjy-1L 1 1158 1615 1267 1944
wdm-wjxjy-1L 1 1238 1597 1344 1900
wdm-wjxjy-1L 1 1314 1556 1423 1871
wdm-wjxjy-1L 1 1388 1518 1503 1830
