wdm-cxmc-460ml 1 600 444 688 783
wdm-cxmc-460ml 1 658 433 741 792
wdm-cxhy-510g 1 720 459 803 794
wdm-cxhy-510g 1 776 465 858 797
wdm-cxhy-510g 1 838 468 929 812
wdm-zphy-510g 1 903 447 982 818
wdm-zphy-510g 1 958 465 1047 830
wdm-spjbsc-500ml 1 1020 453 1117 830
wdm-spjbsc-500ml 1 1097 447 1214 836
wdm-spjbsc-500ml 1 1176 450 1285 842
wdm-spjbsc-500ml 1 1270 453 1385 847
wdm-btlcjy-500ml 1 1382 453 1503 859
wdm-btlcjy-500ml 1 1476 456 1614 877
wdm-wjxjy-1L 1 1376 930 1529 1356
wdm-wjxjy-1L 1 1282 927 1426 1315
wdm-wjxjy-1L 1 1176 909 1311 1294
wdm-wjxjy-1L 1 1091 889 1214 1265
wdm-wjxjy-1L 1 1000 880 1117 1250
wdm-wjxjy-1L 1 891 856 1011 1206
wdm-wjxjy-1L 1 811 850 926 1180
wdm-wjxjy-500ml 1 750 883 835 1162
wdm-wjxjy-500ml 1 682 847 764 1147
wdm-wjxjy-500ml 1 617 836 705 1142
wdm-wjxjy-500ml 1 550 839 647 1130
wdm-wjxjy-800ml 1 467 1203 576 1506
wdm-wjxjy-800ml 1 550 1194 650 1515
wdm-wjxjy-800ml 1 617 1230 717 1533
wdm-wjxjy-800ml 1 697 1221 785 1544
wdm-wjxjy-800ml 1 753 1265 858 1577
wdm-wjxjy-800ml 1 841 1262 944 1565
wdm-wjxjy-800ml 1 888 1292 991 1618
wdm-wjxjy-800ml 1 950 1315 1053 1650
wdm-wjxjy-1.3L 1 1029 1356 1161 1683
wdm-wjxjy-1.3L 1 1144 1374 1294 1724
wdm-wjxjy-1.8L 1 1244 1386 1420 1762
wdm-wjxjy-1.8L 1 1385 1409 1535 1789
