cbl-lyxtmj-300g 1 470 253 767 503
cbl-lyxtmj-300g 1 473 462 752 697
cbl-lyxtmj-300g 1 699 253 949 497
cbl-lyxtmj-300g 1 699 456 929 677
cbl-lyxtmj-300g 1 890 256 1114 491
cbl-lyxtmj-300g 1 888 459 1073 662
cbl-hdj-900g 1 282 1389 470 1709
cbl-hdj-900g 1 435 1344 599 1650
cbl-hdj-900g 1 579 1297 726 1594
cbl-hdj-900g 1 699 1256 835 1524
cbl-lyxdbj-800g 1 1052 727 1299 950
cbl-lyxdbj-800g 1 1029 883 1264 1083
cbl-lyxdbj-800g 1 1235 706 1423 915
cbl-lyxdbj-800g 1 1223 894 1379 1039
cbl-lyxdbj-800g 1 1367 677 1535 880
cbl-lyxdbj-800g 1 1335 856 1490 1018
