wdm-wjxjy-800ml 1 1649 1077 1905 1671
wdm-wjxjy-800ml 1 1476 1039 1685 1612
wdm-wjxjy-800ml 1 1305 1003 1502 1565
wdm-wjxjy-800ml 1 1155 974 1340 1512
wdm-wjxjy-800ml 1 982 921 1161 1436
wdm-wjxjy-800ml 1 855 900 1005 1397
wdm-wjxjy-800ml 1 735 871 890 1380
wdm-wjxjy-800ml 1 611 853 761 1321
wdm-wjxjy-800ml 1 452 815 632 1271
wdm-wjxjy-800ml 1 349 797 517 1256
wdm-wjxjy-800ml 1 264 780 405 1203
wdm-wjxjy-800ml 1 176 756 335 1177
wdm-wjxjy-1.3L 1 938 1 1117 444
wdm-wjxjy-1.3L 1 1076 1 1267 456
wdm-wjxjy-1.3L 1 1238 1 1438 474
wdm-wjxjy-1.3L 1 1393 1 1626 486
wdm-wjxjy-1.3L 1 1564 1 1820 497
wdm-wjxjy-1.3L 1 1758 1 1920 530
