wdm-wjxjy-800ml 1 51 483 229 873
wdm-wjxjy-800ml 1 137 480 278 878
wdm-wjxjy-800ml 1 190 488 363 905
wdm-wjxjy-800ml 1 263 490 429 914
wdm-wjxjy-800ml 1 334 492 500 931
wdm-wjxjy-500ml 1 429 561 588 958
wdm-wjxjy-500ml 1 524 568 676 973
wdm-btlcjy-500ml 1 612 563 790 975
wdm-btlcjy-500ml 1 751 553 871 970
wdm-btlcjy-500ml 1 820 575 990 1017
wdm-spjbsc-500ml 1 939 546 1107 1022
wdm-spjbsc-500ml 1 1066 531 1205 1019
wdm-wjxjy-1.3L 1 1151 531 1398 1085
wdm-wjxjy-1.3L 1 1371 514 1634 1124
wdm-wjxjy-1.3L 1 1607 519 1912 1161
