wdm-wjxjy-800ml 1 1447 1391 1600 1868
wdm-wjxjy-800ml 1 1326 1371 1473 1836
wdm-wjxjy-800ml 1 1211 1356 1353 1797
wdm-wjxjy-800ml 1 1103 1341 1256 1768
wdm-wjxjy-800ml 1 982 1333 1111 1741
wdm-wjxjy-800ml 1 908 1312 1017 1715
wdm-wjxjy-800ml 1 826 1289 941 1694
wdm-wjxjy-800ml 1 741 1286 856 1662
wdm-wjxjy-800ml 1 623 1265 738 1639
wdm-wjxjy-800ml 1 553 1262 667 1624
wdm-wjxjy-800ml 1 485 1253 608 1589
wdm-wjxjy-800ml 1 411 1239 544 1574
wdm-wjxjy-800ml 1 1488 850 1647 1271
wdm-wjxjy-800ml 1 1361 856 1506 1268
wdm-wjxjy-800ml 1 1247 850 1388 1277
wdm-wjxjy-800ml 1 1123 859 1261 1256
wdm-wjxjy-800ml 1 723 859 856 1197
wdm-wjxjy-800ml 1 820 865 935 1212
wdm-wjxjy-800ml 1 632 871 758 1200
wdm-wjxjy-800ml 1 550 844 685 1189
wdm-wjxjy-800ml 1 479 841 603 1183
wdm-wjxjy-800ml 1 1558 218 1729 791
wdm-wjxjy-800ml 1 1432 247 1591 806
wdm-wjxjy-800ml 1 1314 274 1456 803
wdm-wjxjy-800ml 1 1188 300 1332 809
wdm-wjxjy-800ml 1 1050 327 1188 809
wdm-wjxjy-800ml 1 779 380 920 821
wdm-wjxjy-800ml 1 697 409 811 821
wdm-wjxjy-800ml 1 626 421 750 830
wdm-wjxjy-800ml 1 553 430 676 833
wdm-wjxjy-800ml 1 494 444 597 836
