wdm-wjxjy-800ml 1 1064 1377 1238 1821
wdm-wjxjy-800ml 1 949 1321 1105 1768
wdm-wjxjy-800ml 1 849 1271 988 1694
wdm-wjxjy-800ml 1 767 1221 890 1630
wdm-wjxjy-800ml 1 664 1168 802 1530
wdm-wjxjy-800ml 1 582 1139 702 1512
wdm-wjxjy-800ml 1 523 1109 626 1444
wdm-wjxjy-800ml 1 443 1065 555 1389
wdm-wjxjy-800ml 1 585 506 696 853
wdm-wjxjy-800ml 1 664 533 776 883
wdm-wjxjy-800ml 1 743 541 852 909
wdm-wjxjy-800ml 1 829 547 970 924
wdm-wjxjy-800ml 1 1011 568 1132 1000
wdm-wjxjy-800ml 1 1117 594 1255 1039
wdm-wjxjy-800ml 1 1229 618 1373 1083
wdm-wjxjy-800ml 1 1352 636 1532 1109
