wdm-wjxjy-1L 1 879 656 1097 1259
wdm-wjxjy-1L 1 1061 680 1314 1283
wdm-wjxjy-1L 1 1241 700 1476 1286
wdm-wjxjy-1L 1 1400 715 1664 1306
wdm-wjxjy-1L 1 1582 739 1832 1330
wdm-wjxjy-800ml 1 970 1353 1164 1950
wdm-wjxjy-800ml 1 1120 1362 1314 1956
wdm-wjxjy-800ml 1 1267 1380 1473 1968
wdm-wjxjy-800ml 1 1414 1409 1623 1980
wdm-wjxjy-800ml 1 1570 1421 1776 1989
wdm-wjxjy-500ml 1 556 706 729 1233
wdm-wjxjy-500ml 1 438 692 588 1209
wdm-wjxjy-1.3L 1 94 1921 320 2433
wdm-wjxjy-1.3L 1 306 1947 538 2442
wdm-wjxjy-1.3L 1 517 1971 747 2456
wdm-wjxjy-1.8L 1 803 1989 1041 2489
wdm-wjxjy-1.8L 1 1011 1997 1247 2497
wdm-wjxjy-1.8L 1 1223 2021 1450 2506
wdm-wjxjy-1.8L 1 1426 2030 1658 2524
