wdm-wjxjy-800ml 1 291 1341 482 1800
wdm-wjxjy-800ml 1 458 1321 629 1756
wdm-wjxjy-800ml 1 600 1289 758 1703
wdm-wjxjy-500ml 1 261 27 444 641
wdm-wjxjy-500ml 1 414 68 582 650
wdm-btlcjy-500ml 1 553 91 691 656
wdm-btlcjy-500ml 1 670 118 814 656
wdm-btlcjy-1L 1 729 1265 879 1662
wdm-btlcjy-1L 1 864 1241 994 1618
wdm-spjbsc-500ml 1 1332 733 1438 1112
wdm-spjbsc-500ml 1 1397 730 1488 1089
wdm-wjxjy-1.3L 1 467 1821 644 2236
wdm-wjxjy-1.3L 1 600 1768 779 2180
wdm-wjxjy-1.8L 1 741 1739 894 2112
wdm-wjxjy-1.8L 1 870 1671 1017 2050
wdm-wjxjy-1.8L 1 991 1644 1147 2000
wdm-spjbsc-1.3L 1 317 1871 500 2318
