wdm-wjxjy-800ml 1 1029 756 1191 1224
wdm-wjxjy-800ml 1 1150 744 1285 1206
wdm-wjxjy-800ml 1 1258 733 1405 1180
wdm-wjxjy-800ml 1 1291 147 1444 686
wdm-wjxjy-500ml 1 935 794 1079 1247
wdm-wjxjy-500ml 1 826 824 970 1268
wdm-cxmc-1.3L 1 950 174 1153 692
wdm-cxmc-1.3L 1 770 162 997 703
wdm-cxmc-1.3L 1 579 144 820 700
wdm-spjbsc-1.3L 1 350 106 626 721
wdm-wjxjy-1L 1 685 768 855 1297
wdm-wjxjy-1L 1 520 789 726 1324
wdm-btlcjy-1L 1 361 783 558 1342
wdm-btlcjy-1L 1 200 786 403 1377
wdm-cxhy-510g 1 911 1336 1032 1736
wdm-cxhy-510g 1 1005 1321 1126 1730
wdm-qxmc-460ml 1 1079 1292 1191 1694
wdm-qxmc-460ml 1 1158 1280 1273 1668
wdm-spjbsc-500ml 1 1250 1262 1382 1656
wdm-spjbsc-500ml 1 1335 1242 1444 1630
wdm-spjbsc-500ml 1 1408 1239 1505 1606
wdm-spjbsc-500ml 1 1482 1224 1603 1592
wdm-wjxjy-1.8L 1 1420 724 1620 1165
wdm-zphy-510g 1 829 1356 958 1777
wdm-zphy-510g 1 720 1365 858 1803
lyx-hsjy-500ml 1 585 1394 761 1844
lyx-hsjy-500ml 1 450 1415 620 1868
lyx-tjjy-500ml 1 320 1427 508 1924
