wdm-wjxjy-800ml 1 66 303 224 686
wdm-wjxjy-800ml 1 200 369 361 734
wdm-wjxjy-800ml 1 342 378 485 737
wdm-wjxjy-800ml 1 454 400 598 739
wdm-wjxjy-800ml 1 546 403 681 734
wdm-wjxjy-800ml 1 620 405 761 739
wdm-wjxjy-800ml 1 705 422 829 732
wdm-wjxjy-800ml 1 795 444 946 737
wdm-wjxjy-800ml 1 885 456 1037 744
wdm-wjxjy-800ml 1 966 459 1090 744
wdm-wjxjy-800ml 1 1042 449 1156 730
wdm-wjxjy-800ml 1 1085 471 1215 747
wdm-wjxjy-800ml 1 1154 461 1259 739
wdm-wjxjy-800ml 1 1195 488 1327 739
wdm-wjxjy-800ml 1 1254 498 1376 742
wdm-wjxjy-800ml 1 1290 508 1437 737
wdm-wjxjy-800ml 1 1342 515 1478 742
wdm-wjxjy-800ml 1 1383 517 1512 739
wdm-wjxjy-800ml 1 1434 522 1556 742
wdm-wjxjy-800ml 1 1466 527 1603 747
wdm-wjxjy-800ml 1 1515 527 1634 739
wdm-wjxjy-800ml 1 1546 539 1681 742
wdm-wjxjy-1.3L 1 983 193 1105 466
wdm-wjxjy-1.3L 1 910 176 1034 456
wdm-wjxjy-1.3L 1 820 156 966 447
wdm-wjxjy-1.3L 1 722 132 861 415
wdm-wjxjy-1.3L 1 637 108 771 415
wdm-wjxjy-1.3L 1 522 91 678 398
wdm-wjxjy-1.3L 1 410 56 561 388
wdm-wjxjy-1.3L 1 273 25 444 364
wdm-wjxjy-1.3L 1 142 1 315 352
wdm-wjxjy-1.3L 1 1 1 178 327
