cbl-lyxdbj-300g 1 549 175 633 247
cbl-lyxdbj-300g 1 556 237 635 308
cbl-lyxdbj-300g 1 620 166 701 241
cbl-lyxdbj-300g 1 631 229 710 300
cbl-lyxdbj-800g 1 685 127 793 218
cbl-lyxdbj-800g 1 697 204 803 302
cbl-lyxdbj-800g 1 779 120 881 210
cbl-lyxdbj-800g 1 789 197 893 285
cbl-lyxdbj-500g 1 874 118 966 208
cbl-lyxdbj-500g 1 876 191 966 279
cbl-lyxdbj-500g 1 956 106 1049 199
cbl-lyxdbj-500g 1 964 183 1056 270
cbl-lyxdbj-300g 1 1054 116 1143 197
cbl-lyxdbj-300g 1 1056 183 1143 258
cbl-lyxdbj-300g 1 1139 108 1226 187
cbl-lyxdbj-300g 1 1224 99 1306 179
cbl-lyxdbj-300g 1 1224 162 1314 243
cbl-lyxtmj-300g 1 1310 79 1404 166
cbl-lyxtmj-300g 1 1401 68 1506 154
cbl-lyxtmj-300g 1 1406 139 1499 227
wdm-btlcjy-500ml 1 670 627 737 812
wdm-btlcjy-500ml 1 722 622 781 806
wdm-btlcjy-500ml 1 768 616 831 808
wdm-cxmc-460ml 1 812 602 876 810
wdm-cxmc-460ml 1 856 600 916 806
wdm-cxmc-460ml 1 897 597 953 799
wdm-cxmc-460ml 1 943 595 1003 799
wdm-cxhy-510g 1 991 599 1043 799
wdm-cxhy-510g 1 1033 602 1091 800
wdm-zphy-510g 1 1076 595 1128 791
wdm-zphy-510g 1 1114 593 1172 791
wdm-zphy-510g 1 1153 591 1218 795
wdm-zphy-510g 1 1201 589 1260 783
wdm-spjbsc-500ml 1 1247 585 1308 785
wdm-spjbsc-500ml 1 1303 583 1370 787
wdm-spjbsc-500ml 1 1356 579 1424 783
wdm-spjbsc-500ml 1 1408 570 1472 777
wdm-wjxjy-500ml 1 666 858 722 1025
wdm-wjxjy-500ml 1 710 854 764 1033
wdm-wjxjy-500ml 1 747 856 812 1033
wdm-wjxjy-800ml 1 793 825 866 1035
wdm-wjxjy-800ml 1 845 827 916 1039
wdm-wjxjy-800ml 1 897 827 962 1035
wdm-wjxjy-800ml 1 947 820 1016 1029
wdm-wjxjy-800ml 1 1001 825 1072 1031
wdm-wjxjy-800ml 1 1053 814 1118 1029
wdm-wjxjy-800ml 1 1103 812 1168 1035
wdm-wjxjy-1L 1 1153 818 1228 1035
wdm-wjxjy-1L 1 1212 818 1287 1035
wdm-wjxjy-1L 1 1274 814 1345 1035
wdm-wjxjy-1L 1 1335 812 1410 1035
wdm-wjxjy-1L 1 1397 812 1466 1035
wdm-wjxjy-1L 1 1453 810 1518 1024
wdm-wjxjy-1.3L 1 687 1079 772 1274
wdm-wjxjy-1.3L 1 751 1077 837 1264
wdm-wjxjy-1.3L 1 820 1077 899 1270
wdm-wjxjy-1.3L 1 887 1077 966 1270
wdm-wjxjy-1.3L 1 953 1077 1031 1270
wdm-wjxjy-1.3L 1 1020 1074 1106 1274
wdm-wjxjy-1.8L 1 1093 1066 1185 1272
wdm-wjxjy-1.8L 1 1172 1064 1264 1279
wdm-wjxjy-1.8L 1 1256 1058 1347 1272
wdm-wjxjy-1.8L 1 1339 1052 1433 1283
wdm-wjxjy-1.8L 1 1422 1050 1518 1275
