wdm-wjxjy-800ml 1 700 303 853 806
wdm-wjxjy-800ml 1 823 300 964 797
wdm-wjxjy-800ml 1 941 277 1082 727
wdm-wjxjy-800ml 1 1067 247 1197 715
wdm-wjxjy-800ml 1 1176 247 1308 665
wdm-wjxjy-800ml 1 1303 215 1456 639
wdm-wjxjy-800ml 1 764 1024 914 1412
wdm-wjxjy-800ml 1 900 1003 1035 1383
wdm-wjxjy-800ml 1 1006 962 1141 1347
wdm-wjxjy-800ml 1 1114 915 1241 1300
wdm-wjxjy-800ml 1 1235 877 1364 1247
wdm-wjxjy-800ml 1 1329 850 1450 1215
wdm-wjxjy-800ml 1 1411 821 1529 1191
wdm-wjxjy-800ml 1 1506 797 1641 1153
