wdm-wjxjy-800ml 1 600 653 708 968
wdm-wjxjy-800ml 1 694 659 805 965
wdm-wjxjy-800ml 1 788 659 905 959
wdm-wjxjy-800ml 1 891 653 1008 959
wdm-wjxjy-800ml 1 1005 630 1111 950
wdm-wjxjy-800ml 1 1097 656 1214 947
wdm-wjxjy-800ml 1 1197 665 1303 936
wdm-wjxjy-800ml 1 1291 662 1391 965
wdm-wjxjy-800ml 1 1397 683 1511 980
wdm-wjxjy-800ml 1 1488 689 1611 977
wdm-wjxjy-800ml 1 1582 694 1700 965
wdm-wjxjy-800ml 1 1673 686 1797 980
wdm-wjxjy-800ml 1 953 227 1070 659
wdm-wjxjy-800ml 1 1055 212 1158 639
wdm-wjxjy-800ml 1 1167 227 1273 674
wdm-wjxjy-800ml 1 1250 221 1379 653
