wdm-btlcjy-500ml 1 417 530 570 1015
wdm-btlcjy-500ml 1 497 544 661 1053
wdm-btlcjy-500ml 1 603 568 753 1080
wdm-spjbsc-500ml 1 691 580 861 1127
wdm-spjbsc-500ml 1 811 597 1000 1153
wdm-cxhy-510g 1 950 627 1114 1189
wdm-cxhy-510g 1 1067 650 1258 1218
wdm-btlcjy-1L 1 1182 659 1453 1277
wdm-wjxjy-500ml 1 679 1165 805 1550
wdm-wjxjy-500ml 1 776 1203 914 1586
wdm-wjxjy-500ml 1 888 1256 1026 1618
wdm-wjxjy-800ml 1 985 1294 1155 1677
wdm-wjxjy-800ml 1 1182 1365 1344 1680
wdm-wjxjy-1.3L 1 1314 1442 1614 1947
wdm-wjxjy-1.3L 1 1547 1486 1791 1897
wdm-wjxjy-1.3L 1 1729 1589 1920 2006
wdm-wjxjy-1.3L 1 517 1492 708 1883
wdm-wjxjy-1L 1 773 1642 926 2044
wdm-wjxjy-1L 1 861 1697 1026 2109
wdm-wjxjy-1L 1 979 1747 1147 2189
wdm-zphy-510g 1 1441 1 1700 556
wdm-zphy-510g 1 1594 1 1841 565
