wdm-wjxjy-800ml 1 494 221 611 553
wdm-wjxjy-1L 1 855 236 964 550
wdm-wjxjy-1L 1 950 247 1070 553
wdm-wjxjy-1L 1 1047 233 1155 556
wdm-wjxjy-1.3L 1 1138 256 1273 547
wdm-btlcjy-500ml 1 500 589 594 868
wdm-btlcjy-500ml 1 582 597 653 862
wdm-wjxjy-500ml 1 638 600 744 880
wdm-wjxjy-500ml 1 720 597 805 862
wdm-wjxjy-500ml 1 788 594 867 859
wdm-qxmc-460ml 1 923 580 1008 877
wdm-qxmc-460ml 1 991 577 1076 868
wdm-cxmc-460ml 1 1058 577 1150 865
wdm-cxmc-460ml 1 1132 568 1208 859
wdm-cxmc-460ml 1 1194 583 1273 859
wdm-spjbsc-500ml 1 550 903 644 1180
wdm-spjbsc-500ml 1 629 915 717 1183
wdm-zplj-450ml 1 688 915 788 1189
wdm-zplj-450ml 1 767 909 841 1186
wdm-zplj-450ml 1 826 894 908 1183
wdm-cxhy-510g 1 897 924 967 1180
wdm-cxhy-510g 1 947 924 1020 1183
wdm-cxhy-510g 1 1003 924 1070 1192
wdm-zphy-510g 1 1061 918 1138 1183
wdm-zphy-510g 1 1132 927 1203 1171
wdm-zphy-510g 1 1194 915 1276 1180
wdm-wjxjy-800ml 1 664 1489 764 1742
wdm-wjxjy-800ml 1 741 1486 838 1750
wdm-wjxjy-800ml 1 808 1480 900 1739
wdm-wjxjy-1.3L 1 567 1492 694 1753
wdm-spjbsc-1.3L 1 891 1497 1000 1744
wdm-spjbsc-1.3L 1 985 1489 1094 1753
wdm-cxmc-1.3L 1 1073 1489 1194 1733
wdm-cxmc-1.3L 1 1179 1486 1276 1742
wdm-wjxjy-1.3L 1 591 1783 694 2053
wdm-wjxjy-1.3L 1 667 1812 776 2062
wdm-cxmc-1.3L 1 755 1774 882 2062
lyx-tjjy-500ml 1 847 1215 914 1465
lyx-tjjy-500ml 1 903 1227 988 1468
lyx-tjjy-500ml 1 970 1221 1053 1453
lyx-hsjy-500ml 1 1044 1209 1120 1465
lyx-hsjy-500ml 1 1111 1209 1188 1465
lyx-hsjy-500ml 1 1182 1215 1264 1459
lyx-tjyzjy-500ml 1 770 1218 855 1474
lyx-tjyzjy-500ml 1 711 1218 788 1474
lyx-tjyzjy-500ml 1 635 1221 723 1474
lyx-tjyzjy-500ml 1 561 1212 653 1477
