wdm-wjxjy-800ml 1 210 272 250 449
wdm-wjxjy-800ml 1 240 271 288 449
wdm-wjxjy-800ml 1 280 265 336 449
wdm-wjxjy-800ml 1 328 254 380 452
wdm-wjxjy-800ml 1 370 251 417 449
wdm-wjxjy-800ml 1 408 248 462 446
wdm-wjxjy-800ml 1 451 243 510 449
wdm-wjxjy-800ml 1 510 239 566 443
wdm-wjxjy-800ml 1 550 231 613 440
wdm-wjxjy-800ml 1 611 225 673 437
wdm-wjxjy-800ml 1 663 217 728 439
wdm-wjxjy-800ml 1 716 206 783 437
wdm-wjxjy-800ml 1 774 205 846 437
wdm-wjxjy-800ml 1 840 191 910 431
wdm-wjxjy-800ml 1 900 185 974 428
wdm-wjxjy-800ml 1 925 8 994 220
wdm-wjxjy-800ml 1 862 22 930 225
wdm-wjxjy-800ml 1 799 31 865 231
wdm-wjxjy-800ml 1 743 43 810 234
wdm-wjxjy-800ml 1 688 51 748 246
wdm-wjxjy-800ml 1 634 63 693 252
wdm-wjxjy-800ml 1 580 74 645 259
wdm-wjxjy-800ml 1 534 74 594 259
wdm-wjxjy-800ml 1 496 86 545 263
wdm-wjxjy-800ml 1 448 91 499 269
wdm-wjxjy-800ml 1 399 99 454 265
wdm-wjxjy-800ml 1 359 108 410 283
wdm-wjxjy-800ml 1 322 119 366 285
wdm-wjxjy-800ml 1 291 128 331 274
wdm-wjxjy-800ml 1 239 122 294 269
wdm-wjxjy-800ml 1 11 209 50 352
wdm-wjxjy-800ml 1 42 203 80 340
wdm-wjxjy-800ml 1 73 200 113 336
wdm-btlcjy-500ml 1 91 485 125 614
wdm-btlcjy-500ml 1 114 483 151 614
wdm-btlcjy-500ml 1 137 482 179 617
wdm-btlcjy-500ml 1 170 482 217 619
lyx-tjjy-500ml 1 208 477 250 623
lyx-tjjy-500ml 1 242 472 283 628
lyx-tjjy-500ml 1 280 472 322 632
lyx-tjjy-500ml 1 220 643 259 799
lyx-tjjy-500ml 1 253 649 288 799
lyx-tjjy-500ml 1 286 654 326 802
wdm-wjxjy-500ml 1 313 479 356 637
wdm-wjxjy-500ml 1 350 482 394 636
wdm-wjxjy-500ml 1 386 479 433 642
wdm-wjxjy-500ml 1 426 477 471 645
wdm-wjxjy-1L 1 319 656 371 817
wdm-wjxjy-1L 1 363 659 410 817
wdm-wjxjy-1L 1 399 662 454 828
wdm-wjxjy-1L 1 446 663 499 829
wdm-wjxjy-800ml 1 463 462 514 648
wdm-wjxjy-800ml 1 508 460 565 651
wdm-wjxjy-800ml 1 556 462 610 651
wdm-wjxjy-800ml 1 603 460 663 649
wdm-wjxjy-800ml 1 479 663 537 836
wdm-wjxjy-800ml 1 530 669 590 842
wdm-wjxjy-800ml 1 582 674 640 848
wdm-wjxjy-800ml 1 631 676 699 851
wdm-btlcjy-1L 1 76 634 116 779
wdm-btlcjy-1L 1 108 640 148 785
wdm-btlcjy-1L 1 143 642 183 792
wdm-btlcjy-1L 1 173 639 222 799
lyx-tjjy-1L 1 214 826 262 982
lyx-tjjy-1L 1 256 832 302 996
lyx-tjjy-1L 1 297 840 340 1003
wdm-wjxjy-1.3L 1 688 679 770 869
wdm-wjxjy-1.3L 1 760 679 843 879
wdm-wjxjy-1.3L 1 833 691 920 892
wdm-wjxjy-1.8L 1 740 903 833 1106
wdm-wjxjy-1.8L 1 822 917 917 1122
