cbl-lyxdbj-500g 1 229 616 362 758
cbl-lyxdbj-800g 1 289 599 478 760
cbl-lyxdbj-800g 1 333 716 516 854
wdm-wjxjy-1L 1 403 493 593 856
wdm-wjxjy-1L 1 481 477 689 856
wdm-wjxjy-1L 1 581 460 770 841
wdm-wjxjy-1L 1 668 445 872 841
wdm-wjxjy-800ml 1 749 399 954 829
wdm-wjxjy-800ml 1 851 387 1056 839
wdm-wjxjy-800ml 1 951 366 1170 839
wdm-wjxjy-800ml 1 1081 337 1260 837
wdm-wjxjy-800ml 1 1187 322 1393 852
wdm-wjxjy-500ml 1 1324 379 1504 860
wdm-wjxjy-500ml 1 1462 368 1656 870
wdm-wjxjy-500ml 1 1618 339 1816 875
