wdm-wjxjy-500ml 1 237 544 295 764
wdm-wjxjy-500ml 1 281 539 342 755
wdm-wjxjy-500ml 1 329 542 385 745
wdm-wjxjy-500ml 1 372 538 423 735
wdm-wjxjy-500ml 1 410 535 460 729
wdm-wjxjy-500ml 1 447 532 491 722
wdm-wjxjy-500ml 1 472 532 514 709
wdm-wjxjy-800ml 1 504 521 553 700
wdm-wjxjy-800ml 1 537 516 579 697
wdm-wjxjy-800ml 1 566 513 608 692
wdm-wjxjy-800ml 1 598 512 626 679
wdm-wjxjy-800ml 1 617 510 660 677
wdm-wjxjy-800ml 1 647 509 682 670
wdm-wjxjy-1L 1 89 838 173 1065
wdm-wjxjy-1L 1 162 825 233 1038
wdm-wjxjy-1L 1 217 806 284 1007
wdm-wjxjy-1L 1 272 793 337 984
wdm-wjxjy-1L 1 321 780 373 961
wdm-wjxjy-1L 1 368 768 421 942
wdm-wjxjy-1L 1 410 757 459 926
wdm-wjxjy-1L 1 453 747 498 909
wdm-wjxjy-1L 1 488 739 524 892
wdm-wjxjy-1L 1 513 728 552 876
wdm-wjxjy-1L 1 539 719 581 867
wdm-wjxjy-1L 1 566 712 604 851
wdm-wjxjy-1L 1 592 706 634 838
wdm-wjxjy-1L 1 620 697 663 829
wdm-spjbsc-500ml 1 79 222 156 513
wdm-spjbsc-500ml 1 143 238 211 515
wdm-spjbsc-500ml 1 201 250 259 512
wdm-spjbsc-500ml 1 244 258 307 500
wdm-qxmc-460ml 1 459 292 504 496
wdm-qxmc-460ml 1 491 299 531 497
wdm-qxmc-460ml 1 513 303 550 490
wdm-cxhy-510g 1 407 289 455 500
wdm-cxhy-510g 1 434 296 475 500
wdm-btlcjy-500ml 1 537 322 585 496
wdm-btlcjy-500ml 1 568 328 608 496
wdm-btlcjy-1L 1 594 310 646 497
wdm-btlcjy-1L 1 627 318 675 497
wdm-btlcjy-1L 1 656 319 695 500
wdm-spjbsc-1.3L 1 52 541 178 809
wdm-spjbsc-1.3L 1 155 535 250 781
wdm-zphy-510g 1 292 271 347 502
wdm-zphy-510g 1 330 280 388 503
wdm-zphy-510g 1 369 284 420 497
