wdm-wjxjy-800ml 1 366 159 461 419
wdm-wjxjy-800ml 1 429 176 518 443
wdm-wjxjy-800ml 1 482 188 570 469
wdm-wjxjy-1L 1 541 221 636 500
wdm-wjxjy-1L 1 613 239 708 521
wdm-wjxjy-1L 1 673 269 775 567
wdm-wjxjy-1L 1 762 283 868 585
wdm-wjxjy-1L 1 844 310 961 625
wdm-cxhy-510g 1 211 159 303 366
wdm-cxhy-510g 1 243 151 334 379
wdm-zphy-510g 1 286 179 368 396
wdm-zphy-510g 1 325 191 420 410
wdm-spjbsc-500ml 1 158 151 266 360
cbl-lyxdbj-300g 1 838 29 1018 200
cbl-lyxdbj-300g 1 981 51 1191 238
cbl-lyxdbj-300g 1 1172 73 1280 267
