wdm-wjxjy-1L 1 394 1197 508 1565
wdm-wjxjy-1L 1 488 1212 582 1586
wdm-wjxjy-1L 1 529 1221 641 1609
wdm-wjxjy-1L 1 606 1239 706 1647
wdm-wjxjy-1L 1 673 1262 791 1674
wdm-wjxjy-1L 1 685 1756 770 2100
wdm-wjxjy-1L 1 741 1809 870 2174
wdm-wjxjy-800ml 1 738 1268 856 1718
wdm-wjxjy-800ml 1 826 1294 953 1762
wdm-wjxjy-800ml 1 926 1315 1061 1794
wdm-wjxjy-800ml 1 1008 1339 1161 1856
wdm-wjxjy-800ml 1 1117 1356 1294 1897
wdm-wjxjy-800ml 1 1167 2027 1320 2471
wdm-wjxjy-800ml 1 1085 1994 1223 2386
wdm-wjxjy-800ml 1 991 1953 1126 2327
wdm-wjxjy-800ml 1 900 1903 1029 2277
wdm-wjxjy-800ml 1 835 1859 932 2197
cbl-lyxdbj-300g 1 1347 156 1606 412
cbl-lyxdbj-300g 1 1338 377 1597 624
cbl-lyxdbj-500g 1 1156 156 1408 418
cbl-lyxdbj-500g 1 1147 380 1364 630
cbl-lyxdbj-500g 1 985 200 1206 442
cbl-lyxdbj-500g 1 979 415 1182 644
cbl-lyxdbj-800g 1 826 212 1017 459
cbl-lyxdbj-800g 1 832 430 1006 653
cbl-lyxdbj-800g 1 682 253 867 480
cbl-lyxdbj-800g 1 682 450 864 668
cbl-lyxtmj-300g 1 1579 109 1891 386
cbl-lyxtmj-300g 1 1553 344 1856 606
