wdm-wjxjy-800ml 1 311 112 438 577
wdm-wjxjy-800ml 1 417 115 543 577
wdm-wjxjy-800ml 1 526 106 658 574
wdm-wjxjy-800ml 1 643 112 773 574
wdm-wjxjy-800ml 1 755 109 888 577
wdm-wjxjy-800ml 1 873 109 1008 574
wdm-wjxjy-800ml 1 990 97 1120 571
wdm-wjxjy-800ml 1 1111 103 1243 565
wdm-wjxjy-800ml 1 1226 100 1355 553
wdm-wjxjy-800ml 1 1343 97 1482 568
wdm-wjxjy-800ml 1 1464 109 1593 565
wdm-wjxjy-800ml 1 1343 621 1479 1068
wdm-wjxjy-800ml 1 1464 612 1590 1053
wdm-wjxjy-800ml 1 1167 1094 1290 1477
wdm-wjxjy-800ml 1 1276 1094 1393 1477
wdm-wjxjy-800ml 1 1382 1089 1511 1468
wdm-zphy-510g 1 1258 686 1361 1062
wdm-zphy-510g 1 1167 689 1270 1059
wdm-zphy-510g 1 1079 683 1176 1068
wdm-cxhy-510g 1 999 689 1088 1050
wdm-cxhy-510g 1 908 677 1011 1065
wdm-qxmc-460ml 1 823 665 920 1071
wdm-qxmc-460ml 1 732 662 835 1074
wdm-qxmc-460ml 1 640 662 746 1065
wdm-btlcjy-500ml 1 552 691 658 1056
wdm-btlcjy-500ml 1 443 691 558 1059
wdm-btlcjy-500ml 1 352 689 458 1047
wdm-wjxjy-500ml 1 376 1121 488 1459
wdm-zplj-450ml 1 476 1100 590 1465
wdm-zplj-450ml 1 585 1103 685 1465
wdm-cxmc-460ml 1 690 1103 799 1471
wdm-cxmc-460ml 1 788 1112 888 1474
wdm-cxmc-460ml 1 879 1109 982 1474
wdm-cxmc-460ml 1 976 1115 1073 1465
wdm-cxmc-460ml 1 1064 1118 1164 1471
wdm-wjxjy-800ml 1 367 1512 488 1897
wdm-wjxjy-800ml 1 470 1512 588 1900
wdm-wjxjy-800ml 1 570 1515 688 1906
wdm-wjxjy-800ml 1 673 1524 793 1906
wdm-wjxjy-800ml 1 773 1527 885 1918
wdm-wjxjy-800ml 1 873 1527 985 1915
wdm-wjxjy-800ml 1 967 1530 1090 1915
wdm-wjxjy-800ml 1 226 1518 355 1865
wdm-spjbsc-500ml 1 1079 1568 1179 1912
wdm-spjbsc-500ml 1 1167 1577 1270 1930
wdm-spjbsc-500ml 1 1261 1577 1361 1927
wdm-spjbsc-500ml 1 1346 1583 1452 1927
wdm-spjbsc-500ml 1 1440 1589 1543 1933
wdm-wjxjy-1.3L 1 373 1956 532 2339
wdm-wjxjy-1.3L 1 511 1968 679 2330
wdm-wjxjy-1.3L 1 670 1983 832 2347
wdm-wjxjy-1.3L 1 823 1994 961 2368
wdm-wjxjy-1.3L 1 949 2003 1105 2359
wdm-wjxjy-1.3L 1 1090 2009 1243 2377
wdm-spjbsc-1.3L 1 1235 2027 1385 2391
wdm-wjxjy-800ml 1 1382 2009 1502 2383
