wdm-wjxjy-500ml 1 1238 203 1417 712
wdm-wjxjy-500ml 1 1358 215 1538 715
wdm-wjxjy-500ml 1 1482 230 1664 730
wdm-wjxjy-500ml 1 1594 247 1788 747
wdm-wjxjy-800ml 1 282 706 476 1306
wdm-wjxjy-800ml 1 132 686 335 1297
wdm-wjxjy-800ml 1 1 668 214 1294
wdm-wjxjy-1L 1 1044 827 1267 1368
wdm-wjxjy-1L 1 1182 839 1405 1380
wdm-wjxjy-1L 1 1332 850 1555 1400
wdm-zphy-510g 1 676 94 853 609
wdm-zphy-510g 1 561 77 750 600
wdm-wjxjy-1.8L 1 823 1465 1120 2042
wdm-wjxjy-1.8L 1 1032 1465 1291 2042
wdm-btlcjy-1L 1 700 1468 905 2030
wdm-btlcjy-1L 1 544 1450 767 2027
