wdm-wjxjy-500ml 1 585 415 703 774
wdm-wjxjy-500ml 1 767 380 891 759
wdm-wjxjy-500ml 1 729 409 820 747
wdm-wjxjy-500ml 1 544 442 629 777
wdm-wjxjy-800ml 1 1220 409 1320 789
wdm-wjxjy-800ml 1 1294 427 1391 792
wdm-wjxjy-800ml 1 1373 433 1470 800
wdm-wjxjy-800ml 1 1444 456 1535 812
wdm-wjxjy-800ml 1 1505 459 1603 818
wdm-btlcjy-500ml 1 873 403 982 768
wdm-btlcjy-500ml 1 961 412 1070 774
wdm-btlcjy-1L 1 1032 389 1150 783
wdm-btlcjy-1L 1 1129 406 1238 789
wdm-wjxjy-2L 1 1050 1642 1208 1983
wdm-wjxjy-2L 1 1176 1612 1314 1944
wdm-wjxjy-2L 1 1276 1589 1432 1915
wdm-wjxjy-2L 1 1388 1562 1517 1880
