cbl-hdj-900g 1 259 624 446 907
cbl-hdj-900g 1 412 649 607 934
cbl-hdj-900g 1 598 663 773 949
cbl-hdj-900g 1 751 680 934 963
cbl-hdj-900g 1 915 700 1103 978
cbl-hdj-900g 1 1076 717 1268 995
cbl-hdj-900g 1 1242 722 1446 1019
cbl-hdj-900g 1 1412 741 1632 1036
cbl-hdj-900g 1 1578 753 1807 1049
cbl-hdj-900g 1 510 329 685 622
cbl-hdj-900g 1 663 349 839 636
cbl-hdj-900g 1 832 366 1007 631
cbl-hdj-900g 1 988 373 1163 639
cbl-hdj-900g 1 1159 390 1346 670
cbl-hdj-900g 1 1322 407 1515 680
wdm-wjxjy-800ml 1 1032 144 1134 414
wdm-wjxjy-800ml 1 1112 149 1203 409
wdm-wjxjy-800ml 1 1332 175 1427 424
wdm-qxmc-460ml 1 1271 183 1344 424
wdm-qxmc-460ml 1 1198 173 1288 424
