cbl-lyxdbj-300g 1 458 33 708 265
cbl-lyxdbj-300g 1 453 236 726 471
cbl-lyxdbj-500g 1 647 30 885 280
cbl-lyxdbj-500g 1 682 221 894 474
cbl-lyxdbj-800g 1 1041 62 1261 303
cbl-lyxdbj-800g 1 1035 271 1253 503
cbl-lyxtmj-300g 1 203 1 476 250
cbl-lyxtmj-300g 1 217 221 503 459
cbl-lyxtmj-800g 1 838 21 1094 292
cbl-lyxtmj-800g 1 847 242 1064 489
cbl-hdj-900g 1 1188 121 1364 515
cbl-hdj-900g 1 1308 136 1473 512
wdm-spjbsc-500ml 1 476 700 691 1303
wdm-spjbsc-500ml 1 614 692 791 1265
wdm-cxhy-510g 1 729 700 891 1244
wdm-cxhy-510g 1 832 703 994 1215
wdm-btlcjy-500ml 1 947 709 1082 1192
wdm-btlcjy-500ml 1 1032 709 1173 1177
wdm-wjxjy-500ml 1 1114 697 1261 1150
wdm-wjxjy-500ml 1 1214 703 1323 1130
wdm-wjxjy-500ml 1 1294 700 1429 1127
wdm-wjxjy-800ml 1 664 1342 855 1894
wdm-wjxjy-800ml 1 779 1321 950 1839
wdm-wjxjy-800ml 1 908 1286 1055 1797
wdm-wjxjy-800ml 1 1017 1268 1141 1753
wdm-wjxjy-1L 1 1094 1247 1226 1715
wdm-wjxjy-1L 1 1188 1227 1311 1668
wdm-wjxjy-1L 1 1285 1206 1417 1630
wdm-cxmc-1.3L 1 770 1921 958 2380
wdm-cxmc-1.3L 1 905 1877 1094 2297
wdm-wjxjy-1.8L 1 1026 1797 1223 2227
wdm-wjxjy-1.8L 1 1147 1733 1335 2147
