cbl-lyxdbj-300g 1 237 154 337 249
cbl-lyxtmj-300g 1 239 231 339 322
cbl-lyxtmj-300g 1 249 308 354 399
cbl-lyxtmj-300g 1 318 118 437 216
cbl-lyxtmj-800g 1 310 202 441 310
cbl-lyxtmj-800g 1 320 291 453 406
cbl-lyxdbj-800g 1 422 191 562 312
cbl-lyxdbj-800g 1 426 291 560 406
lyx-tjyzjy-500ml 1 662 133 741 397
lyx-tjyzjy-500ml 1 728 131 816 406
lyx-tjyzjy-500ml 1 803 133 885 408
wdm-btlcjy-500ml 1 1116 504 1197 768
wdm-wjxjy-500ml 1 1187 506 1274 775
wdm-wjxjy-800ml 1 1254 466 1362 783
wdm-wjxjy-800ml 1 1333 466 1451 777
wdm-wjxjy-1.8L 1 939 1062 1058 1331
wdm-wjxjy-1.8L 1 1035 1081 1160 1360
