cbl-lyxtmj-300g 1 585 1227 773 1394
cbl-lyxtmj-300g 1 608 1365 776 1512
cbl-lyxdbj-300g 1 744 1224 932 1397
cbl-lyxdbj-300g 1 764 1344 935 1500
cbl-hdj-500g 1 903 1194 1120 1380
cbl-hdj-500g 1 914 1339 1132 1512
cbl-lyxdbj-800g 1 1105 1171 1317 1339
cbl-lyxdbj-800g 1 1105 1309 1326 1489
cbl-lyxtmj-800g 1 1297 1153 1523 1336
cbl-lyxtmj-800g 1 1297 1280 1529 1480
cbl-hdj-800g 1 1511 1139 1764 1324
cbl-hdj-800g 1 1497 1274 1726 1465
cbl-hdj-900g 1 1070 1865 1211 2115
cbl-hdj-900g 1 1176 1850 1338 2121
