wdm-wjxjy-1L 1 650 1024 900 1721
wdm-wjxjy-1L 1 508 1050 720 1789
wdm-wjxjy-1L 1 285 1097 547 1880
wdm-wjxjy-1L 1 23 1112 326 1965
wdm-wjxjy-1.8L 1 838 974 1114 1686
wdm-wjxjy-1.8L 1 1058 965 1317 1606
wdm-wjxjy-1.8L 1 1255 953 1432 1533
wdm-wjxjy-1.8L 1 1379 927 1576 1483
wdm-wjxjy-1.3L 1 1105 71 1405 809
wdm-wjxjy-1.3L 1 1332 139 1579 821
wdm-wjxjy-1.3L 1 1488 224 1667 830
wdm-wjxjy-1.3L 1 1547 271 1711 818
wdm-wjxjy-1.3L 1 1635 292 1853 809
wdm-cxhy-510g 1 97 1 338 780
wdm-spjbsc-500ml 1 308 1 561 792
wdm-spjbsc-500ml 1 517 1 744 797
wdm-cxmc-460ml 1 685 1 888 800
wdm-cxmc-460ml 1 823 1 1044 812
wdm-cxmc-460ml 1 967 1 1167 809
