cbl-hdj-900g 1 673 174 873 515
cbl-hdj-900g 1 958 180 1158 530
cbl-hdj-900g 1 1208 103 1408 480
cbl-hdj-900g 1 888 892 1070 1239
cbl-hdj-900g 1 1094 853 1291 1192
cbl-hdj-900g 1 735 862 926 1203
cbl-hdj-900g 1 608 824 779 1153
cbl-hdj-900g 1 461 792 658 1130
cbl-hdj-900g 1 385 747 561 1062
cbl-hdj-900g 1 47 677 247 977
cbl-hdj-900g 1 158 700 326 1006
cbl-hdj-900g 1 264 727 426 1044
cbl-hdj-900g 1 1214 806 1385 1133
cbl-hdj-900g 1 1264 753 1432 1059
cbl-hdj-900g 1 1314 703 1470 997
cbl-hdj-900g 1 1376 659 1526 956
cbl-hdj-900g 1 1441 624 1582 906
cbl-hdj-900g 1 1508 592 1644 877
cbl-hdj-900g 1 1582 565 1714 821
cbl-hdj-900g 1 1626 527 1756 777
