wdm-wjxjy-1L 1 114 850 258 1218
wdm-wjxjy-1L 1 220 862 358 1212
wdm-wjxjy-1L 1 332 868 467 1236
wdm-wjxjy-1L 1 435 880 576 1227
wdm-wjxjy-1L 1 550 889 670 1233
wdm-wjxjy-1L 1 650 892 767 1250
wdm-wjxjy-1L 1 750 892 873 1262
wdm-wjxjy-1L 1 847 909 979 1247
wdm-wjxjy-2L 1 956 909 1117 1259
wdm-wjxjy-2L 1 1097 927 1253 1274
wdm-wjxjy-2L 1 1235 942 1391 1271
wdm-wjxjy-2L 1 1370 944 1520 1274
wdm-wjxjy-2L 1 1503 956 1661 1297
wdm-wjxjy-1.8L 1 1629 968 1761 1297
wdm-wjxjy-1.8L 1 1747 986 1885 1306
wdm-wjxjy-800ml 1 117 1242 247 1600
wdm-wjxjy-800ml 1 226 1250 341 1600
wdm-wjxjy-800ml 1 323 1253 450 1618
wdm-wjxjy-800ml 1 432 1253 550 1612
wdm-wjxjy-800ml 1 538 1259 667 1612
wdm-wjxjy-800ml 1 656 1262 761 1621
wdm-wjxjy-800ml 1 750 1268 861 1627
wdm-wjxjy-800ml 1 856 1283 953 1624
wdm-wjxjy-800ml 1 938 1292 1056 1627
wdm-wjxjy-800ml 1 82 1642 206 2006
wdm-wjxjy-800ml 1 191 1642 317 2003
wdm-wjxjy-800ml 1 297 1647 423 2000
wdm-wjxjy-800ml 1 406 1642 520 1997
wdm-wjxjy-800ml 1 506 1659 620 1994
wdm-wjxjy-800ml 1 594 1644 717 2003
wdm-wjxjy-800ml 1 694 1662 817 2003
wdm-wjxjy-800ml 1 797 1674 917 2000
wdm-wjxjy-800ml 1 894 1677 1011 2006
wdm-wjxjy-800ml 1 991 1671 1103 2012
wdm-wjxjy-800ml 1 1094 1665 1208 2006
wdm-wjxjy-500ml 1 1041 1315 1138 1633
wdm-wjxjy-500ml 1 1138 1312 1247 1633
cbl-lyxtmj-300g 1 1082 2144 1223 2277
cbl-lyxtmj-300g 1 1076 2250 1206 2374
cbl-lyxtmj-300g 1 961 2147 1091 2277
cbl-lyxtmj-300g 1 950 2259 1085 2377
cbl-lyxdbj-300g 1 829 2156 961 2286
cbl-lyxdbj-300g 1 820 2268 956 2406
cbl-lyxdbj-300g 1 697 2133 835 2289
cbl-lyxdbj-300g 1 691 2268 829 2406
cbl-lyxdbj-300g 1 561 2153 700 2286
cbl-lyxdbj-300g 1 553 2262 700 2403
cbl-lyxdbj-300g 1 426 2144 576 2289
cbl-lyxdbj-300g 1 417 2271 556 2397
cbl-lyxdbj-500g 1 291 2130 435 2271
cbl-lyxdbj-500g 1 270 2256 426 2406
cbl-lyxdbj-800g 1 117 2112 291 2271
cbl-lyxdbj-800g 1 97 2247 276 2424
