wdm-wjxjy-800ml 1 432 1071 567 1577
wdm-wjxjy-800ml 1 555 1086 705 1591
wdm-wjxjy-800ml 1 688 1094 826 1603
wdm-wjxjy-800ml 1 814 1100 961 1618
wdm-wjxjy-800ml 1 940 1109 1096 1633
wdm-wjxjy-800ml 1 1076 1118 1232 1641
wdm-wjxjy-800ml 1 1211 1124 1376 1665
wdm-wjxjy-800ml 1 1358 1136 1532 1686
wdm-wjxjy-800ml 1 29 1662 179 2115
wdm-wjxjy-800ml 1 167 1674 308 2130
wdm-wjxjy-800ml 1 299 1689 461 2162
wdm-wjxjy-800ml 1 446 1697 588 2174
wdm-wjxjy-800ml 1 585 1703 738 2197
wdm-wjxjy-800ml 1 726 1721 882 2218
wdm-wjxjy-800ml 1 867 1736 1023 2236
wdm-wjxjy-800ml 1 1014 1750 1176 2259
wdm-wjxjy-800ml 1 1164 1765 1329 2271
wdm-wjxjy-800ml 1 1314 1791 1485 2294
wdm-wjxjy-800ml 1 1476 1812 1649 2315
wdm-wjxjy-800ml 1 1623 1836 1823 2333
