wdm-spjbsc-500ml 1 63 310 232 752
wdm-spjbsc-500ml 1 212 337 356 759
wdm-spjbsc-500ml 1 342 359 471 756
wdm-cxmc-460ml 1 454 356 581 761
wdm-wjxjy-1L 1 873 1 988 317
wdm-wjxjy-1L 1 798 37 903 298
wdm-wjxjy-1L 1 737 76 834 281
wdm-wjxjy-1L 1 966 30 1068 339
wdm-wjxjy-1L 1 1046 54 1154 352
wdm-wjxjy-1L 1 1129 81 1229 366
wdm-wjxjy-1L 1 568 378 712 754
wdm-wjxjy-1L 1 695 398 807 756
wdm-wjxjy-1L 1 793 410 917 761
wdm-wjxjy-800ml 1 895 400 1003 766
wdm-wjxjy-800ml 1 981 415 1083 764
wdm-wjxjy-800ml 1 1056 425 1163 761
wdm-wjxjy-800ml 1 1137 444 1239 769
wdm-wjxjy-800ml 1 678 830 807 1242
wdm-wjxjy-800ml 1 781 827 910 1230
wdm-wjxjy-800ml 1 876 822 998 1217
wdm-wjxjy-800ml 1 968 820 1076 1193
wdm-wjxjy-500ml 1 585 895 705 1271
wdm-wjxjy-500ml 1 481 903 603 1291
wdm-wjxjy-500ml 1 363 908 495 1315
wdm-wjxjy-500ml 1 224 905 381 1334
cbl-hdj-900g 1 34 1017 266 1378
