cbl-lyxtmj-300g 1 153 195 271 295
cbl-lyxdbj-300g 1 303 277 410 375
cbl-lyxdbj-300g 1 310 212 419 295
cbl-lyxdbj-300g 1 397 216 486 292
cbl-lyxdbj-300g 1 490 275 595 371
cbl-lyxljj-300g 1 473 214 590 295
cbl-lyxljj-300g 1 566 212 658 288
cbl-lyxljj-300g 1 658 277 753 366
cbl-lyxdbj-500g 1 695 177 810 279
cbl-lyxdbj-500g 1 795 179 890 275
cbl-lyxdbj-500g 1 808 266 888 355
cbl-lyxdbj-500g 1 871 168 962 268
cbl-lyxdbj-500g 1 949 171 1038 266
cbl-lyxdbj-500g 1 949 260 1032 353
wdm-zphy-510g 1 149 464 240 749
wdm-zphy-510g 1 199 458 297 740
wdm-zphy-510g 1 256 449 353 731
wdm-zphy-510g 1 321 445 412 718
wdm-zphy-510g 1 366 445 453 705
wdm-btlcjy-500ml 1 425 451 508 703
wdm-btlcjy-500ml 1 484 442 571 684
wdm-cxmc-460ml 1 536 416 614 677
wdm-cxmc-460ml 1 579 418 656 666
wdm-cxmc-460ml 1 619 408 701 658
wdm-qxmc-460ml 1 669 403 745 647
wdm-qxmc-460ml 1 716 401 777 638
wdm-qxmc-460ml 1 760 397 825 631
wdm-qxmc-460ml 1 797 392 856 627
wdm-spjbsc-500ml 1 840 397 901 614
wdm-spjbsc-500ml 1 879 390 940 608
wdm-spjbsc-500ml 1 921 388 982 599
wdm-spjbsc-500ml 1 962 386 1016 597
lyx-tjjy-500ml 1 206 775 299 1045
lyx-tjjy-500ml 1 262 768 364 1018
lyx-tjjy-500ml 1 325 755 419 999
lyx-tjjy-500ml 1 406 740 495 981
lyx-tjjy-500ml 1 466 725 556 968
lyx-tjjy-500ml 1 525 716 606 942
lyx-tjyzjy-500ml 1 584 705 662 923
lyx-tjyzjy-500ml 1 634 690 710 914
lyx-tjyzjy-500ml 1 686 679 758 892
wdm-zplj-450ml 1 736 668 797 881
wdm-zplj-450ml 1 782 655 842 875
wdm-zplj-450ml 1 816 653 875 858
wdm-wjxjy-500ml 1 860 649 916 853
wdm-wjxjy-500ml 1 897 640 949 840
wdm-wjxjy-500ml 1 929 631 984 818
wdm-wjxjy-500ml 1 969 625 1021 816
wdm-wjxjy-800ml 1 251 1064 340 1323
wdm-wjxjy-800ml 1 308 1049 406 1295
wdm-wjxjy-800ml 1 373 1023 466 1271
wdm-wjxjy-800ml 1 438 1005 525 1245
wdm-wjxjy-800ml 1 497 992 582 1218
wdm-wjxjy-800ml 1 551 971 634 1195
wdm-wjxjy-800ml 1 606 949 682 1175
wdm-wjxjy-500ml 1 664 962 727 1158
wdm-wjxjy-500ml 1 706 947 764 1134
wdm-wjxjy-500ml 1 749 936 808 1116
wdm-wjxjy-500ml 1 786 918 847 1101
wdm-wjxjy-500ml 1 834 905 884 1086
wdm-wjxjy-500ml 1 871 895 921 1073
wdm-wjxjy-500ml 1 906 881 958 1058
wdm-wjxjy-500ml 1 938 866 988 1038
wdm-wjxjy-500ml 1 975 853 1025 1025
cbl-hdj-900g 1 727 1203 801 1353
cbl-hdj-900g 1 779 1184 849 1329
cbl-hdj-900g 1 823 1164 895 1299
cbl-lhdj-900g 1 871 1142 936 1277
cbl-lhdj-900g 1 914 1121 979 1255
cbl-lhdj-900g 1 958 1108 1023 1238
