wdm-wjxjy-1L 1 641 668 782 1091
wdm-wjxjy-1L 1 761 680 903 1068
wdm-wjxjy-1L 1 882 680 1011 1059
wdm-wjxjy-1L 1 988 677 1114 1047
wdm-wjxjy-1L 1 1091 671 1211 1044
wdm-wjxjy-1L 1 1188 677 1303 1030
wdm-wjxjy-1L 1 1279 656 1426 1030
wdm-wjxjy-1.3L 1 538 1103 714 1530
wdm-wjxjy-1.3L 1 706 1086 867 1506
wdm-wjxjy-1.3L 1 853 1074 1000 1483
wdm-wjxjy-1.3L 1 982 1065 1129 1453
wdm-wjxjy-1.3L 1 1106 1053 1250 1424
wdm-wjxjy-1.3L 1 1217 1033 1364 1415
wdm-wjxjy-1.3L 1 1382 1094 1567 1453
wdm-wjxjy-1.3L 1 1326 1033 1482 1397
wdm-wjxjy-1.8L 1 385 1771 653 2286
wdm-wjxjy-1.8L 1 608 1730 850 2212
wdm-wjxjy-1.8L 1 811 1674 1023 2174
wdm-wjxjy-1.8L 1 1000 1650 1200 2112
wdm-wjxjy-1.8L 1 1161 1597 1358 2068
wdm-wjxjy-1.8L 1 1335 1577 1511 2018
wdm-wjxjy-1.8L 1 1467 1539 1641 1968
wdm-wjxjy-1.8L 1 1623 1500 1785 1921
