cbl-lyxdbj-300g 1 616 312 791 472
cbl-lyxdbj-300g 1 649 427 828 577
cbl-lyxdbj-300g 1 676 539 837 675
cbl-lyxdbj-300g 1 783 412 956 574
cbl-lyxdbj-300g 1 810 525 978 674
cbl-lyxdbj-300g 1 891 291 1074 464
cbl-lyxdbj-300g 1 931 412 1110 575
cbl-lyxdbj-300g 1 953 525 1126 679
cbl-lyxdbj-300g 1 1085 262 1276 443
cbl-lyxdbj-300g 1 1099 395 1289 564
cbl-lyxdbj-300g 1 1108 520 1285 674
cbl-lyxdbj-800g 1 412 395 645 591
cbl-lyxdbj-800g 1 258 406 476 595
cbl-lyxdbj-800g 1 314 550 503 691
cbl-lyxdbj-800g 1 464 516 679 689
cbl-lyxtmj-300g 1 1251 231 1453 402
cbl-lyxtmj-300g 1 1262 389 1456 570
cbl-lyxtmj-300g 1 1268 520 1462 668
cbl-lyxtmj-300g 1 1447 377 1656 560
cbl-lyxtmj-300g 1 1443 499 1668 668
