wdm-spjbsc-500ml 1 427 483 510 755
wdm-spjbsc-500ml 1 500 481 583 756
wdm-spjbsc-500ml 1 572 480 650 758
wdm-spjbsc-500ml 1 641 478 716 755
lyx-nmzyjy-380ml 1 654 135 733 418
lyx-nmzyjy-380ml 1 727 130 814 422
lyx-nmzyjy-380ml 1 800 126 889 420
lyx-nmzyjy-380ml 1 881 122 966 420
lyx-nmzyjy-380ml 1 960 120 1037 422
lyx-nmzyjy-380ml 1 1031 116 1114 422
lyx-tjyzjy-500ml 1 710 470 793 751
lyx-tjyzjy-500ml 1 791 466 873 760
lyx-tjyzjy-500ml 1 866 472 950 762
lyx-tjyzjy-500ml 1 947 470 1027 749
lyx-tjyzjy-500ml 1 1023 462 1108 753
wdm-wjxjy-500ml 1 206 808 283 1055
wdm-wjxjy-500ml 1 275 810 356 1051
wdm-wjxjy-500ml 1 347 803 422 1053
wdm-wjxjy-500ml 1 414 805 493 1051
lyx-tjjy-500ml 1 487 801 568 1043
lyx-tjjy-500ml 1 558 795 633 1045
lyx-tjjy-500ml 1 629 791 714 1045
lyx-tjjy-500ml 1 702 789 783 1045
lyx-hsjy-500ml 1 785 789 868 1041
lyx-hsjy-500ml 1 858 791 943 1041
lyx-hsjy-500ml 1 935 789 1018 1039
lyx-hsjy-500ml 1 1012 787 1093 1041
wdm-wjxjy-800ml 1 187 1085 283 1318
wdm-wjxjy-800ml 1 270 1093 368 1322
wdm-wjxjy-800ml 1 358 1087 445 1314
wdm-spjbsc-1.3L 1 1 1093 85 1322
wdm-spjbsc-1.3L 1 72 1099 189 1320
wdm-btlcjy-1L 1 433 1083 523 1310
wdm-btlcjy-1L 1 514 1087 597 1306
wdm-btlcjy-1L 1 591 1085 673 1310
lyx-tjjy-1L 1 668 1087 750 1310
lyx-tjjy-1L 1 750 1085 831 1312
lyx-tjjy-1L 1 823 1085 906 1303
lyx-hsjy-1L 1 906 1085 993 1306
lyx-hsjy-1L 1 991 1083 1075 1305
wdm-wjxjy-1.8L 1 275 1374 389 1653
wdm-wjxjy-1.8L 1 379 1378 491 1651
wdm-wjxjy-1.8L 1 487 1391 591 1649
wdm-wjxjy-1.8L 1 583 1387 685 1645
wdm-wjxjy-1.8L 1 677 1387 779 1649
wdm-wjxjy-1.8L 1 770 1385 870 1637
