cbl-hdj-900g 1 747 491 956 918
cbl-hdj-900g 1 938 503 1135 930
cbl-lyxdbj-300g 1 14 1041 261 1233
cbl-lyxdbj-300g 1 6 1233 261 1430
cbl-lyxdbj-300g 1 261 1221 508 1424
cbl-lyxdbj-300g 1 258 1030 473 1215
cbl-lyxtmj-300g 1 503 1221 726 1427
cbl-lyxtmj-300g 1 717 1212 926 1406
cbl-lyxdbj-500g 1 897 1191 1123 1394
cbl-lyxdbj-500g 1 1085 1177 1314 1383
cbl-lyxdbj-800g 1 1264 1165 1523 1383
cbl-lyxdbj-800g 1 1276 997 1544 1209
cbl-lyxdbj-800g 1 1514 997 1747 1203
cbl-lyxdbj-800g 1 1500 1177 1723 1368
