wdm-wjxjy-800ml 1 247 341 382 818
wdm-wjxjy-800ml 1 370 350 503 833
wdm-wjxjy-800ml 1 482 350 617 824
wdm-wjxjy-800ml 1 591 336 720 827
wdm-wjxjy-800ml 1 723 324 864 833
wdm-wjxjy-800ml 1 853 333 982 841
wdm-wjxjy-800ml 1 970 324 1111 833
wdm-wjxjy-800ml 1 1088 321 1229 827
wdm-wjxjy-800ml 1 1235 327 1373 824
wdm-wjxjy-800ml 1 1347 333 1497 830
wdm-wjxjy-800ml 1 1467 321 1620 827
wdm-wjxjy-800ml 1 1582 318 1753 830
wdm-wjxjy-800ml 1 306 856 464 1283
wdm-wjxjy-800ml 1 441 868 585 1280
wdm-wjxjy-800ml 1 558 853 700 1277
wdm-wjxjy-800ml 1 711 865 850 1271
wdm-wjxjy-800ml 1 835 877 973 1274
wdm-wjxjy-800ml 1 956 871 1100 1283
wdm-wjxjy-800ml 1 1085 868 1226 1289
wdm-wjxjy-800ml 1 1223 871 1373 1294
wdm-wjxjy-800ml 1 1347 886 1506 1297
wdm-wjxjy-800ml 1 1467 886 1629 1283
wdm-wjxjy-800ml 1 1603 877 1764 1283
wdm-wjxjy-800ml 1 408 1671 547 2083
wdm-wjxjy-800ml 1 564 1865 750 2241
wdm-wjxjy-800ml 1 964 1865 1114 2259
wdm-wjxjy-800ml 1 1123 2027 1267 2377
cbl-hdj-900g 1 691 1971 853 2268
cbl-hdj-900g 1 838 1968 994 2265
cbl-hdj-900g 1 344 2103 500 2403
cbl-hdj-900g 1 1247 1924 1423 2221
cbl-hdj-900g 1 1244 2168 1403 2412
cbl-hdj-900g 1 1408 1939 1594 2241
cbl-hdj-900g 1 1367 2191 1535 2421
