lyx-hsjy-500ml 1 197 783 283 1068
lyx-hsjy-500ml 1 279 787 364 1062
lyx-tjjy-500ml 1 358 785 448 1064
lyx-tjjy-500ml 1 443 789 522 1064
lyx-tjjy-500ml 1 520 789 600 1055
lyx-tjjy-500ml 1 595 781 677 1062
lyx-tjyzjy-500ml 1 670 787 752 1060
lyx-tjyzjy-500ml 1 745 793 831 1058
lyx-tjyzjy-500ml 1 827 791 902 1055
lyx-hsjy-1L 1 156 1106 247 1370
lyx-hsjy-1L 1 295 1110 381 1366
lyx-hsjy-1L 1 416 1103 502 1353
lyx-hsjy-1L 1 535 1095 622 1351
lyx-tjjy-1L 1 614 1083 700 1341
lyx-tjjy-1L 1 693 1091 785 1337
lyx-tjjy-1L 1 773 1087 860 1331
wdm-zphy-510g 1 241 1162 297 1358
wdm-zphy-510g 1 370 1166 423 1353
wdm-zphy-510g 1 491 1158 545 1341
