cbl-lyxdbj-800g 1 1454 575 1704 808
cbl-lyxdbj-800g 1 1464 712 1697 943
cbl-lyxdbj-800g 1 1251 570 1487 787
cbl-lyxdbj-800g 1 1268 716 1479 908
cbl-lyxdbj-300g 1 1129 622 1289 774
cbl-lyxdbj-300g 1 1145 733 1310 868
cbl-lyxdbj-300g 1 1003 610 1158 752
cbl-lyxdbj-300g 1 1018 722 1168 843
cbl-lyxtmj-300g 1 881 606 1026 749
cbl-lyxtmj-300g 1 899 714 1049 831
cbl-lyxtmj-300g 1 766 602 914 737
cbl-lyxtmj-300g 1 795 708 935 818
wdm-wjxjy-800ml 1 1558 974 1687 1250
wdm-wjxjy-800ml 1 1445 977 1581 1220
wdm-wjxjy-800ml 1 1331 960 1470 1225
wdm-wjxjy-800ml 1 1231 956 1356 1208
wdm-wjxjy-800ml 1 1129 937 1260 1181
wdm-wjxjy-800ml 1 1041 927 1158 1150
wdm-wjxjy-800ml 1 962 916 1087 1133
wdm-wjxjy-800ml 1 885 904 1014 1100
wdm-wjxjy-800ml 1 810 885 928 1091
