wdm-cxmc-460ml 1 171 626 219 782
wdm-cxmc-460ml 1 217 628 265 786
wdm-qxmc-190ml 1 480 479 516 611
wdm-qxmc-190ml 1 513 479 550 609
wdm-qxmc-460ml 1 260 631 306 789
wdm-qxmc-460ml 1 303 636 353 788
wdm-cxmc-1.3L 1 676 271 748 445
wdm-cxmc-1.3L 1 740 274 813 445
wdm-wjxjy-1.8L 1 266 2 351 166
wdm-wjxjy-1.8L 1 356 1 437 176
wdm-wjxjy-1.8L 1 434 1 514 183
wdm-wjxjy-1.8L 1 523 11 603 186
wdm-wjxjy-1.8L 1 605 26 688 191
wdm-wjxjy-1.8L 1 686 37 765 202
wdm-wjxjy-1.8L 1 756 43 833 209
wdm-wjxjy-1.8L 1 826 49 900 217
wdm-wjxjy-1.8L 1 890 56 966 225
wdm-wjxjy-1.8L 1 959 69 1024 231
