wdm-spjbsc-500ml 1 847 187 922 456
wdm-spjbsc-500ml 1 776 187 854 456
wdm-cxhy-510g 1 720 185 785 458
wdm-cxhy-510g 1 656 185 724 460
wdm-cxhy-510g 1 595 179 668 454
wdm-cxhy-510g 1 524 174 603 456
wdm-cxmc-460ml 1 914 187 989 458
wdm-cxmc-460ml 1 981 181 1049 460
wdm-cxmc-460ml 1 1043 189 1118 458
wdm-wjxjy-1.3L 1 1110 187 1245 462
wdm-wjxjy-1.3L 1 1233 187 1368 466
wdm-wjxjy-1.8L 1 1012 531 1145 818
wdm-wjxjy-1.8L 1 1145 531 1285 822
wdm-wjxjy-1.8L 1 1266 527 1385 816
wdm-wjxjy-1L 1 943 539 1024 812
wdm-wjxjy-1L 1 864 537 951 816
wdm-wjxjy-1L 1 785 541 870 824
wdm-wjxjy-1L 1 703 537 789 822
wdm-wjxjy-1L 1 618 537 708 820
wdm-wjxjy-1L 1 539 529 626 824
wdm-wjxjy-800ml 1 1178 850 1260 1091
wdm-wjxjy-800ml 1 1101 852 1189 1093
wdm-wjxjy-800ml 1 1035 850 1116 1089
wdm-wjxjy-800ml 1 972 856 1047 1087
wdm-wjxjy-800ml 1 903 858 978 1095
wdm-wjxjy-800ml 1 826 858 906 1104
wdm-wjxjy-500ml 1 764 860 839 1102
wdm-wjxjy-500ml 1 699 858 778 1097
wdm-wjxjy-500ml 1 629 854 706 1089
wdm-wjxjy-500ml 1 562 862 637 1099
