wdm-wjxjy-500ml 1 942 788 1000 963
wdm-wjxjy-500ml 1 990 790 1046 963
wdm-wjxjy-500ml 1 1042 790 1095 953
wdm-wjxjy-500ml 1 1088 780 1142 968
wdm-wjxjy-500ml 1 1139 785 1190 961
wdm-zphy-510g 1 1178 783 1234 961
wdm-zphy-510g 1 1229 778 1288 958
wdm-zplj-450ml 1 1290 775 1344 956
wdm-zplj-450ml 1 1332 788 1383 951
wdm-zplj-450ml 1 1376 792 1434 956
wdm-btlcjy-500ml 1 898 788 951 966
wdm-btlcjy-500ml 1 844 783 907 973
wdm-btlcjy-500ml 1 798 780 851 961
wdm-btlcjy-500ml 1 751 783 805 958
wdm-wjxjy-1L 1 1168 570 1234 761
wdm-wjxjy-1L 1 1227 566 1295 753
wdm-wjxjy-1L 1 1288 566 1354 768
wdm-wjxjy-1L 1 1344 568 1410 768
wdm-wjxjy-1L 1 1395 568 1461 758
wdm-cxhy-510g 1 1127 578 1178 763
wdm-cxhy-510g 1 1081 573 1139 763
wdm-cxhy-510g 1 1034 570 1085 763
wdm-spjbsc-500ml 1 985 568 1039 778
wdm-spjbsc-500ml 1 934 573 990 770
wdm-qxmc-460ml 1 893 568 942 768
wdm-qxmc-460ml 1 844 568 895 778
wdm-cxmc-460ml 1 795 568 851 778
wdm-cxmc-460ml 1 744 573 805 783
cbl-lyxtmj-800g 1 737 388 829 473
cbl-lyxtmj-800g 1 824 390 927 475
cbl-lyxtmj-800g 1 824 463 920 553
cbl-hdj-300g 1 910 422 1012 470
cbl-hdj-300g 1 915 466 1015 512
cbl-hdj-300g 1 917 502 1010 553
cbl-hdj-300g 1 1005 456 1100 514
cbl-hdj-300g 1 1005 502 1095 551
cbl-lyxdbj-800g 1 1376 158 1485 246
cbl-lyxdbj-800g 1 1373 231 1478 317
cbl-lyxdbj-500g 1 1298 170 1381 253
cbl-lyxdbj-500g 1 1293 244 1383 322
cbl-lyxdbj-500g 1 1212 170 1305 251
cbl-lyxdbj-500g 1 1210 239 1305 317
cbl-lyxdbj-300g 1 1132 183 1222 261
cbl-lyxdbj-300g 1 1049 185 1134 258
cbl-lyxdbj-300g 1 1051 251 1137 322
cbl-lyxdbj-300g 1 1098 129 1183 195
cbl-lyxdbj-300g 1 1012 131 1103 197
cbl-lyxdbj-300g 1 934 129 1012 200
cbl-lyxdbj-300g 1 849 122 939 207
cbl-lyxdbj-300g 1 773 119 851 202
cbl-lyxtmj-300g 1 968 183 1054 258
cbl-lyxtmj-300g 1 885 247 976 322
cbl-lyxtmj-300g 1 893 185 981 266
cbl-lyxtmj-300g 1 851 51 944 136
cbl-lyxtmj-300g 1 932 58 1022 149
cbl-lyxtmj-300g 1 1017 63 1105 146
wdm-wjxjy-1.3L 1 763 980 849 1144
wdm-wjxjy-1.3L 1 842 980 929 1139
wdm-wjxjy-1.3L 1 917 983 1005 1144
wdm-wjxjy-1.3L 1 998 975 1083 1141
wdm-wjxjy-1.3L 1 1071 975 1151 1149
wdm-wjxjy-1.3L 1 1139 975 1222 1146
wdm-spjbsc-1.3L 1 1210 975 1295 1139
wdm-spjbsc-1.3L 1 1283 975 1366 1153
wdm-spjbsc-1.3L 1 1356 970 1444 1151
