wdm-wjxjy-1.3L 1 751 991 862 1241
wdm-wjxjy-1.3L 1 829 997 949 1249
wdm-wjxjy-1.8L 1 926 983 1053 1260
wdm-wjxjy-1.8L 1 1031 991 1149 1275
wdm-wjxjy-1L 1 506 966 608 1197
wdm-wjxjy-1L 1 566 972 656 1204
wdm-wjxjy-1L 1 624 977 716 1212
wdm-wjxjy-1L 1 685 985 779 1222
wdm-wjxjy-1L 1 787 593 901 872
wdm-wjxjy-1L 1 858 595 966 872
wdm-wjxjy-1L 1 933 581 1035 879
wdm-wjxjy-1L 1 1018 587 1137 879
wdm-wjxjy-1L 1 1106 581 1214 889
wdm-wjxjy-1L 1 1193 574 1299 895
wdm-wjxjy-800ml 1 476 589 579 858
wdm-wjxjy-800ml 1 416 595 512 850
wdm-wjxjy-800ml 1 316 160 420 456
wdm-wjxjy-800ml 1 376 152 493 454
wdm-wjxjy-800ml 1 453 133 560 447
wdm-wjxjy-500ml 1 514 179 626 445
wdm-wjxjy-500ml 1 579 170 689 435
wdm-spjbsc-500ml 1 653 147 754 431
wdm-spjbsc-500ml 1 703 135 810 427
wdm-spjbsc-500ml 1 776 129 876 422
wdm-spjbsc-1.3L 1 843 95 989 414
wdm-spjbsc-1.3L 1 949 75 1091 406
wdm-qxmc-460ml 1 729 606 826 875
wdm-cxhy-510g 1 537 624 622 862
wdm-btlcjy-1L 1 1058 43 1183 399
wdm-btlcjy-1L 1 1154 22 1274 387
wdm-zphy-510g 1 674 616 766 868
