wdm-wjxjy-800ml 1 1342 332 1468 673
wdm-wjxjy-800ml 1 1437 320 1556 664
wdm-wjxjy-800ml 1 1534 300 1656 649
wdm-wjxjy-800ml 1 1624 288 1744 637
wdm-wjxjy-800ml 1 1715 276 1837 625
wdm-wjxjy-800ml 1 1810 259 1920 620
wdm-wjxjy-1L 1 1468 737 1598 1073
wdm-wjxjy-1L 1 1566 722 1695 1069
wdm-wjxjy-1L 1 1666 717 1800 1056
wdm-wjxjy-1L 1 1766 703 1900 1059
cbl-lyxtmj-300g 1 988 505 1107 603
cbl-lyxtmj-300g 1 1000 588 1117 688
cbl-lyxtmj-300g 1 1098 491 1217 588
cbl-lyxtmj-300g 1 1110 573 1229 676
cbl-lhdj-900g 1 903 532 1015 710
cbl-hdj-900g 1 827 539 924 725
cbl-hdj-900g 1 751 554 856 727
