wdm-wjxjy-800ml 1 642 800 707 983
wdm-wjxjy-800ml 1 698 800 768 980
wdm-wjxjy-800ml 1 759 792 829 978
wdm-wjxjy-800ml 1 820 797 885 980
wdm-wjxjy-800ml 1 876 800 946 975
wdm-wjxjy-800ml 1 939 800 1003 980
wdm-wjxjy-800ml 1 990 790 1059 978
wdm-wjxjy-800ml 1 1051 790 1117 985
wdm-wjxjy-500ml 1 815 580 883 778
wdm-wjxjy-500ml 1 871 585 937 788
wdm-wjxjy-500ml 1 429 585 490 773
wdm-wjxjy-500ml 1 476 588 544 783
wdm-wjxjy-500ml 1 534 588 595 785
wdm-wjxjy-1L 1 583 583 654 783
wdm-wjxjy-1L 1 642 580 712 778
wdm-wjxjy-1L 1 700 583 766 775
wdm-wjxjy-1L 1 759 580 822 775
wdm-wjxjy-1.3L 1 568 800 654 983
wdm-wjxjy-1.3L 1 490 792 578 990
wdm-wjxjy-1.8L 1 405 795 500 980
wdm-wjxjy-1.8L 1 315 792 417 985
wdm-btlcjy-500ml 1 271 588 332 766
wdm-btlcjy-500ml 1 315 583 385 773
wdm-btlcjy-500ml 1 371 583 437 780
wdm-zphy-510g 1 1056 597 1107 780
wdm-zphy-510g 1 1103 597 1159 773
wdm-qxmc-460ml 1 927 583 978 785
wdm-qxmc-460ml 1 971 580 1020 785
wdm-qxmc-460ml 1 1015 580 1066 788
wdm-zplj-450ml 1 1076 107 1134 334
wdm-zplj-450ml 1 1122 105 1185 331
wdm-cxmc-460ml 1 620 78 681 314
wdm-cxmc-460ml 1 563 80 634 314
wdm-cxhy-510g 1 237 68 312 309
wdm-cxhy-510g 1 288 70 359 309
wdm-cxhy-510g 1 337 73 410 314
wdm-cxhy-510g 1 395 78 463 309
wdm-spjbsc-500ml 1 446 78 520 319
wdm-spjbsc-500ml 1 507 90 581 312
lyx-tjjy-500ml 1 968 107 1024 329
lyx-tjjy-500ml 1 1020 107 1085 331
lyx-hsjy-500ml 1 905 105 968 329
lyx-hsjy-500ml 1 849 105 912 334
lyx-hsjy-500ml 1 788 95 856 329
lyx-tjyzjy-500ml 1 673 92 737 319
lyx-tjyzjy-500ml 1 729 97 800 331
cbl-hdj-300g 1 759 429 861 490
cbl-hdj-300g 1 756 483 859 527
cbl-hdj-300g 1 766 517 859 566
cbl-hdj-500g 1 856 366 951 439
cbl-hdj-500g 1 849 434 946 507
cbl-hdj-500g 1 849 497 942 566
cbl-hdj-900g 1 932 412 1005 563
cbl-hdj-900g 1 995 407 1071 573
cbl-lhdj-900g 1 1051 407 1137 561
cbl-lhdj-900g 1 1122 414 1198 561
cbl-lyxtmj-300g 1 681 431 766 505
cbl-lyxdbj-300g 1 612 368 698 439
cbl-lyxdbj-300g 1 605 417 693 502
cbl-lyxdbj-300g 1 612 490 695 561
cbl-lyxdbj-300g 1 537 363 624 434
cbl-lyxdbj-300g 1 524 417 622 505
cbl-lyxdbj-300g 1 537 483 622 568
cbl-lyxdbj-500g 1 449 400 551 495
cbl-lyxdbj-500g 1 459 475 546 558
cbl-lyxdbj-800g 1 354 380 466 490
cbl-lyxdbj-800g 1 366 478 478 578
