wdm-wjxjy-2L 1 444 671 603 1044
wdm-wjxjy-2L 1 585 674 744 1033
wdm-wjxjy-1.3L 1 720 691 861 1047
wdm-wjxjy-1.3L 1 844 694 994 1039
wdm-wjxjy-1.3L 1 979 683 1111 1036
wdm-wjxjy-500ml 1 1082 718 1182 1030
wdm-wjxjy-500ml 1 1176 712 1276 1039
wdm-wjxjy-500ml 1 1267 712 1370 1041
wdm-wjxjy-500ml 1 1353 712 1450 1044
wdm-wjxjy-500ml 1 1441 703 1541 1036
wdm-btlcjy-500ml 1 641 1177 750 1480
wdm-btlcjy-500ml 1 741 1180 829 1483
wdm-cxmc-460ml 1 817 1162 908 1491
wdm-cxmc-460ml 1 897 1159 982 1500
wdm-cxmc-460ml 1 967 1159 1050 1497
wdm-qxmc-460ml 1 1038 1159 1129 1497
wdm-qxmc-460ml 1 1117 1165 1206 1486
wdm-wjxjy-800ml 1 1194 1139 1297 1497
wdm-wjxjy-800ml 1 1285 1136 1394 1500
wdm-wjxjy-800ml 1 1382 1139 1497 1503
wdm-wjxjy-800ml 1 1288 1574 1397 1930
wdm-wjxjy-800ml 1 1382 1583 1494 1933
wdm-zplj-450ml 1 1217 1591 1300 1924
wdm-zplj-450ml 1 1129 1583 1223 1894
wdm-spjbsc-500ml 1 1056 1594 1138 1897
wdm-spjbsc-500ml 1 970 1586 1061 1894
wdm-spjbsc-500ml 1 900 1583 985 1880
lyx-tjjy-500ml 1 470 1162 573 1483
lyx-tjjy-500ml 1 561 1162 658 1486
lyx-tjyzjy-500ml 1 441 1544 544 1853
lyx-tjyzjy-500ml 1 532 1553 626 1856
wdm-zphy-510g 1 614 1565 697 1856
wdm-zphy-510g 1 676 1574 756 1871
wdm-cxhy-510g 1 753 1574 835 1874
wdm-cxhy-510g 1 826 1571 911 1877
cbl-lyxdbj-500g 1 741 1962 897 2127
cbl-lyxdbj-500g 1 738 2065 900 2215
cbl-lyxdbj-300g 1 864 2100 1000 2247
cbl-lhdj-900g 1 976 2027 1085 2233
cbl-lhdj-900g 1 1073 2036 1179 2256
cbl-lhdj-900g 1 1167 2030 1279 2247
cbl-hdj-900g 1 1258 2039 1373 2256
cbl-hdj-900g 1 1358 2053 1479 2277
