wdm-wjxjy-1.3L 1 632 694 732 930
wdm-wjxjy-1.3L 1 744 697 864 939
wdm-wjxjy-1.8L 1 876 671 1000 936
wdm-wjxjy-1.8L 1 1020 659 1144 933
wdm-wjxjy-1.8L 1 1141 653 1279 927
wdm-wjxjy-1.8L 1 867 342 1000 606
wdm-wjxjy-1.8L 1 991 347 1103 600
wdm-wjxjy-1.8L 1 706 356 832 609
wdm-wjxjy-1.8L 1 564 371 691 630
wdm-wjxjy-1.8L 1 426 383 550 636
wdm-cxmc-1.3L 1 264 712 373 947
wdm-btlcjy-1L 1 270 1000 361 1247
wdm-btlcjy-1L 1 347 1000 420 1242
wdm-btlcjy-1L 1 403 983 479 1247
wdm-wjxjy-500ml 1 350 730 429 942
wdm-wjxjy-500ml 1 414 730 485 942
wdm-wjxjy-500ml 1 473 730 535 936
wdm-wjxjy-500ml 1 529 724 600 933
wdm-wjxjy-800ml 1 464 997 538 1247
wdm-wjxjy-800ml 1 526 997 597 1244
wdm-wjxjy-800ml 1 582 994 670 1256
wdm-wjxjy-1L 1 667 997 750 1256
wdm-wjxjy-1L 1 732 997 817 1250
wdm-wjxjy-1L 1 803 994 888 1253
wdm-wjxjy-1L 1 876 997 964 1256
wdm-wjxjy-1L 1 947 992 1029 1247
wdm-wjxjy-1L 1 1014 989 1106 1256
wdm-qxmc-460ml 1 1088 1000 1161 1247
wdm-qxmc-460ml 1 1150 994 1220 1250
wdm-qxmc-460ml 1 1206 994 1276 1242
wdm-qxmc-460ml 1 1267 992 1344 1239
wdm-cxmc-460ml 1 1217 1277 1294 1512
wdm-cxmc-460ml 1 1164 1274 1226 1506
wdm-cxmc-460ml 1 1106 1274 1173 1503
wdm-cxhy-510g 1 885 1274 953 1497
wdm-cxhy-510g 1 838 1274 900 1494
wdm-cxhy-510g 1 788 1274 853 1494
wdm-spjbsc-500ml 1 938 1271 1003 1509
wdm-spjbsc-500ml 1 988 1274 1067 1506
wdm-spjbsc-500ml 1 1047 1274 1123 1506
wdm-zphy-510g 1 735 1268 800 1492
wdm-zphy-510g 1 688 1277 744 1489
wdm-zphy-510g 1 632 1268 694 1503
wdm-cxmc-1.3L 1 676 1809 761 2036
cbl-lyxdbj-300g 1 288 1612 388 1700
cbl-lyxdbj-300g 1 291 1683 388 1768
cbl-lyxdbj-300g 1 370 1615 461 1703
cbl-lyxdbj-300g 1 373 1692 458 1768
cbl-lyxdbj-500g 1 441 1600 544 1700
cbl-lyxdbj-500g 1 447 1680 535 1768
cbl-lyxdbj-500g 1 520 1597 626 1706
cbl-lyxdbj-500g 1 523 1674 626 1777
cbl-lyxdbj-800g 1 711 1527 823 1624
cbl-lyxdbj-800g 1 703 1615 823 1703
cbl-lyxdbj-800g 1 706 1680 823 1783
cbl-lyxtmj-800g 1 614 1589 720 1692
cbl-lyxtmj-800g 1 611 1686 714 1780
cbl-lhdj-900g 1 1070 1894 1156 2074
cbl-lhdj-900g 1 1141 1886 1232 2080
cbl-lhdj-900g 1 1214 1892 1308 2086
cbl-hdj-900g 1 926 1886 1008 2071
cbl-hdj-900g 1 997 1889 1085 2080
