wdm-wjxjy-800ml 1 107 722 172 905
wdm-wjxjy-800ml 1 150 719 214 892
wdm-wjxjy-800ml 1 195 712 252 867
wdm-wjxjy-800ml 1 239 697 287 854
wdm-wjxjy-800ml 1 276 689 327 835
wdm-wjxjy-800ml 1 314 680 360 823
wdm-wjxjy-800ml 1 346 665 391 812
wdm-wjxjy-800ml 1 108 507 173 707
wdm-wjxjy-800ml 1 158 503 218 687
wdm-wjxjy-800ml 1 202 497 262 677
wdm-wjxjy-800ml 1 243 486 302 674
wdm-wjxjy-800ml 1 287 489 339 660
wdm-wjxjy-800ml 1 318 483 366 650
wdm-wjxjy-800ml 1 352 479 394 631
wdm-wjxjy-800ml 1 382 474 430 629
wdm-wjxjy-800ml 1 418 467 460 623
wdm-wjxjy-800ml 1 447 464 497 621
wdm-wjxjy-800ml 1 482 463 524 610
wdm-wjxjy-800ml 1 513 455 544 606
wdm-wjxjy-500ml 1 59 284 126 486
wdm-wjxjy-500ml 1 110 286 176 489
wdm-wjxjy-500ml 1 156 286 220 486
wdm-wjxjy-500ml 1 197 284 256 476
wdm-cxmc-460ml 1 237 274 289 474
wdm-cxmc-460ml 1 278 276 318 470
wdm-cxmc-460ml 1 310 274 355 465
wdm-spjbsc-500ml 1 340 284 385 463
wdm-spjbsc-500ml 1 373 289 421 463
wdm-spjbsc-500ml 1 404 284 442 458
wdm-spjbsc-500ml 1 430 286 469 457
wdm-spjbsc-500ml 1 456 287 494 448
wdm-spjbsc-500ml 1 479 287 514 448
wdm-cxhy-510g 1 508 293 544 439
wdm-wjxjy-1L 1 536 460 573 602
wdm-wjxjy-1L 1 562 450 602 589
wdm-wjxjy-1L 1 587 448 629 589
wdm-wjxjy-1.3L 1 379 665 429 799
wdm-wjxjy-1.3L 1 420 651 473 789
wdm-wjxjy-1.3L 1 453 631 501 767
wdm-wjxjy-1.8L 1 487 625 542 755
wdm-wjxjy-1.8L 1 523 612 569 736
wdm-wjxjy-1.8L 1 558 603 614 732
