wdm-cxmc-1.3L 1 50 1 242 412
wdm-cxmc-1.3L 1 227 1 403 410
wdm-wjxjy-800ml 1 411 48 525 415
wdm-wjxjy-800ml 1 508 58 614 415
wdm-wjxjy-800ml 1 601 81 711 418
wdm-btlcjy-500ml 1 682 96 790 416
wdm-btlcjy-500ml 1 760 107 865 415
wdm-btlcjy-500ml 1 831 119 941 418
wdm-qxmc-460ml 1 898 108 1009 419
wdm-cxhy-510g 1 960 132 1055 419
wdm-cxhy-510g 1 1012 143 1117 421
wdm-spjbsc-500ml 1 1065 146 1161 418
wdm-spjbsc-500ml 1 1109 154 1209 419
wdm-spjbsc-500ml 1 1155 161 1257 418
cbl-lyxdbj-500g 1 119 634 273 773
cbl-lyxdbj-500g 1 123 719 274 854
cbl-lyxdbj-300g 1 276 542 422 675
cbl-lyxdbj-300g 1 271 627 408 751
cbl-lyxdbj-300g 1 269 710 400 832
cbl-lyxdbj-500g 1 401 583 533 719
cbl-lyxdbj-500g 1 390 672 523 810
cbl-lyxdbj-500g 1 520 578 647 708
cbl-lyxdbj-500g 1 512 664 631 791
cbl-lyxdbj-800g 1 638 556 792 699
cbl-lyxdbj-800g 1 630 654 776 791
cbl-lyxdbj-800g 1 760 551 903 686
cbl-lyxdbj-800g 1 757 651 884 770
cbl-lhdj-900g 1 854 564 955 748
cbl-lhdj-900g 1 917 554 1017 735
cbl-hdj-900g 1 981 558 1098 732
cbl-hdj-900g 1 1054 548 1149 724
