cbl-lyxdbj-300g 1 224 497 429 675
cbl-lyxdbj-300g 1 244 634 434 795
cbl-lyxdbj-300g 1 420 497 615 673
cbl-lyxdbj-300g 1 427 627 612 788
cbl-lyxdbj-300g 1 605 500 793 668
cbl-lyxdbj-300g 1 603 624 785 783
cbl-lyxdbj-800g 1 768 429 995 631
cbl-lyxdbj-800g 1 778 575 983 766
cbl-lyxdbj-800g 1 973 419 1188 619
cbl-lyxdbj-800g 1 966 566 1163 768
cbl-lyxdbj-800g 1 1146 424 1368 622
cbl-lyxdbj-800g 1 1142 575 1339 744
cbl-lhdj-900g 1 1300 463 1478 731
cbl-lhdj-900g 1 1422 456 1593 744
cbl-lhdj-900g 1 1527 461 1703 729
cbl-lhdj-900g 1 1637 444 1803 717
