cbl-lyxdbj-300g 1 173 794 400 962
cbl-lyxdbj-300g 1 182 936 406 1109
cbl-lyxdbj-300g 1 203 1080 411 1259
cbl-lyxdbj-300g 1 385 800 576 968
cbl-lyxdbj-300g 1 382 944 576 1097
cbl-lyxtmj-300g 1 564 944 747 1091
cbl-lyxtmj-300g 1 582 1080 758 1227
cbl-lyxtmj-300g 1 723 939 891 1089
cbl-lyxtmj-300g 1 735 1074 888 1212
cbl-lyxdbj-300g 1 644 806 797 950
cbl-lyxdbj-500g 1 1032 909 1176 1053
cbl-lyxdbj-300g 1 538 806 667 953
cbl-lyxdbj-500g 1 1026 1036 1179 1191
cbl-hdj-300g 1 844 883 1041 974
cbl-hdj-300g 1 867 959 1056 1050
cbl-hdj-300g 1 870 1030 1053 1130
cbl-lyxtmj-800g 1 1117 868 1323 1039
cbl-lyxtmj-800g 1 1150 1015 1320 1183
cbl-lyxtmj-800g 1 1282 874 1447 1030
cbl-lyxtmj-800g 1 1288 1012 1447 1177
cbl-lyxdbj-800g 1 1423 877 1579 1021
cbl-lyxdbj-800g 1 1417 1009 1567 1153
cbl-lhdj-900g 1 1597 897 1715 1147
cbl-hdj-900g 1 1523 900 1647 1159
