wdm-wjxjy-1L 1 32 1 182 471
wdm-wjxjy-1L 1 185 1 329 491
wdm-wjxjy-1L 1 326 1 467 500
wdm-wjxjy-1L 1 464 24 608 512
wdm-wjxjy-1.3L 1 596 83 758 536
wdm-wjxjy-1.3L 1 746 109 917 539
wdm-wjxjy-1.3L 1 911 124 1079 544
wdm-wjxjy-1.3L 1 1058 147 1226 562
wdm-wjxjy-1.3L 1 1211 159 1376 574
wdm-wjxjy-1.3L 1 1364 174 1523 589
cbl-lyxtmj-300g 1 64 789 243 936
cbl-lyxtmj-300g 1 85 921 249 1047
cbl-lyxtmj-300g 1 240 797 417 936
cbl-lyxtmj-300g 1 243 918 420 1053
cbl-lyxdbj-300g 1 411 800 573 941
cbl-lyxdbj-300g 1 414 927 582 1056
cbl-lyxdbj-300g 1 564 812 732 947
cbl-lyxdbj-300g 1 573 936 738 1065
cbl-lyxdbj-300g 1 738 827 876 944
cbl-lyxdbj-300g 1 732 939 885 1065
cbl-lyxdbj-500g 1 879 791 1023 936
cbl-lyxdbj-500g 1 870 921 1026 1056
cbl-lyxdbj-500g 1 1020 797 1176 936
cbl-lyxdbj-500g 1 1014 930 1167 1062
cbl-lyxdbj-800g 1 1152 915 1329 1062
cbl-lyxdbj-800g 1 1302 915 1479 1071
cbl-hdj-900g 1 120 1277 276 1550
cbl-hdj-900g 1 255 1271 408 1544
cbl-hdj-900g 1 393 1280 523 1550
cbl-hdj-900g 1 520 1274 658 1550
cbl-hdj-900g 1 652 1271 799 1530
cbl-hdj-900g 1 779 1289 920 1536
cbl-hdj-900g 1 905 1291 1023 1527
cbl-hdj-900g 1 1014 1294 1138 1518
cbl-hdj-300g 1 1126 1368 1296 1450
cbl-hdj-300g 1 1288 1353 1452 1444
cbl-hdj-300g 1 1279 1444 1458 1518
cbl-hdj-900g 1 164 1744 314 2015
cbl-hdj-900g 1 302 1727 455 2018
cbl-hdj-900g 1 429 1709 564 1977
cbl-hdj-900g 1 552 1709 682 1950
cbl-hdj-900g 1 667 1689 799 1944
cbl-hdj-900g 1 788 1680 914 1930
cbl-hdj-900g 1 908 1674 1026 1924
cbl-lhdj-900g 1 1005 1671 1135 1924
cbl-lhdj-900g 1 1120 1668 1240 1909
cbl-lhdj-900g 1 1223 1671 1346 1903
wdm-wjxjy-1L 1 185 2177 320 2550
wdm-wjxjy-1L 1 288 2165 411 2524
wdm-wjxjy-1L 1 402 2144 526 2500
wdm-wjxjy-1L 1 514 2127 623 2477
wdm-wjxjy-1L 1 620 2115 729 2453
wdm-wjxjy-1L 1 720 2097 835 2439
wdm-wjxjy-1L 1 820 2094 929 2433
wdm-wjxjy-1.3L 1 914 2094 1049 2427
wdm-wjxjy-1.3L 1 1035 2077 1173 2403
wdm-wjxjy-1.3L 1 1146 2065 1279 2368
wdm-wjxjy-1.3L 1 1261 2047 1393 2362
