lyx-tjjy-160ml 1 10 1 66 179
lyx-tjjy-160ml 1 56 1 119 182
lyx-tjjy-160ml 1 108 1 165 185
lyx-tjjy-160ml 1 179 1 239 182
lyx-hsjy-500ml 1 25 240 105 476
lyx-hsjy-500ml 1 90 236 168 480
lyx-hsjy-500ml 1 156 234 237 479
lyx-tjjy-500ml 1 222 234 300 480
lyx-tjjy-500ml 1 291 236 363 480
lyx-tjjy-500ml 1 357 237 425 482
lyx-tjjy-500ml 1 426 237 500 479
lyx-tjjy-500ml 1 508 236 582 477
lyx-hsjy-1L 1 11 511 99 717
lyx-hsjy-1L 1 82 511 179 726
lyx-hsjy-1L 1 157 509 239 725
lyx-hsjy-1L 1 225 508 308 726
lyx-tjjy-1L 1 303 511 391 723
lyx-tjjy-1L 1 377 508 453 719
lyx-tjjy-1L 1 448 509 513 720
lyx-tjjy-1L 1 510 511 579 719
lyx-tjyzjy-500ml 1 583 511 651 723
lyx-tjyzjy-500ml 1 646 509 708 717
lyx-tjyzjy-500ml 1 706 509 770 723
lyx-tjyzjy-500ml 1 765 508 830 719
wdm-spjbsc-500ml 1 808 751 866 929
wdm-spjbsc-500ml 1 859 756 920 926
wdm-spjbsc-500ml 1 914 754 979 931
wdm-spjbsc-500ml 1 971 754 1024 929
lyx-tjjy-1L 1 745 756 811 929
lyx-tjjy-1L 1 634 756 700 934
lyx-tjjy-1L 1 573 754 639 929
lyx-tjdyjy-375ml 1 837 968 894 1119
lyx-tjdyjy-375ml 1 888 968 942 1123
lyx-tjdyjy-375ml 1 939 971 986 1114
