wdm-wjxjy-1L 1 455 986 655 1592
wdm-wjxjy-1L 1 608 1015 791 1583
wdm-wjxjy-1L 1 729 1024 888 1565
wdm-wjxjy-1L 1 826 1047 991 1562
wdm-wjxjy-1L 1 929 1065 1085 1542
wdm-wjxjy-1L 1 1044 1077 1182 1530
wdm-wjxjy-1.8L 1 476 456 732 944
wdm-wjxjy-1.8L 1 250 453 503 989
wdm-wjxjy-1.8L 1 820 583 1032 1021
wdm-wjxjy-1.8L 1 673 536 870 997
wdm-wjxjy-1.8L 1 973 636 1150 1021
wdm-wjxjy-800ml 1 1188 1133 1335 1509
wdm-wjxjy-800ml 1 1285 1142 1420 1509
wdm-wjxjy-500ml 1 1497 1168 1603 1494
wdm-qxmc-460ml 1 1214 1539 1361 1968
wdm-wjxjy-1L 1 1441 800 1561 1109
wdm-wjxjy-1L 1 1505 818 1617 1109
wdm-wjxjy-1L 1 1564 833 1664 1118
wdm-wjxjy-1L 1 1603 847 1705 1127
