wdm-wjxjy-800ml 1 537 879 629 1158
wdm-wjxjy-800ml 1 614 883 720 1156
wdm-wjxjy-800ml 1 572 554 674 856
wdm-wjxjy-800ml 1 658 556 753 862
wdm-wjxjy-800ml 1 737 556 833 858
wdm-wjxjy-1L 1 239 564 339 852
wdm-wjxjy-1L 1 324 568 422 856
wdm-wjxjy-1L 1 408 572 516 856
wdm-wjxjy-1L 1 495 570 589 856
wdm-wjxjy-1.3L 1 818 579 939 856
wdm-wjxjy-1.3L 1 931 577 1049 860
wdm-wjxjy-1.8L 1 1056 558 1199 866
wdm-wjxjy-1.8L 1 1191 558 1331 868
wdm-wjxjy-1.8L 1 1320 545 1470 875
wdm-qxmc-460ml 1 1162 883 1247 1170
wdm-qxmc-460ml 1 1233 891 1314 1172
