wdm-wjxjy-1.8L 1 249 288 371 573
wdm-wjxjy-1.8L 1 354 283 473 568
wdm-wjxjy-1.8L 1 451 268 588 566
wdm-wjxjy-800ml 1 634 229 737 549
wdm-wjxjy-800ml 1 724 219 824 539
wdm-wjxjy-800ml 1 817 205 920 531
wdm-wjxjy-800ml 1 900 190 1007 524
wdm-wjxjy-800ml 1 995 175 1107 512
wdm-wjxjy-800ml 1 1098 156 1212 505
wdm-wjxjy-500ml 1 1193 183 1298 497
cbl-lyxdbj-500g 1 1051 680 1210 819
cbl-lyxdbj-500g 1 1059 805 1210 941
cbl-lyxdbj-500g 1 1203 675 1363 812
cbl-lyxdbj-500g 1 1198 805 1363 941
cbl-lyxdbj-300g 1 1349 695 1515 824
cbl-lyxdbj-300g 1 1356 814 1524 946
cbl-lyxdbj-300g 1 1512 688 1685 819
cbl-lyxdbj-300g 1 1512 809 1700 951
cbl-lyxdbj-300g 1 1681 675 1878 822
cbl-lyxdbj-300g 1 1685 807 1876 951
