wdm-zphy-510g 1 241 607 319 876
wdm-zphy-510g 1 319 611 394 877
wdm-zphy-510g 1 389 612 456 874
wdm-zphy-510g 1 448 615 523 879
wdm-zphy-510g 1 516 619 585 877
wdm-zphy-510g 1 576 619 640 871
wdm-zplj-450ml 1 534 231 611 546
wdm-zplj-450ml 1 603 231 683 551
wdm-zplj-450ml 1 676 237 751 549
wdm-zplj-450ml 1 743 232 830 557
wdm-zplj-450ml 1 631 599 705 877
wdm-zplj-450ml 1 696 602 770 872
wdm-zplj-450ml 1 759 599 840 877
wdm-cxhy-510g 1 416 919 485 1149
wdm-cxhy-510g 1 477 920 545 1136
wdm-cxhy-510g 1 536 919 605 1134
wdm-cxhy-510g 1 594 922 663 1139
wdm-cxhy-510g 1 653 920 722 1139
