cbl-lyxdbj-300g 1 373 921 514 1039
cbl-lyxdbj-300g 1 497 944 623 1059
cbl-lyxdbj-300g 1 500 1030 623 1139
cbl-lyxdbj-500g 1 608 936 744 1059
cbl-lyxdbj-500g 1 614 1033 741 1147
cbl-lyxdbj-500g 1 729 956 853 1068
cbl-lyxdbj-500g 1 829 974 958 1086
cbl-lyxdbj-500g 1 832 1059 956 1171
cbl-lyxdbj-800g 1 944 1071 1070 1189
cbl-hdj-900g 1 1044 1006 1150 1200
cbl-hdj-900g 1 1135 1018 1229 1203
cbl-hdj-900g 1 1211 1030 1308 1212
cbl-lhdj-900g 1 1291 1036 1379 1212
cbl-lhdj-900g 1 1361 1047 1453 1224
cbl-lhdj-900g 1 1435 1056 1520 1239
cbl-lhdj-900g 1 1511 1062 1594 1244
wdm-btlcjy-500ml 1 317 1236 432 1536
wdm-btlcjy-500ml 1 406 1250 514 1539
wdm-btlcjy-500ml 1 500 1262 600 1539
wdm-btlcjy-500ml 1 582 1268 679 1544
wdm-btlcjy-500ml 1 661 1271 753 1559
wdm-spjbsc-500ml 1 747 1268 838 1556
wdm-spjbsc-500ml 1 826 1268 908 1559
wdm-spjbsc-500ml 1 897 1280 982 1559
wdm-spjbsc-500ml 1 964 1286 1041 1559
wdm-cxmc-460ml 1 1029 1283 1108 1574
wdm-cxmc-460ml 1 1097 1283 1173 1559
wdm-qxmc-460ml 1 1156 1286 1229 1568
wdm-qxmc-460ml 1 1217 1294 1288 1574
wdm-qxmc-460ml 1 1270 1297 1341 1586
wdm-zphy-510g 1 1329 1321 1394 1571
wdm-zphy-510g 1 1382 1324 1450 1571
wdm-cxhy-510g 1 1435 1333 1500 1577
wdm-cxhy-510g 1 1485 1327 1547 1580
wdm-btlcjy-1L 1 279 1627 420 1974
wdm-btlcjy-1L 1 397 1630 520 1980
wdm-btlcjy-1L 1 503 1630 614 1977
wdm-btlcjy-1L 1 585 1636 703 1971
wdm-wjxjy-1L 1 691 1636 800 1962
wdm-wjxjy-1L 1 788 1641 885 1971
wdm-wjxjy-1L 1 876 1636 973 1950
wdm-wjxjy-1L 1 961 1641 1058 1959
wdm-wjxjy-800ml 1 1044 1627 1129 1959
wdm-wjxjy-800ml 1 1114 1636 1200 1950
wdm-wjxjy-800ml 1 1191 1630 1273 1959
wdm-wjxjy-800ml 1 1267 1633 1335 1950
wdm-wjxjy-500ml 1 1335 1674 1406 1950
wdm-wjxjy-500ml 1 1400 1674 1473 1939
wdm-wjxjy-500ml 1 1453 1680 1529 1936
wdm-wjxjy-500ml 1 1520 1677 1585 1927
wdm-wjxjy-1.3L 1 226 2062 376 2459
wdm-wjxjy-1.3L 1 367 2050 508 2436
wdm-wjxjy-1.3L 1 494 2059 635 2418
wdm-wjxjy-1.3L 1 620 2053 747 2394
wdm-wjxjy-1.3L 1 735 2041 870 2391
wdm-wjxjy-1.3L 1 850 2039 970 2368
wdm-spjbsc-1.3L 1 964 2030 1076 2350
wdm-spjbsc-1.3L 1 1061 2024 1176 2347
wdm-spjbsc-1.8L 1 1167 1997 1282 2324
wdm-spjbsc-1.8L 1 1273 1991 1388 2318
wdm-spjbsc-1.8L 1 1376 1983 1485 2306
wdm-spjbsc-1.8L 1 1473 1977 1594 2297
wdm-spjbsc-1.8L 1 1573 1971 1673 2294
