wdm-wjxjy-1.3L 1 270 574 482 1044
wdm-wjxjy-1.3L 1 397 559 597 1056
wdm-wjxjy-800ml 1 500 491 697 1056
wdm-wjxjy-800ml 1 626 474 817 1059
wdm-wjxjy-800ml 1 747 456 920 1059
wdm-wjxjy-800ml 1 879 436 1050 1050
wdm-wjxjy-800ml 1 1014 412 1194 1080
wdm-wjxjy-500ml 1 1170 500 1344 1091
wdm-wjxjy-500ml 1 1317 474 1494 1091
wdm-wjxjy-500ml 1 1482 459 1661 1091
wdm-wjxjy-500ml 1 1656 433 1835 1109
wdm-btlcjy-500ml 1 438 1133 582 1512
wdm-btlcjy-500ml 1 526 1144 667 1524
wdm-btlcjy-500ml 1 617 1139 744 1539
wdm-btlcjy-500ml 1 700 1153 841 1553
wdm-cxmc-460ml 1 797 1136 923 1571
wdm-cxmc-460ml 1 879 1141 1020 1594
wdm-cxhy-510g 1 985 1174 1117 1615
wdm-cxhy-510g 1 1094 1183 1220 1647
wdm-cxhy-510g 1 1194 1180 1335 1665
wdm-cxhy-510g 1 1303 1197 1450 1680
wdm-zphy-510g 1 1432 1206 1576 1718
wdm-zphy-510g 1 1561 1224 1711 1744
wdm-zphy-510g 1 1697 1233 1832 1774
wdm-cxmc-460ml 1 520 1583 650 1912
wdm-cxmc-460ml 1 603 1594 726 1930
wdm-qxmc-460ml 1 673 1606 791 1959
wdm-qxmc-460ml 1 741 1627 873 1991
wdm-qxmc-460ml 1 829 1647 961 2030
wdm-qxmc-460ml 1 923 1662 1047 2047
wdm-qxmc-460ml 1 1008 1689 1147 2091
wdm-spjbsc-500ml 1 1117 1721 1247 2109
wdm-spjbsc-500ml 1 1223 1741 1358 2136
wdm-spjbsc-500ml 1 1335 1765 1470 2171
wdm-spjbsc-500ml 1 1447 1791 1582 2233
wdm-spjbsc-500ml 1 1567 1827 1714 2274
wdm-spjbsc-500ml 1 1703 1862 1826 2318
cbl-lyxdbj-800g 1 1044 2153 1244 2368
