lyx-tjyzjy-160ml 1 564 68 631 293
lyx-tjyzjy-500ml 1 485 330 554 558
lyx-tjyzjy-500ml 1 547 331 616 562
wdm-wjxjy-1L 1 683 39 758 285
lyx-tjjy-500ml 1 562 851 627 1060
lyx-tjjy-500ml 1 618 847 691 1060
lyx-hsjy-500ml 1 597 1097 664 1312
lyx-hsjy-500ml 1 654 1097 723 1308
lyx-hsjy-500ml 1 712 1093 777 1310
lyx-tjjy-1L 1 485 1355 556 1578
lyx-tjjy-1L 1 548 1351 622 1574
lyx-hsjy-1L 1 610 1345 681 1570
lyx-hsjy-1L 1 673 1349 747 1568
wdm-wjxjy-1L 1 735 1341 816 1570
wdm-wjxjy-1L 1 804 1339 875 1568
