cbl-lyxdbj-800g 1 496 1180 758 1400
cbl-lyxdbj-800g 1 514 1291 770 1515
cbl-lyxdbj-800g 1 743 1086 967 1300
cbl-lyxdbj-500g 1 729 1212 967 1415
cbl-lyxdbj-500g 1 940 1030 1126 1224
cbl-lyxdbj-500g 1 940 1153 1123 1330
cbl-lyxdbj-500g 1 1111 968 1279 1147
cbl-lyxdbj-500g 1 1255 915 1426 1089
cbl-lyxdbj-300g 1 1399 871 1540 1030
cbl-lyxdbj-300g 1 1508 809 1667 971
cbl-hdj-900g 1 402 1691 596 1977
cbl-hdj-900g 1 543 1621 726 1903
cbl-hdj-900g 1 685 1544 852 1833
cbl-hdj-900g 1 799 1474 961 1759
cbl-hdj-900g 1 935 1430 1079 1712
cbl-lhdj-900g 1 1073 1356 1238 1624
