wdm-zphy-510g 1 495 1 577 256
wdm-zphy-510g 1 570 1 654 256
wdm-zphy-510g 1 652 1 729 260
wdm-zphy-510g 1 720 1 798 260
wdm-zphy-510g 1 793 1 875 262
wdm-zphy-510g 1 445 1035 525 1324
wdm-zphy-510g 1 520 1030 606 1324
wdm-zphy-510g 1 598 1031 677 1320
wdm-zphy-510g 1 677 1030 758 1322
wdm-cxhy-510g 1 445 699 535 972
wdm-cxhy-510g 1 525 701 612 974
wdm-cxhy-510g 1 610 699 697 970
wdm-cxhy-510g 1 691 705 783 974
wdm-cxhy-510g 1 460 1376 535 1620
wdm-cxhy-510g 1 527 1374 602 1628
wdm-cxhy-510g 1 598 1387 675 1628
wdm-cxhy-510g 1 670 1383 752 1628
