wdm-btlcjy-500ml 1 283 227 429 690
wdm-btlcjy-500ml 1 412 222 561 692
wdm-btlcjy-500ml 1 542 222 685 692
wdm-wjxjy-800ml 1 671 139 829 695
wdm-wjxjy-800ml 1 810 141 981 692
wdm-wjxjy-800ml 1 959 136 1105 692
wdm-wjxjy-800ml 1 1100 131 1259 692
wdm-wjxjy-800ml 1 1244 134 1395 690
wdm-wjxjy-800ml 1 1383 127 1546 685
cbl-lyxdbj-300g 1 259 1029 446 1200
cbl-lyxdbj-300g 1 293 875 481 1036
cbl-lyxdbj-300g 1 466 873 642 1022
cbl-lyxdbj-300g 1 434 1024 615 1190
cbl-lyxdbj-300g 1 629 870 805 1027
cbl-lyxdbj-300g 1 598 1022 785 1205
cbl-lyxdbj-300g 1 795 868 956 1022
cbl-lyxdbj-300g 1 776 1027 956 1200
cbl-lyxdbj-300g 1 946 1024 1129 1205
cbl-lyxdbj-300g 1 949 870 1112 1031
cbl-lyxdbj-300g 1 1110 868 1281 1029
cbl-lyxdbj-300g 1 1115 1024 1305 1195
cbl-lyxdbj-300g 1 1271 875 1454 1031
cbl-lyxdbj-300g 1 1288 1024 1481 1205
