wdm-zphy-510g 1 90 336 182 647
wdm-zphy-510g 1 170 339 258 650
wdm-zphy-510g 1 246 344 335 659
wdm-zphy-510g 1 326 353 411 650
wdm-wjxjy-500ml 1 402 330 499 653
wdm-wjxjy-500ml 1 490 336 590 662
wdm-wjxjy-500ml 1 585 356 682 665
wdm-wjxjy-500ml 1 673 356 764 662
wdm-btlcjy-500ml 1 758 309 864 656
wdm-btlcjy-500ml 1 855 321 970 671
wdm-btlcjy-500ml 1 958 330 1067 677
wdm-btlcjy-500ml 1 1058 341 1164 686
lyx-tjyzjy-500ml 1 1152 327 1261 689
lyx-tjyzjy-500ml 1 1240 341 1346 697
lyx-tjyzjy-500ml 1 1332 347 1458 697
wdm-qxmc-460ml 1 1429 339 1532 718
wdm-qxmc-460ml 1 1517 347 1611 730
wdm-qxmc-460ml 1 1599 359 1690 724
wdm-qxmc-460ml 1 1679 365 1770 736
wdm-zphy-510g 1 64 721 179 1112
wdm-zphy-510g 1 167 730 273 1115
wdm-zphy-510g 1 261 741 364 1115
wdm-wjxjy-500ml 1 358 753 476 1130
wdm-wjxjy-500ml 1 470 753 582 1124
wdm-wjxjy-500ml 1 567 756 679 1118
wdm-wjxjy-500ml 1 673 762 779 1130
wdm-wjxjy-500ml 1 770 768 876 1121
wdm-wjxjy-500ml 1 873 765 979 1133
wdm-spjbsc-500ml 1 970 762 1070 1136
wdm-spjbsc-500ml 1 1061 759 1164 1136
wdm-spjbsc-500ml 1 1152 765 1246 1130
wdm-spjbsc-500ml 1 1238 771 1338 1139
wdm-cxmc-460ml 1 1329 759 1414 1127
wdm-cxmc-460ml 1 1405 759 1505 1124
wdm-cxmc-460ml 1 1496 768 1588 1127
wdm-cxmc-460ml 1 1576 771 1664 1127
wdm-cxmc-460ml 1 1652 774 1740 1127
wdm-cxhy-510g 1 90 1174 196 1539
wdm-cxhy-510g 1 182 1177 285 1544
wdm-cxhy-510g 1 273 1180 376 1544
wdm-wjxjy-800ml 1 361 1168 488 1541
wdm-wjxjy-800ml 1 473 1171 602 1550
wdm-wjxjy-800ml 1 588 1162 705 1536
wdm-wjxjy-800ml 1 699 1171 814 1541
wdm-wjxjy-800ml 1 414 1600 538 2012
wdm-wjxjy-800ml 1 529 1594 658 2006
wdm-wjxjy-800ml 1 649 1591 776 1991
wdm-wjxjy-800ml 1 764 1577 890 1986
lyx-tjjy-500ml 1 820 1165 929 1539
lyx-tjjy-500ml 1 920 1174 1029 1530
wdm-btlcjy-1L 1 1017 1177 1135 1521
wdm-btlcjy-1L 1 1126 1174 1246 1521
wdm-btlcjy-1L 1 1232 1171 1343 1524
wdm-cxmc-1.3L 1 1332 1174 1464 1512
wdm-cxmc-1.3L 1 1455 1174 1593 1518
wdm-cxmc-1.3L 1 1576 1174 1711 1515
wdm-zplj-450ml 1 117 1630 232 2018
wdm-zplj-450ml 1 214 1641 320 2012
wdm-zplj-450ml 1 308 1641 417 2015
wdm-wjxjy-1L 1 876 1606 996 1980
wdm-wjxjy-1L 1 988 1597 1099 1977
wdm-wjxjy-1L 1 1088 1597 1202 1965
wdm-wjxjy-1L 1 1193 1600 1311 1965
wdm-spjbsc-1.3L 1 1296 1600 1440 1941
wdm-spjbsc-1.3L 1 1417 1594 1558 1939
wdm-spjbsc-1.3L 1 1540 1591 1690 1941
wdm-wjxjy-1.3L 1 164 2080 326 2456
wdm-wjxjy-1.3L 1 311 2077 470 2459
wdm-wjxjy-1.3L 1 452 2068 599 2441
wdm-wjxjy-1.3L 1 588 2056 740 2424
wdm-wjxjy-1.8L 1 729 2041 899 2409
wdm-wjxjy-1.8L 1 888 2030 1055 2389
wdm-wjxjy-1.8L 1 1035 2012 1202 2380
wdm-spjbsc-1.3L 1 1179 2000 1343 2368
wdm-spsc-2L 1 1326 2003 1482 2347
wdm-spsc-2L 1 1464 1989 1626 2336
