wdm-wjxjy-800ml 1 188 120 250 323
wdm-wjxjy-800ml 1 245 122 308 329
wdm-wjxjy-800ml 1 300 126 359 331
wdm-wjxjy-800ml 1 353 132 408 336
wdm-wjxjy-800ml 1 405 139 457 343
wdm-wjxjy-800ml 1 453 143 505 342
wdm-wjxjy-800ml 1 502 145 554 346
wdm-wjxjy-800ml 1 548 148 602 345
wdm-wjxjy-800ml 1 343 349 406 549
wdm-wjxjy-800ml 1 402 359 463 551
wdm-wjxjy-800ml 1 462 360 523 548
wdm-wjxjy-800ml 1 525 362 590 546
wdm-wjxjy-800ml 1 582 362 645 542
wdm-wjxjy-800ml 1 633 369 691 542
wdm-wjxjy-800ml 1 680 372 737 543
wdm-wjxjy-800ml 1 725 371 794 543
wdm-wjxjy-800ml 1 782 372 845 548
wdm-wjxjy-800ml 1 439 574 497 723
wdm-wjxjy-800ml 1 493 572 551 719
wdm-wjxjy-800ml 1 542 571 602 716
wdm-wjxjy-800ml 1 593 569 651 714
wdm-wjxjy-800ml 1 643 569 697 719
wdm-wjxjy-800ml 1 686 566 736 716
wdm-wjxjy-800ml 1 725 566 783 716
wdm-wjxjy-800ml 1 770 568 826 714
wdm-wjxjy-1L 1 163 368 234 546
wdm-wjxjy-1L 1 225 369 291 549
wdm-wjxjy-1L 1 282 368 348 554
wdm-wjxjy-1L 1 274 572 333 729
wdm-wjxjy-1L 1 330 569 385 725
wdm-wjxjy-1L 1 379 571 433 719
wdm-wjxjy-2L 1 299 752 373 885
wdm-wjxjy-2L 1 368 745 439 877
wdm-wjxjy-2L 1 433 749 502 874
wdm-wjxjy-2L 1 497 746 560 874
wdm-wjxjy-2L 1 551 739 617 866
wdm-wjxjy-2L 1 610 737 670 866
wdm-wjxjy-2L 1 665 740 726 862
wdm-wjxjy-2L 1 719 734 790 859
wdm-wjxjy-2L 1 308 911 379 1071
wdm-wjxjy-2L 1 371 903 443 1065
wdm-wjxjy-2L 1 437 911 506 1065
wdm-wjxjy-2L 1 499 899 560 1045
wdm-wjxjy-2L 1 553 917 616 1059
wdm-wjxjy-2L 1 608 912 673 1049
wdm-wjxjy-2L 1 663 903 719 1040
wdm-wjxjy-2L 1 713 899 783 1039
