lyx-tjjy-500ml 1 340 347 420 630
lyx-tjjy-500ml 1 405 344 479 618
lyx-tjjy-500ml 1 470 347 540 609
wdm-spjbsc-500ml 1 523 347 585 603
wdm-spjbsc-500ml 1 577 349 636 593
wdm-spjbsc-500ml 1 630 352 683 587
wdm-wjxjy-500ml 1 668 360 730 577
wdm-wjxjy-500ml 1 474 40 542 300
wdm-wjxjy-500ml 1 536 50 593 303
wdm-wjxjy-500ml 1 580 63 634 304
wdm-wjxjy-800ml 1 457 644 530 863
wdm-wjxjy-800ml 1 517 637 586 852
wdm-wjxjy-800ml 1 577 629 642 818
wdm-wjxjy-2L 1 626 615 700 804
wdm-spjbsc-1.3L 1 400 900 480 1089
wdm-spjbsc-1.3L 1 476 881 551 1057
wdm-wjxjy-1.3L 1 540 860 619 1029
wdm-wjxjy-1.3L 1 614 841 686 995
wdm-spjbsc-1.3L 1 431 1101 516 1289
wdm-btlcjy-800ml 1 623 37 688 304
wdm-btlcjy-800ml 1 677 53 731 312
wdm-btlcjy-800ml 1 720 61 776 313
