cbl-lyxdbj-800g 1 497 244 661 427
cbl-lyxdbj-800g 1 500 397 664 586
cbl-lyxdbj-800g 1 511 556 658 739
cbl-lyxdbj-300g 1 785 165 955 342
cbl-lyxdbj-300g 1 773 318 953 494
cbl-lyxdbj-300g 1 758 453 953 630
cbl-lyxdbj-300g 1 761 589 932 762
cbl-lyxtmj-300g 1 914 153 1141 330
cbl-lyxtmj-300g 1 914 300 1132 494
cbl-lyxtmj-300g 1 905 447 1114 633
cbl-lyxtmj-300g 1 903 597 1108 783
cbl-lyxtmj-800g 1 626 230 826 424
cbl-lyxtmj-800g 1 632 403 803 589
cbl-lyxtmj-800g 1 632 565 803 750
wdm-zphy-510g 1 514 847 605 1206
wdm-zphy-510g 1 576 859 682 1215
wdm-cxhy-510g 1 653 886 747 1247
wdm-cxhy-510g 1 714 889 817 1262
wdm-btlcjy-1L 1 711 1333 838 1712
wdm-btlcjy-1L 1 803 1383 941 1759
wdm-btlcjy-1L 1 897 1409 1026 1812
wdm-btlcjy-500ml 1 979 1486 1103 1856
wdm-btlcjy-500ml 1 1055 1524 1197 1918
wdm-spjbsc-1.3L 1 450 1265 567 1583
wdm-spjbsc-1.3L 1 376 1239 508 1550
wdm-cxmc-1.3L 1 517 1292 658 1639
wdm-cxmc-1.3L 1 614 1324 753 1671
wdm-wjxjy-500ml 1 1344 1006 1514 1468
wdm-wjxjy-500ml 1 1464 1018 1653 1512
wdm-wjxjy-800ml 1 1147 1497 1297 1944
wdm-wjxjy-800ml 1 1235 1539 1411 2024
wdm-wjxjy-800ml 1 1355 1589 1538 2083
lyx-tjjy-500ml 1 926 915 1058 1344
lyx-tjjy-500ml 1 1017 933 1185 1365
lyx-hsjy-500ml 1 779 892 900 1283
lyx-hsjy-500ml 1 853 906 982 1309
lyx-tjyzjy-500ml 1 1126 947 1273 1397
lyx-tjyzjy-500ml 1 1229 968 1400 1442
