wdm-wjxjy-500ml 1 139 116 204 339
wdm-wjxjy-500ml 1 198 114 264 343
wdm-wjxjy-500ml 1 260 112 329 341
wdm-wjxjy-500ml 1 162 370 227 589
wdm-wjxjy-500ml 1 220 374 289 599
lyx-tjjy-500ml 1 356 103 429 347
lyx-tjjy-500ml 1 423 101 491 347
lyx-tjjy-500ml 1 504 105 568 351
lyx-tjjy-500ml 1 566 105 635 353
lyx-tjjy-500ml 1 643 106 712 345
lyx-tjjy-500ml 1 712 108 781 353
lyx-tjjy-500ml 1 781 105 852 353
lyx-tjjy-500ml 1 866 106 937 351
lyx-tjjy-500ml 1 950 105 1033 355
lyx-tjjy-500ml 1 458 376 531 595
lyx-tjjy-500ml 1 525 374 595 597
lyx-tjjy-500ml 1 589 376 658 603
lyx-tjjy-500ml 1 650 376 716 605
wdm-wjxjy-800ml 1 141 633 218 878
wdm-wjxjy-800ml 1 204 630 277 885
wdm-wjxjy-800ml 1 270 641 341 880
wdm-wjxjy-800ml 1 331 633 402 887
wdm-wjxjy-800ml 1 395 643 464 891
wdm-wjxjy-800ml 1 162 903 239 1126
wdm-wjxjy-800ml 1 233 906 306 1126
wdm-wjxjy-800ml 1 302 903 379 1133
wdm-wjxjy-800ml 1 372 910 447 1131
wdm-wjxjy-800ml 1 441 910 520 1135
wdm-wjxjy-800ml 1 512 916 587 1143
wdm-wjxjy-500ml 1 281 380 347 599
wdm-wjxjy-500ml 1 343 374 406 597
wdm-wjxjy-500ml 1 400 378 466 599
wdm-cxhy-510g 1 456 674 514 889
wdm-zphy-510g 1 510 674 564 891
wdm-zphy-510g 1 560 678 616 891
wdm-zphy-510g 1 610 680 668 891
wdm-zphy-510g 1 664 683 714 885
wdm-zplj-450ml 1 714 670 773 887
wdm-zplj-450ml 1 766 672 822 895
wdm-zplj-450ml 1 812 668 877 899
wdm-cxmc-460ml 1 870 674 931 897
wdm-cxmc-460ml 1 923 674 981 901
wdm-cxmc-460ml 1 977 676 1039 901
wdm-cxmc-460ml 1 1031 680 1093 903
wdm-cxmc-460ml 1 1089 683 1150 910
lyx-tjyzjy-500ml 1 723 380 795 605
lyx-tjyzjy-500ml 1 791 381 864 610
lyx-tjyzjy-500ml 1 883 383 952 612
lyx-tjyzjy-500ml 1 952 381 1020 612
lyx-tjyzjy-500ml 1 1018 387 1087 610
lyx-tjyzjy-500ml 1 1081 387 1156 612
wdm-btlcjy-1L 1 579 922 650 1139
wdm-btlcjy-1L 1 647 928 716 1139
wdm-btlcjy-1L 1 710 933 779 1147
wdm-spjbsc-1.3L 1 779 933 866 1149
wdm-spjbsc-1.3L 1 862 937 952 1153
wdm-spjbsc-1.3L 1 950 933 1037 1156
wdm-spjbsc-1.3L 1 1031 939 1125 1158
wdm-spjbsc-1.3L 1 1000 1220 1110 1460
wdm-spjbsc-1.3L 1 908 1201 1008 1431
wdm-spjbsc-1.3L 1 816 1206 918 1441
wdm-wjxjy-1.8L 1 631 1208 725 1426
wdm-wjxjy-1.8L 1 722 1197 820 1439
wdm-wjxjy-1.8L 1 529 1199 610 1414
wdm-wjxjy-1.8L 1 450 1197 535 1410
wdm-wjxjy-1.8L 1 356 1193 441 1408
wdm-wjxjy-1.8L 1 277 1185 364 1397
wdm-wjxjy-1.8L 1 197 1187 285 1397
