wdm-cxhy-510g 1 299 439 408 783
wdm-cxhy-510g 1 390 447 488 786
wdm-cxhy-510g 1 479 456 579 791
wdm-cxhy-510g 1 570 456 667 797
wdm-cxhy-510g 1 661 465 749 789
wdm-wjxjy-800ml 1 61 1012 193 1433
wdm-wjxjy-800ml 1 179 1015 305 1433
wdm-wjxjy-800ml 1 290 1021 417 1427
wdm-wjxjy-800ml 1 402 1021 529 1421
wdm-wjxjy-800ml 1 514 1024 632 1436
wdm-wjxjy-800ml 1 620 1024 740 1424
wdm-wjxjy-800ml 1 723 1024 846 1433
wdm-wjxjy-800ml 1 829 1027 943 1421
wdm-wjxjy-800ml 1 929 1021 1046 1415
cbl-lyxdbj-300g 1 1214 1183 1358 1309
cbl-lyxdbj-300g 1 1223 1289 1364 1412
cbl-lyxdbj-300g 1 1346 1189 1493 1315
cbl-lyxdbj-300g 1 1352 1291 1482 1409
cbl-lyxdbj-300g 1 1473 1197 1611 1312
cbl-lyxdbj-300g 1 1482 1297 1614 1415
cbl-lyxdbj-300g 1 1602 1200 1749 1318
cbl-lyxdbj-300g 1 1602 1294 1746 1409
