wdm-wjxjy-1L 1 1522 685 1618 891
wdm-wjxjy-1L 1 1464 681 1558 893
wdm-wjxjy-1L 1 1410 675 1501 889
wdm-wjxjy-800ml 1 1358 675 1445 891
wdm-wjxjy-800ml 1 1295 664 1383 883
wdm-wjxjy-800ml 1 1243 664 1324 893
wdm-wjxjy-500ml 1 1193 697 1262 887
wdm-wjxjy-500ml 1 1145 691 1212 895
wdm-wjxjy-500ml 1 1089 691 1164 897
cbl-lyxdbj-300g 1 564 683 668 777
cbl-lyxdbj-300g 1 564 747 662 831
cbl-lyxdbj-300g 1 560 802 664 891
cbl-lyxdbj-300g 1 664 683 764 777
cbl-lyxdbj-300g 1 662 750 758 831
cbl-lyxdbj-300g 1 662 806 753 891
cbl-lyxdbj-500g 1 745 729 841 831
cbl-lyxdbj-500g 1 745 795 841 899
cbl-lyxdbj-500g 1 833 727 929 833
cbl-lyxdbj-500g 1 831 799 926 899
cbl-lyxdbj-800g 1 914 718 1029 829
cbl-lyxdbj-800g 1 914 799 1018 895
cbl-lyxdbj-800g 1 1012 720 1124 827
cbl-lyxdbj-800g 1 999 781 1110 897
cbl-lyxdbj-300g 1 578 577 674 654
wdm-wjxjy-1.3L 1 701 1075 795 1289
wdm-wjxjy-1.3L 1 781 1074 878 1289
wdm-wjxjy-1.3L 1 866 1074 962 1281
wdm-wjxjy-1.3L 1 943 1070 1041 1277
