cbl-lyxdbj-300g 1 344 1503 529 1697
wdm-wjxjy-800ml 1 567 744 717 1239
wdm-wjxjy-800ml 1 700 756 832 1244
wdm-wjxjy-800ml 1 585 100 729 647
wdm-wjxjy-800ml 1 708 97 879 650
wdm-wjxjy-800ml 1 858 103 1014 653
wdm-wjxjy-500ml 1 444 183 597 650
wdm-wjxjy-500ml 1 329 189 476 662
wdm-wjxjy-1L 1 829 780 967 1250
wdm-wjxjy-1L 1 953 768 1103 1247
wdm-wjxjy-1L 1 1000 150 1150 653
wdm-wjxjy-1L 1 1135 156 1294 647
wdm-wjxjy-1L 1 1261 159 1423 639
wdm-wjxjy-1L 1 1388 150 1564 650
wdm-wjxjy-1.3L 1 1088 800 1270 1250
wdm-wjxjy-1.3L 1 1255 789 1429 1244
wdm-wjxjy-1.3L 1 1417 797 1600 1227
