wdm-wjxjy-1L 1 350 244 605 980
wdm-wjxjy-1L 1 553 327 720 1009
wdm-wjxjy-1L 1 694 389 853 1024
wdm-wjxjy-1L 1 814 442 955 1039
wdm-wjxjy-1L 1 920 503 1061 1027
wdm-wjxjy-1L 1 1020 533 1138 1044
wdm-wjxjy-800ml 1 1082 565 1185 1050
wdm-wjxjy-800ml 1 1150 615 1276 1056
wdm-wjxjy-800ml 1 1244 642 1350 1080
wdm-wjxjy-800ml 1 1311 668 1405 1068
wdm-wjxjy-800ml 1 1367 686 1455 1068
wdm-wjxjy-800ml 1 1420 706 1500 1080
wdm-wjxjy-800ml 1 526 1868 688 2459
wdm-wjxjy-800ml 1 647 1827 797 2400
wdm-wjxjy-800ml 1 764 1794 885 2324
wdm-wjxjy-800ml 1 853 1753 979 2274
wdm-wjxjy-800ml 1 941 1742 1038 2212
wdm-wjxjy-800ml 1 1014 1721 1114 2162
wdm-wjxjy-800ml 1 1350 1586 1458 1939
wdm-wjxjy-500ml 1 420 1974 558 2550
wdm-wjxjy-500ml 1 303 2027 450 2560
wdm-wjxjy-500ml 1 135 2094 323 2560
wdm-wjxjy-1.8L 1 982 1144 1132 1650
wdm-wjxjy-1.8L 1 1091 1142 1229 1615
wdm-wjxjy-1.8L 1 1176 1144 1317 1592
wdm-wjxjy-1.8L 1 1276 1153 1447 1571
wdm-wjxjy-1.8L 1 1073 1689 1173 2115
wdm-wjxjy-1.8L 1 1123 1668 1253 2053
wdm-wjxjy-1.8L 1 1214 1644 1317 2000
wdm-wjxjy-1.8L 1 1279 1618 1379 1965
wdm-cxhy-510g 1 541 1203 679 1774
wdm-cxhy-510g 1 647 1212 794 1733
wdm-cxmc-460ml 1 755 1171 879 1703
wdm-cxmc-460ml 1 847 1174 961 1700
wdm-cxmc-460ml 1 929 1180 1032 1671
wdm-zphy-510g 1 414 1209 570 1827
wdm-zphy-510g 1 264 1206 453 1865
