wdm-wjxjy-1.3L 1 385 33 528 381
wdm-wjxjy-1.3L 1 506 68 624 387
wdm-wjxjy-1.3L 1 595 91 712 395
wdm-wjxjy-800ml 1 683 102 754 393
wdm-wjxjy-800ml 1 739 120 814 408
wdm-wjxjy-800ml 1 795 137 868 414
wdm-wjxjy-800ml 1 849 152 912 416
wdm-wjxjy-500ml 1 893 199 953 424
wdm-wjxjy-500ml 1 939 210 993 420
wdm-cxmc-460ml 1 976 214 1043 424
wdm-cxmc-460ml 1 1026 222 1083 429
wdm-qxmc-460ml 1 1062 231 1104 427
wdm-qxmc-460ml 1 1083 237 1118 437
wdm-spjbsc-500ml 1 1122 258 1178 441
wdm-spjbsc-500ml 1 872 479 937 677
wdm-spjbsc-500ml 1 910 481 972 672
wdm-spjbsc-1.3L 1 968 470 1039 664
wdm-wjxjy-1L 1 1016 472 1087 660
wdm-wjxjy-1L 1 1072 456 1126 656
wdm-wjxjy-1L 1 1110 472 1164 652
wdm-wjxjy-1L 1 1147 470 1187 645
wdm-wjxjy-1L 1 1176 468 1212 639
wdm-wjxjy-1L 1 1195 468 1239 639
wdm-wjxjy-1.8L 1 833 749 929 970
wdm-wjxjy-1.8L 1 904 743 987 954
wdm-wjxjy-800ml 1 968 731 1028 939
wdm-wjxjy-800ml 1 1006 733 1056 924
wdm-wjxjy-800ml 1 1041 727 1081 918
wdm-wjxjy-800ml 1 1060 718 1110 900
wdm-wjxjy-800ml 1 1095 714 1129 895
wdm-wjxjy-800ml 1 1122 706 1160 885
wdm-wjxjy-800ml 1 1162 699 1199 864
wdm-wjxjy-800ml 1 1181 693 1229 868
cbl-lyxdbj-300g 1 910 1037 981 1125
cbl-lyxdbj-300g 1 953 1025 1020 1112
cbl-lyxdbj-300g 1 993 1010 1058 1099
