wdm-cxmc-460ml 1 737 9 800 239
wdm-cxmc-460ml 1 781 12 846 239
wdm-cxmc-460ml 1 807 253 859 458
wdm-cxmc-460ml 1 846 258 903 461
wdm-cxmc-460ml 1 888 258 942 463
wdm-cxhy-510g 1 1095 273 1149 466
wdm-cxhy-510g 1 1139 278 1181 461
wdm-cxhy-510g 1 1171 280 1215 453
wdm-cxhy-510g 1 1205 280 1249 449
wdm-qxmc-460ml 1 659 246 720 463
wdm-qxmc-460ml 1 710 253 766 456
wdm-qxmc-460ml 1 756 249 815 463
wdm-zphy-510g 1 834 31 888 234
wdm-zphy-510g 1 873 34 934 239
wdm-zphy-510g 1 1237 278 1283 451
wdm-zphy-510g 1 1276 278 1312 451
wdm-zphy-510g 1 1305 280 1349 453
wdm-zphy-510g 1 1342 283 1383 449
wdm-spjbsc-500ml 1 929 268 983 463
wdm-spjbsc-500ml 1 973 270 1027 458
wdm-spjbsc-500ml 1 1017 270 1071 461
wdm-spjbsc-500ml 1 1056 266 1110 456
wdm-zplj-450ml 1 642 1 707 231
wdm-zplj-450ml 1 695 1 744 229
wdm-wjxjy-800ml 1 924 9 988 249
wdm-wjxjy-800ml 1 976 17 1037 244
wdm-wjxjy-800ml 1 1024 22 1085 246
wdm-wjxjy-800ml 1 1073 24 1132 244
wdm-wjxjy-800ml 1 1117 31 1168 246
wdm-wjxjy-800ml 1 1159 31 1217 246
wdm-wjxjy-800ml 1 1207 39 1261 246
wdm-wjxjy-800ml 1 1249 41 1307 249
wdm-wjxjy-800ml 1 1293 44 1351 251
wdm-wjxjy-800ml 1 1337 49 1388 244
wdm-btlcjy-500ml 1 681 539 744 724
wdm-btlcjy-500ml 1 732 536 788 719
wdm-btlcjy-500ml 1 783 529 837 717
wdm-btlcjy-500ml 1 824 534 883 707
wdm-zplj-450ml 1 866 517 929 712
wdm-zplj-450ml 1 912 514 968 705
wdm-zplj-450ml 1 954 512 1005 702
wdm-wjxjy-500ml 1 683 795 742 975
wdm-wjxjy-500ml 1 727 788 785 966
wdm-wjxjy-500ml 1 776 783 834 956
wdm-wjxjy-500ml 1 824 775 881 953
wdm-wjxjy-800ml 1 1015 719 1073 909
wdm-wjxjy-800ml 1 1063 712 1124 902
wdm-wjxjy-800ml 1 1110 709 1171 892
wdm-wjxjy-800ml 1 1151 702 1210 880
wdm-wjxjy-800ml 1 1198 695 1261 875
wdm-wjxjy-800ml 1 1244 685 1298 870
wdm-wjxjy-800ml 1 1285 683 1342 858
wdm-wjxjy-800ml 1 1324 680 1385 856
wdm-wjxjy-1L 1 861 749 924 941
wdm-wjxjy-1L 1 910 741 976 936
wdm-wjxjy-1L 1 963 729 1027 924
wdm-cxmc-1.3L 1 1298 888 1356 1041
wdm-cxmc-1.3L 1 1249 897 1312 1056
wdm-cxmc-1.3L 1 1195 907 1261 1061
wdm-wjxjy-1.3L 1 1144 919 1207 1073
wdm-wjxjy-1.3L 1 1093 934 1159 1097
wdm-wjxjy-1.3L 1 1037 939 1107 1107
wdm-wjxjy-1.3L 1 976 946 1046 1122
wdm-wjxjy-1.8L 1 907 958 988 1136
wdm-wjxjy-1.8L 1 842 970 922 1149
wdm-wjxjy-1.8L 1 763 988 851 1175
wdm-wjxjy-1.8L 1 693 997 778 1190
