wdm-wjxjy-1L 1 739 287 784 403
wdm-wjxjy-1L 1 708 283 748 400
wdm-wjxjy-1L 1 676 279 718 396
wdm-wjxjy-1L 1 645 279 684 391
wdm-wjxjy-1L 1 617 279 656 389
wdm-wjxjy-1L 1 581 270 622 383
wdm-wjxjy-1.8L 1 549 271 590 380
wdm-wjxjy-1.8L 1 517 266 561 380
wdm-wjxjy-1.3L 1 484 266 526 369
wdm-wjxjy-1.3L 1 459 261 495 364
wdm-wjxjy-1.3L 1 432 264 470 360
wdm-wjxjy-1.3L 1 407 259 440 359
wdm-wjxjy-1.3L 1 375 252 417 351
lyx-hsjy-500ml 1 372 147 400 248
lyx-hsjy-500ml 1 393 148 417 246
lyx-hsjy-500ml 1 412 147 436 250
lyx-hsjy-500ml 1 432 148 453 250
lyx-hsjy-500ml 1 450 147 480 256
wdm-spjbsc-500ml 1 470 147 497 257
wdm-spjbsc-500ml 1 490 150 517 256
wdm-spjbsc-500ml 1 509 147 535 259
wdm-spjbsc-500ml 1 530 150 557 259
wdm-cxmc-460ml 1 552 144 575 260
wdm-cxmc-460ml 1 568 143 599 265
wdm-cxmc-460ml 1 591 144 620 262
wdm-cxmc-460ml 1 613 143 640 265
wdm-cxhy-510g 1 636 146 665 267
wdm-cxhy-510g 1 659 146 690 266
wdm-cxhy-510g 1 682 146 708 267
wdm-cxhy-510g 1 700 143 731 271
cbl-lyxdbj-300g 1 721 185 763 233
cbl-lyxdbj-300g 1 718 225 765 275
cbl-lyxdbj-300g 1 756 189 809 238
cbl-lyxdbj-300g 1 759 229 807 279
cbl-lyxtmj-300g 1 803 188 856 239
cbl-lyxtmj-300g 1 802 232 854 280
cbl-lyxtmj-300g 1 850 191 904 241
cbl-lyxtmj-300g 1 845 234 903 282
cbl-lyxdbj-500g 1 898 183 958 237
cbl-lyxdbj-500g 1 897 228 959 285
cbl-lyxdbj-800g 1 952 175 1031 238
cbl-lyxdbj-800g 1 953 229 1029 292
cbl-lyxdbj-800g 1 1022 174 1111 241
cbl-lyxdbj-800g 1 1015 230 1100 303
