wdm-spjbsc-500ml 1 1210 533 1322 777
wdm-spjbsc-500ml 1 1276 529 1391 774
wdm-btlcjy-1L 1 493 470 606 785
wdm-btlcjy-1L 1 593 481 697 777
wdm-btlcjy-1L 1 683 487 789 785
wdm-wjxjy-1.3L 1 1008 516 1147 785
wdm-wjxjy-1.3L 1 1103 512 1245 781
wdm-wjxjy-1L 1 1339 497 1464 760
wdm-wjxjy-1L 1 1408 504 1551 756
wdm-wjxjy-800ml 1 916 491 1024 789
wdm-wjxjy-800ml 1 837 475 947 785
wdm-wjxjy-800ml 1 758 475 876 800
wdm-wjxjy-500ml 1 401 506 501 785
wdm-wjxjy-500ml 1 303 502 410 785
cbl-lyxdbj-300g 1 512 979 628 1089
cbl-lyxdbj-300g 1 508 1041 629 1149
cbl-lyxdbj-300g 1 612 972 726 1083
cbl-lyxdbj-300g 1 616 1050 724 1139
cbl-lyxdbj-300g 1 718 981 824 1087
cbl-lyxdbj-300g 1 712 1050 820 1143
cbl-lyxdbj-500g 1 808 962 920 1083
cbl-lyxdbj-500g 1 808 1047 914 1147
cbl-lyxdbj-500g 1 899 950 1014 1075
cbl-lyxdbj-500g 1 889 1029 1004 1139
cbl-lyxdbj-800g 1 993 935 1120 1068
cbl-lyxdbj-800g 1 987 1020 1106 1135
cbl-lyxdbj-800g 1 1101 924 1229 1066
cbl-lyxdbj-800g 1 1091 1016 1214 1131
