cbl-hdj-900g 1 323 477 447 673
cbl-lhdj-900g 1 401 464 525 668
cbl-lyxtmj-300g 1 497 560 606 664
cbl-lyxtmj-300g 1 660 540 784 653
cbl-lyxdbj-300g 1 582 545 682 658
cbl-lyxdbj-300g 1 590 362 714 471
cbl-lyxdbj-300g 1 612 445 729 551
cbl-lyxljj-500g 1 766 510 901 642
cbl-lyxdbj-500g 1 877 490 1034 631
cbl-lyxdbj-500g 1 953 345 1099 475
wdm-cxmc-460ml 1 360 736 460 984
wdm-spjbsc-500ml 1 414 742 512 986
wdm-btlcjy-500ml 1 479 742 577 992
wdm-wjxjy-1L 1 882 1045 997 1321
wdm-wjxjy-500ml 1 1049 1029 1142 1253
wdm-wjxjy-1.3L 1 895 1336 1006 1592
wdm-wjxjy-1.3L 1 973 1371 1103 1629
wdm-btlcjy-500ml 1 769 1323 862 1534
