wdm-wjxjy-1.3L 1 637 1049 751 1275
wdm-wjxjy-1.3L 1 742 1046 842 1270
wdm-wjxjy-1.3L 1 834 1034 937 1261
wdm-wjxjy-1.3L 1 922 1031 1020 1249
wdm-wjxjy-1.3L 1 1015 1027 1110 1244
wdm-wjxjy-1.3L 1 1100 1017 1203 1234
wdm-wjxjy-1.8L 1 1188 1007 1295 1219
wdm-wjxjy-1.8L 1 1283 1000 1395 1212
wdm-wjxjy-1.8L 1 1383 997 1493 1202
wdm-wjxjy-1.8L 1 1473 988 1583 1185
wdm-wjxjy-1.8L 1 1561 980 1681 1180
wdm-wjxjy-1L 1 1244 714 1322 968
wdm-wjxjy-1L 1 1312 702 1385 951
wdm-wjxjy-1L 1 1376 705 1456 951
wdm-wjxjy-1L 1 1449 705 1524 949
wdm-wjxjy-1L 1 1515 697 1593 951
wdm-wjxjy-1L 1 1583 697 1661 939
wdm-wjxjy-1L 1 468 1095 600 1429
wdm-wjxjy-800ml 1 1168 705 1251 961
wdm-wjxjy-800ml 1 1095 709 1183 975
wdm-wjxjy-800ml 1 1027 709 1103 975
wdm-wjxjy-800ml 1 956 712 1044 988
wdm-wjxjy-800ml 1 883 717 961 990
wdm-wjxjy-800ml 1 800 719 890 997
wdm-wjxjy-800ml 1 717 722 807 1000
wdm-wjxjy-800ml 1 639 731 724 1005
wdm-wjxjy-800ml 1 944 400 1029 670
wdm-wjxjy-800ml 1 1015 402 1100 668
wdm-wjxjy-800ml 1 1085 397 1163 668
wdm-wjxjy-800ml 1 1154 400 1232 663
wdm-wjxjy-800ml 1 1227 397 1303 658
wdm-wjxjy-800ml 1 1298 390 1385 656
wdm-wjxjy-800ml 1 1373 390 1456 653
wdm-wjxjy-500ml 1 588 131 668 392
wdm-wjxjy-500ml 1 654 134 729 385
wdm-wjxjy-500ml 1 720 129 800 380
wdm-zplj-450ml 1 1437 405 1510 649
wdm-zplj-450ml 1 1503 400 1573 644
wdm-zplj-450ml 1 1563 397 1634 641
wdm-zplj-450ml 1 1615 395 1690 636
wdm-zphy-510g 1 1637 124 1695 353
wdm-zphy-510g 1 1583 122 1644 353
wdm-zphy-510g 1 1532 119 1598 358
wdm-cxhy-510g 1 1481 127 1546 363
wdm-cxhy-510g 1 1422 124 1485 363
wdm-cxmc-460ml 1 1359 112 1437 370
wdm-cxmc-460ml 1 1305 114 1363 370
wdm-cxmc-460ml 1 1246 114 1315 370
wdm-qxmc-460ml 1 1185 112 1251 375
wdm-qxmc-460ml 1 1122 112 1198 373
wdm-spjbsc-500ml 1 1061 122 1137 378
wdm-spjbsc-500ml 1 988 122 1066 378
wdm-btlcjy-500ml 1 934 139 1005 373
wdm-btlcjy-500ml 1 861 136 939 383
cbl-hdj-900g 1 856 502 956 673
cbl-hdj-900g 1 778 505 876 678
cbl-hdj-900g 1 690 495 693 534
cbl-hdj-900g 1 600 505 707 680
cbl-hdj-900g 1 512 500 627 678
cbl-hdj-900g 1 422 500 537 683
