cbl-lyxdbj-800g 1 517 1059 696 1236
cbl-lyxdbj-800g 1 696 1062 879 1239
cbl-lyxdbj-800g 1 861 1056 1040 1239
cbl-lyxdbj-800g 1 552 1339 726 1515
cbl-lyxdbj-800g 1 720 1333 893 1506
cbl-lyxdbj-300g 1 1029 1100 1173 1227
cbl-lyxdbj-300g 1 1158 1106 1305 1230
cbl-lyxdbj-300g 1 1305 1106 1438 1221
cbl-lyxdbj-300g 1 893 1371 1023 1491
cbl-lyxdbj-300g 1 1020 1371 1158 1494
cbl-lyxdbj-300g 1 1138 1365 1285 1500
cbl-lyxdbj-300g 1 1252 1368 1417 1494
cbl-hdj-900g 1 1399 1277 1543 1486
cbl-hdj-900g 1 1511 1277 1646 1486
cbl-lyxtmj-300g 1 1420 1100 1564 1227
cbl-lyxtmj-300g 1 1379 986 1529 1100
cbl-lyxtmj-300g 1 1514 986 1658 1094
cbl-lyxtmj-300g 1 1555 1094 1693 1221
