wdm-wjxjy-800ml 1 1026 1374 1200 1903
wdm-wjxjy-800ml 1 1167 1327 1317 1862
wdm-wjxjy-800ml 1 1247 1271 1382 1759
wdm-wjxjy-800ml 1 1305 1215 1420 1689
wdm-wjxjy-800ml 1 911 1321 1079 1827
wdm-wjxjy-800ml 1 797 1271 944 1744
wdm-wjxjy-800ml 1 667 1236 820 1692
wdm-wjxjy-800ml 1 520 1174 676 1609
wdm-wjxjy-800ml 1 470 1127 611 1559
wdm-wjxjy-800ml 1 382 1100 508 1512
wdm-wjxjy-800ml 1 294 1077 411 1474
wdm-wjxjy-800ml 1 223 1050 338 1430
wdm-wjxjy-800ml 1 153 1003 270 1392
wdm-wjxjy-1L 1 1361 1189 1482 1627
wdm-wjxjy-1L 1 1447 1150 1558 1562
wdm-wjxjy-1L 1 1497 1106 1597 1497
wdm-wjxjy-1L 1 1561 1071 1664 1453
wdm-wjxjy-1L 1 1629 1036 1726 1424
wdm-wjxjy-800ml 1 1664 986 1753 1353
wdm-wjxjy-800ml 1 1720 939 1835 1294
wdm-wjxjy-1L 1 1300 600 1455 1053
wdm-wjxjy-2L 1 697 618 903 1124
wdm-wjxjy-1.3L 1 591 615 750 1062
wdm-wjxjy-1.3L 1 485 600 635 1033
