cbl-lyxdbj-500g 1 353 877 791 1330
cbl-lyxdbj-500g 1 323 447 735 862
cbl-lyxdbj-500g 1 711 436 1106 839
cbl-lyxdbj-500g 1 391 1162 794 1574
cbl-lyxdbj-500g 1 758 853 1206 1300
cbl-lyxdbj-500g 1 776 1139 1150 1556
cbl-lyxdbj-300g 1 1147 936 1538 1283
cbl-lyxdbj-300g 1 1120 1183 1491 1503
cbl-lyxdbj-300g 1 1373 821 1741 1144
cbl-lyxdbj-300g 1 1441 1144 1806 1486
wdm-wjxjy-800ml 1 253 1733 520 2383
wdm-wjxjy-800ml 1 464 1747 708 2371
wdm-wjxjy-800ml 1 685 1712 911 2327
wdm-wjxjy-800ml 1 888 1683 1108 2294
wdm-wjxjy-800ml 1 1076 1674 1308 2280
wdm-wjxjy-800ml 1 1253 1641 1506 2233
