cbl-hdj-900g 1 656 509 788 762
cbl-hdj-900g 1 776 500 917 765
cbl-lhdj-900g 1 408 506 550 774
cbl-lhdj-900g 1 529 506 676 765
cbl-lyxdbj-500g 1 891 494 1047 647
cbl-lyxdbj-500g 1 897 633 1050 771
cbl-lyxdbj-500g 1 1041 489 1206 647
cbl-lyxdbj-500g 1 1044 630 1188 768
cbl-lyxdbj-300g 1 1194 527 1344 662
cbl-lyxdbj-300g 1 1188 644 1347 768
cbl-lyxdbj-300g 1 1335 521 1497 656
cbl-lyxdbj-300g 1 1488 521 1658 653
cbl-lyxdbj-300g 1 1485 647 1647 765
wdm-btlcjy-500ml 1 447 883 558 1221
wdm-btlcjy-500ml 1 541 889 650 1218
wdm-spjbsc-500ml 1 632 865 741 1227
wdm-spjbsc-500ml 1 726 871 832 1212
wdm-cxhy-510g 1 820 871 908 1212
wdm-cxhy-510g 1 894 877 988 1221
wdm-cxhy-510g 1 973 874 1070 1221
wdm-cxhy-510g 1 1058 874 1150 1218
wdm-cxmc-460ml 1 1138 856 1238 1212
wdm-cxmc-460ml 1 1226 850 1329 1233
wdm-cxmc-460ml 1 1317 847 1414 1218
wdm-cxmc-460ml 1 1406 847 1514 1206
wdm-cxmc-460ml 1 1500 847 1608 1212
wdm-wjxjy-1L 1 485 1256 603 1591
wdm-wjxjy-1L 1 588 1265 708 1591
wdm-wjxjy-1L 1 691 1265 808 1603
wdm-wjxjy-800ml 1 788 1253 897 1594
wdm-wjxjy-800ml 1 888 1259 997 1594
wdm-wjxjy-800ml 1 982 1262 1088 1603
wdm-wjxjy-800ml 1 1079 1253 1188 1609
wdm-wjxjy-800ml 1 1182 1247 1288 1603
wdm-wjxjy-800ml 1 1282 1256 1403 1609
wdm-wjxjy-500ml 1 1397 1291 1494 1624
wdm-wjxjy-500ml 1 1476 1294 1585 1600
wdm-wjxjy-800ml 1 1082 1639 1191 1956
wdm-wjxjy-800ml 1 982 1639 1094 1971
wdm-wjxjy-800ml 1 903 1627 1000 1956
wdm-wjxjy-800ml 1 811 1630 923 1962
wdm-wjxjy-1.3L 1 682 1627 829 1977
