wdm-wjxjy-500ml 1 398 297 468 492
wdm-wjxjy-500ml 1 446 300 517 495
wdm-wjxjy-800ml 1 432 522 505 734
wdm-wjxjy-800ml 1 488 519 556 736
wdm-wjxjy-800ml 1 539 522 607 736
wdm-wjxjy-800ml 1 588 524 659 744
wdm-wjxjy-800ml 1 644 524 707 744
wdm-wjxjy-800ml 1 693 527 768 751
wdm-wjxjy-800ml 1 749 527 820 753
wdm-btlcjy-500ml 1 498 295 561 492
wdm-btlcjy-500ml 1 546 297 620 495
wdm-spjbsc-500ml 1 598 290 659 497
wdm-spjbsc-500ml 1 649 290 712 502
wdm-spjbsc-500ml 1 695 292 761 507
wdm-qxmc-460ml 1 751 285 807 514
wdm-qxmc-460ml 1 795 288 851 505
wdm-qxmc-460ml 1 842 285 898 507
wdm-cxmc-460ml 1 885 288 946 509
wdm-cxmc-460ml 1 937 288 993 509
wdm-cxhy-510g 1 988 297 1046 514
wdm-cxhy-510g 1 1037 297 1093 522
wdm-zphy-510g 1 1078 297 1142 509
wdm-zphy-510g 1 1132 295 1195 519
wdm-zphy-510g 1 1185 295 1246 517
wdm-zphy-510g 1 1239 297 1300 514
wdm-zplj-450ml 1 803 553 854 749
wdm-zplj-450ml 1 846 551 903 751
lyx-tjyzjy-500ml 1 1000 563 1063 763
lyx-tjjy-500ml 1 1051 568 1120 768
lyx-tjjy-500ml 1 1112 566 1178 768
wdm-cxmc-1.3L 1 478 766 556 951
wdm-wjxjy-800ml 1 534 758 607 961
wdm-wjxjy-800ml 1 588 763 656 958
wdm-wjxjy-800ml 1 649 766 715 966
wdm-wjxjy-1L 1 698 775 763 973
wdm-wjxjy-1L 1 754 778 817 978
wdm-wjxjy-1L 1 807 783 871 983
wdm-wjxjy-1L 1 861 788 929 992
wdm-wjxjy-1L 1 917 792 981 992
wdm-wjxjy-1L 1 976 795 1042 990
wdm-wjxjy-1L 1 1032 800 1100 1009
wdm-wjxjy-1L 1 1090 802 1154 1012
wdm-wjxjy-1L 1 1149 805 1220 1017
wdm-wjxjy-1L 1 1210 812 1281 1012
wdm-wjxjy-1.3L 1 481 1019 556 1200
wdm-wjxjy-1.3L 1 546 1029 617 1205
wdm-wjxjy-1.3L 1 607 1034 678 1212
wdm-wjxjy-1.8L 1 671 1024 759 1229
wdm-wjxjy-1.8L 1 742 1034 827 1236
wdm-wjxjy-1.8L 1 810 1041 900 1244
wdm-wjxjy-1.8L 1 893 1046 976 1246
wdm-wjxjy-1.8L 1 968 1053 1056 1266
wdm-wjxjy-1.8L 1 1042 1066 1134 1270
wdm-wjxjy-1.8L 1 1127 1075 1224 1285
wdm-wjxjy-1.8L 1 1215 1078 1300 1297
