wdm-cxmc-460ml 1 61 530 303 1180
wdm-cxmc-460ml 1 253 521 479 1156
wdm-zphy-510g 1 411 553 611 1144
wdm-zphy-510g 1 538 536 753 1133
wdm-zphy-510g 1 673 533 885 1112
wdm-cxhy-510g 1 814 518 994 1100
wdm-spjbsc-500ml 1 961 494 1132 1080
wdm-spjbsc-500ml 1 1097 497 1279 1062
wdm-spjbsc-500ml 1 1217 489 1394 1039
wdm-spjbsc-500ml 1 1358 480 1511 1021
wdm-btlcjy-500ml 1 1479 486 1638 1018
wdm-btlcjy-500ml 1 1594 486 1764 986
wdm-btlcjy-500ml 1 1717 459 1879 997
wdm-qxmc-460ml 1 105 1347 323 1915
wdm-qxmc-460ml 1 235 1315 467 1883
wdm-qxmc-460ml 1 388 1300 608 1859
lyx-tjyzjy-500ml 1 535 1292 744 1830
lyx-tjyzjy-500ml 1 667 1262 891 1797
lyx-tjjy-500ml 1 835 1244 1017 1771
lyx-tjjy-500ml 1 964 1230 1161 1753
lyx-hsjy-500ml 1 1111 1209 1303 1721
wdm-wjxjy-1.3L 1 1241 1162 1491 1689
wdm-wjxjy-1.3L 1 1438 1147 1667 1662
wdm-wjxjy-1.3L 1 1608 1109 1838 1609
wdm-wjxjy-800ml 1 276 2121 494 2560
wdm-wjxjy-800ml 1 423 2083 661 2560
wdm-wjxjy-800ml 1 603 2036 808 2560
