wdm-wjxjy-1.3L 1 514 71 735 583
wdm-wjxjy-1.3L 1 702 124 896 600
wdm-wjxjy-1.3L 1 873 171 1058 636
wdm-wjxjy-1.3L 1 1026 212 1196 656
wdm-wjxjy-1.3L 1 1170 253 1326 662
wdm-wjxjy-1L 1 1311 289 1464 703
wdm-wjxjy-1L 1 1405 315 1538 697
wdm-wjxjy-1L 1 1490 333 1629 703
wdm-wjxjy-800ml 1 452 594 596 1050
wdm-wjxjy-800ml 1 567 612 702 1071
wdm-wjxjy-800ml 1 676 624 811 1047
wdm-wjxjy-800ml 1 782 639 914 1044
wdm-wjxjy-800ml 1 888 650 1008 1047
wdm-wjxjy-1L 1 979 671 1093 1062
wdm-wjxjy-1L 1 1061 677 1190 1044
wdm-wjxjy-1L 1 1158 694 1282 1065
wdm-wjxjy-1L 1 1246 694 1358 1071
wdm-wjxjy-1L 1 1332 706 1449 1068
wdm-wjxjy-1L 1 1399 724 1520 1071
wdm-qxmc-460ml 1 505 1074 611 1465
wdm-qxmc-460ml 1 599 1086 708 1456
wdm-qxmc-460ml 1 682 1089 788 1439
wdm-cxmc-460ml 1 770 1089 870 1439
wdm-cxmc-460ml 1 855 1091 943 1424
wdm-spjbsc-500ml 1 923 1106 1011 1418
wdm-spjbsc-500ml 1 996 1109 1099 1418
wdm-cxhy-510g 1 1079 1106 1164 1406
wdm-cxhy-510g 1 1143 1106 1223 1421
wdm-btlcjy-500ml 1 1326 1115 1408 1391
wdm-btlcjy-500ml 1 1393 1121 1479 1391
wdm-wjxjy-800ml 1 449 1480 570 1809
wdm-wjxjy-800ml 1 552 1483 670 1806
wdm-wjxjy-800ml 1 649 1474 761 1789
wdm-wjxjy-800ml 1 743 1471 855 1774
wdm-wjxjy-800ml 1 838 1465 938 1759
wdm-wjxjy-800ml 1 920 1456 1020 1750
wdm-wjxjy-800ml 1 1005 1456 1108 1736
wdm-wjxjy-800ml 1 1085 1450 1176 1721
wdm-wjxjy-800ml 1 1158 1441 1252 1718
wdm-wjxjy-800ml 1 1229 1436 1326 1697
wdm-wjxjy-800ml 1 1299 1421 1393 1694
wdm-wjxjy-1.3L 1 479 1827 617 2118
wdm-wjxjy-1.3L 1 620 1818 761 2097
wdm-wjxjy-1.3L 1 749 1800 873 2065
wdm-wjxjy-1.3L 1 864 1786 979 2041
wdm-wjxjy-1.3L 1 970 1765 1085 2015
wdm-wjxjy-1.3L 1 1067 1750 1176 1983
wdm-wjxjy-1.3L 1 1155 1730 1273 1983
wdm-wjxjy-1.3L 1 1255 1718 1361 1956
wdm-wjxjy-1.8L 1 432 2171 573 2477
wdm-wjxjy-1.8L 1 552 2136 690 2439
wdm-wjxjy-1.8L 1 673 2112 796 2406
wdm-wjxjy-1.8L 1 785 2089 899 2368
wdm-wjxjy-1.8L 1 885 2065 1023 2339
wdm-wjxjy-1.8L 1 999 2050 1123 2309
wdm-wjxjy-1.8L 1 1105 2021 1220 2268
wdm-wjxjy-1.8L 1 1199 1997 1329 2241
