wdm-zplj-450ml 1 97 756 332 1509
wdm-zplj-450ml 1 270 756 494 1489
wdm-wjxjy-500ml 1 453 821 658 1436
wdm-wjxjy-500ml 1 597 818 776 1415
wdm-wjxjy-500ml 1 747 818 920 1383
wdm-wjxjy-1.3L 1 853 774 1079 1350
wdm-wjxjy-1.3L 1 1014 771 1226 1324
wdm-wjxjy-800ml 1 1185 721 1344 1294
wdm-wjxjy-800ml 1 1300 718 1438 1271
wdm-btlcjy-500ml 1 1406 800 1523 1241
wdm-btlcjy-500ml 1 1488 797 1591 1227
wdm-spjbsc-500ml 1 1556 783 1656 1218
wdm-spjbsc-500ml 1 1626 771 1738 1194
wdm-qxmc-460ml 1 1691 750 1788 1197
wdm-qxmc-460ml 1 1756 753 1844 1194
cbl-hdj-900g 1 823 2003 1003 2368
cbl-hdj-900g 1 956 1953 1126 2289
