wdm-wjxjy-1.3L 1 914 1847 1023 2127
wdm-wjxjy-1.3L 1 797 1853 926 2130
wdm-wjxjy-1.3L 1 688 1862 814 2150
wdm-wjxjy-1.3L 1 585 1874 705 2159
wdm-wjxjy-1L 1 1653 1268 1764 1547
wdm-wjxjy-1L 1 1573 1265 1679 1559
wdm-wjxjy-1L 1 1488 1259 1600 1559
wdm-wjxjy-800ml 1 1417 1262 1520 1568
wdm-wjxjy-800ml 1 1338 1274 1444 1571
wdm-wjxjy-800ml 1 1258 1277 1353 1583
wdm-wjxjy-500ml 1 1197 1318 1276 1583
wdm-wjxjy-500ml 1 1129 1318 1211 1592
wdm-wjxjy-500ml 1 1064 1336 1141 1592
cbl-lyxdbj-800g 1 938 1365 1088 1515
cbl-lyxdbj-800g 1 808 1368 955 1521
cbl-lyxdbj-800g 1 935 1465 1079 1603
cbl-lyxdbj-800g 1 805 1465 961 1615
cbl-lyxdbj-500g 1 697 1397 829 1533
cbl-lyxdbj-500g 1 705 1489 823 1624
cbl-lyxdbj-500g 1 582 1403 708 1539
cbl-lyxdbj-500g 1 588 1497 726 1627
cbl-lyxdbj-300g 1 370 1230 482 1315
cbl-lyxdbj-300g 1 335 1368 464 1492
cbl-lyxdbj-300g 1 467 1362 594 1480
cbl-lyxdbj-300g 1 338 1444 476 1565
cbl-lyxdbj-300g 1 350 1518 485 1633
cbl-lyxdbj-300g 1 470 1436 591 1556
cbl-lyxdbj-300g 1 470 1524 597 1642
