cbl-lyxdbj-300g 1 593 150 708 271
cbl-lyxdbj-300g 1 689 156 832 284
cbl-lyxdbj-300g 1 538 257 677 387
cbl-lyxdbj-300g 1 638 275 798 420
cbl-lyxdbj-300g 1 770 287 940 439
wdm-zphy-510g 1 61 397 121 616
wdm-zphy-510g 1 95 407 163 632
wdm-wjxjy-800ml 1 140 383 215 647
wdm-wjxjy-800ml 1 184 394 263 670
wdm-wjxjy-800ml 1 234 410 311 688
wdm-wjxjy-1L 1 284 435 377 716
wdm-wjxjy-1L 1 353 450 436 720
wdm-wjxjy-1L 1 399 469 493 720
wdm-wjxjy-1L 1 479 484 573 720
wdm-wjxjy-1L 1 554 509 658 720
cbl-lyxdbj-300g 1 809 165 975 303
