lyx-tjjy-1L 1 1 199 66 453
lyx-tjjy-1L 1 54 185 116 445
lyx-tjjy-1L 1 112 168 179 433
lyx-tjjy-1L 1 172 156 245 424
lyx-tjjy-1L 1 235 145 308 414
lyx-tjjy-1L 1 304 126 377 405
lyx-tjjy-1L 1 310 503 383 776
lyx-tjjy-1L 1 370 497 448 774
lyx-tjjy-1L 1 441 487 523 774
lyx-tjjy-1L 1 514 481 604 772
lyx-tjjy-1L 1 647 455 739 774
lyx-hsjy-1L 1 366 106 448 395
lyx-hsjy-1L 1 441 89 522 381
lyx-hsjy-1L 1 514 70 604 372
lyx-hsjy-1L 1 593 56 689 358
lyx-hsjy-1L 1 679 24 777 345
lyx-hsjy-1L 1 768 1 870 324
lyx-hsjy-1L 1 864 1 970 316
lyx-hsjy-1L 1 966 1 1081 287
lyx-hsjy-1L 1 18 520 85 780
lyx-hsjy-1L 1 72 520 139 781
lyx-hsjy-1L 1 127 512 204 780
lyx-hsjy-1L 1 185 506 262 778
lyx-hsjy-1L 1 245 503 318 778
wdm-btlcjy-1L 1 723 439 831 776
wdm-btlcjy-1L 1 823 437 925 770
wdm-btlcjy-1L 1 916 420 1027 772
wdm-btlcjy-1L 1 1014 412 1143 774
lyx-hsjy-500ml 1 450 1181 531 1476
lyx-hsjy-500ml 1 516 1191 600 1487
lyx-hsjy-500ml 1 585 1197 675 1510
lyx-tjjy-500ml 1 708 1214 808 1535
lyx-tjjy-500ml 1 816 1228 925 1562
lyx-tjjy-500ml 1 914 1241 1048 1593
cbl-lyxdbj-300g 1 227 1235 325 1335
cbl-lyxdbj-300g 1 223 1318 323 1418
cbl-lyxtmj-300g 1 145 1224 241 1322
cbl-lyxtmj-300g 1 143 1299 243 1399
cbl-lyxdbj-500g 1 64 1170 206 1297
cbl-lyxdbj-500g 1 64 1272 173 1380
cbl-lyxdbj-500g 1 1 1162 110 1285
cbl-lyxdbj-500g 1 1 1268 87 1362
cbl-lhdj-300g 1 306 1249 397 1351
cbl-lhdj-300g 1 308 1337 387 1433
cbl-hdj-900g 1 373 1237 470 1451
