wdm-spjbsc-500ml 1 1739 527 1832 795
wdm-spjbsc-500ml 1 1812 520 1900 795
wdm-wjxjy-2L 1 1527 844 1663 1103
wdm-wjxjy-2L 1 1649 832 1803 1110
wdm-wjxjy-2L 1 1781 832 1920 1105
wdm-wjxjy-1L 1 1420 842 1515 1086
wdm-wjxjy-1L 1 1346 847 1427 1086
wdm-wjxjy-1L 1 1266 849 1349 1088
wdm-wjxjy-1L 1 1190 847 1278 1093
wdm-wjxjy-1L 1 1110 849 1205 1091
wdm-wjxjy-500ml 1 466 891 549 1110
wdm-wjxjy-500ml 1 524 893 603 1108
wdm-wjxjy-500ml 1 581 893 671 1112
wdm-wjxjy-500ml 1 639 886 724 1115
wdm-wjxjy-500ml 1 700 881 783 1103
wdm-wjxjy-800ml 1 785 856 876 1110
wdm-wjxjy-800ml 1 854 849 939 1117
wdm-wjxjy-800ml 1 922 849 1010 1112
wdm-wjxjy-800ml 1 995 849 1090 1112
