cbl-lyxdbj-800g 1 177 53 318 166
cbl-lyxdbj-800g 1 188 155 326 259
cbl-lyxdbj-800g 1 303 53 441 168
cbl-lyxdbj-800g 1 307 157 446 264
cbl-lyxdbj-800g 1 431 57 567 168
cbl-lyxdbj-800g 1 435 157 567 264
cbl-lyxdbj-500g 1 558 72 675 177
cbl-lyxdbj-500g 1 558 166 669 259
cbl-lyxdbj-500g 1 665 74 775 174
cbl-lyxdbj-500g 1 663 168 771 257
cbl-lyxdbj-500g 1 767 74 880 174
cbl-lyxdbj-500g 1 758 166 875 259
cbl-lyxtmj-300g 1 869 100 969 179
cbl-lyxtmj-300g 1 869 181 975 255
cbl-lyxtmj-300g 1 969 98 1077 187
cbl-lyxtmj-300g 1 965 179 1073 264
cbl-lyxdbj-300g 1 1071 98 1175 187
cbl-lyxdbj-300g 1 1071 179 1171 257
cbl-lyxdbj-300g 1 1173 91 1282 189
cbl-lyxdbj-300g 1 1167 179 1273 268
cbl-lyxdbj-300g 1 1273 94 1388 189
cbl-lyxdbj-300g 1 1263 179 1365 259
wdm-wjxjy-500ml 1 271 289 337 504
wdm-wjxjy-500ml 1 312 289 392 513
wdm-wjxjy-500ml 1 384 289 467 519
wdm-wjxjy-500ml 1 456 287 539 519
wdm-wjxjy-500ml 1 524 294 607 519
wdm-wjxjy-500ml 1 595 289 677 517
wdm-wjxjy-500ml 1 665 289 743 525
wdm-wjxjy-500ml 1 735 289 812 528
wdm-wjxjy-500ml 1 805 291 882 523
wdm-wjxjy-500ml 1 873 291 948 530
wdm-wjxjy-500ml 1 937 289 1012 519
wdm-wjxjy-500ml 1 1005 285 1086 523
cbl-hdj-900g 1 1073 347 1171 523
cbl-hdj-900g 1 1158 345 1250 523
cbl-lhdj-900g 1 1241 366 1335 523
cbl-lhdj-900g 1 1329 366 1418 528
lyx-tjjy-500ml 1 277 564 350 806
lyx-tjjy-500ml 1 341 557 422 811
wdm-btlcjy-500ml 1 412 574 495 813
wdm-btlcjy-500ml 1 484 572 563 806
wdm-spjbsc-500ml 1 552 562 626 815
wdm-spjbsc-500ml 1 620 572 692 813
lyx-tjyzjy-500ml 1 686 570 765 813
lyx-tjyzjy-500ml 1 754 570 831 808
wdm-cxmc-460ml 1 820 564 888 813
wdm-cxmc-460ml 1 880 564 950 811
wdm-qxmc-460ml 1 941 562 1012 811
wdm-qxmc-460ml 1 1003 562 1071 806
wdm-zphy-510g 1 1065 574 1131 806
wdm-zphy-510g 1 1126 579 1190 808
wdm-zphy-510g 1 1184 574 1250 806
wdm-cxhy-510g 1 1239 574 1312 811
wdm-cxhy-510g 1 1305 572 1375 802
lyx-tjjy-500ml 1 277 834 358 1077
lyx-tjyzjy-500ml 1 348 840 435 1085
wdm-wjxjy-800ml 1 426 825 512 1083
wdm-wjxjy-800ml 1 499 830 582 1083
wdm-wjxjy-800ml 1 571 834 652 1081
wdm-wjxjy-800ml 1 643 836 726 1077
wdm-wjxjy-800ml 1 716 836 795 1079
wdm-wjxjy-800ml 1 786 832 865 1072
wdm-wjxjy-800ml 1 856 834 935 1077
wdm-wjxjy-800ml 1 926 823 1007 1074
wdm-wjxjy-800ml 1 1003 830 1075 1072
wdm-wjxjy-800ml 1 1069 834 1141 1072
wdm-wjxjy-800ml 1 1137 823 1218 1068
wdm-wjxjy-800ml 1 1209 830 1286 1079
wdm-wjxjy-800ml 1 1282 828 1354 1079
wdm-wjxjy-1.3L 1 309 1094 414 1330
wdm-wjxjy-1.3L 1 403 1102 507 1334
wdm-wjxjy-1.3L 1 499 1106 595 1336
wdm-wjxjy-1.3L 1 588 1104 688 1330
wdm-wjxjy-1.3L 1 682 1104 786 1330
wdm-wjxjy-1.3L 1 780 1104 875 1332
wdm-wjxjy-1.3L 1 871 1100 971 1325
wdm-wjxjy-1.3L 1 965 1100 1060 1321
wdm-wjxjy-1.3L 1 1050 1089 1154 1321
wdm-spjbsc-1.3L 1 1148 1094 1246 1328
wdm-spjbsc-1.3L 1 1235 1096 1333 1319
