lyx-tjjy-500ml 1 396 168 451 337
lyx-tjjy-500ml 1 451 166 505 336
lyx-tjjy-500ml 1 499 166 556 334
lyx-tjjy-500ml 1 563 163 613 334
lyx-tjjy-500ml 1 611 159 662 336
wdm-spjbsc-500ml 1 403 385 460 565
wdm-spjbsc-500ml 1 451 386 500 562
wdm-spjbsc-500ml 1 496 382 546 560
wdm-spjbsc-500ml 1 539 383 590 559
wdm-btlcjy-500ml 1 583 383 640 556
wdm-btlcjy-500ml 1 633 383 686 554
wdm-btlcjy-500ml 1 677 382 736 551
wdm-wjxjy-500ml 1 494 594 546 756
wdm-wjxjy-500ml 1 539 589 596 754
wdm-wjxjy-500ml 1 585 586 645 751
lyx-tjjy-500ml 1 639 574 694 751
lyx-tjjy-500ml 1 685 574 740 749
lyx-tjjy-500ml 1 734 572 786 746
lyx-tjyzjy-500ml 1 783 572 842 749
lyx-tjyzjy-500ml 1 839 568 897 737
wdm-wjxjy-800ml 1 631 986 690 1180
wdm-wjxjy-800ml 1 682 985 745 1182
wdm-wjxjy-800ml 1 737 983 797 1179
wdm-wjxjy-800ml 1 788 976 857 1179
