wdm-wjxjy-800ml 1 620 246 746 695
wdm-wjxjy-800ml 1 742 251 871 680
wdm-wjxjy-800ml 1 844 234 956 651
wdm-wjxjy-800ml 1 932 231 1039 634
wdm-wjxjy-800ml 1 1029 258 1156 631
wdm-wjxjy-800ml 1 1122 256 1239 609
wdm-wjxjy-800ml 1 1188 244 1303 588
wdm-wjxjy-800ml 1 1256 205 1359 546
wdm-wjxjy-800ml 1 1324 212 1442 527
wdm-wjxjy-800ml 1 1373 205 1503 524
wdm-wjxjy-800ml 1 1544 200 1676 507
wdm-wjxjy-1L 1 1427 229 1581 534
cbl-hdj-900g 1 1627 319 1768 514
cbl-hdj-900g 1 659 119 800 409
cbl-hdj-900g 1 768 117 915 395
cbl-hdj-900g 1 1171 100 1312 331
