wdm-wjxjy-1L 1 1500 1059 1711 1583
wdm-wjxjy-1L 1 1367 1030 1567 1568
wdm-wjxjy-1L 1 1244 1024 1432 1518
wdm-wjxjy-1L 1 1135 1012 1311 1483
wdm-wjxjy-1L 1 1044 997 1200 1453
wdm-wjxjy-1L 1 950 983 1100 1424
wdm-wjxjy-1L 1 882 977 1011 1418
wdm-wjxjy-800ml 1 788 959 941 1377
wdm-wjxjy-800ml 1 705 944 841 1362
wdm-wjxjy-800ml 1 650 947 770 1344
wdm-wjxjy-800ml 1 585 939 700 1324
wdm-wjxjy-800ml 1 482 915 570 1292
wdm-wjxjy-800ml 1 429 921 529 1271
wdm-wjxjy-800ml 1 370 909 470 1265
wdm-cxhy-510g 1 388 1300 464 1577
wdm-cxhy-510g 1 420 1321 505 1597
wdm-cxhy-510g 1 467 1324 555 1624
wdm-spjbsc-500ml 1 520 1347 605 1647
wdm-spjbsc-500ml 1 558 1359 650 1665
wdm-spjbsc-500ml 1 600 1380 708 1697
wdm-btlcjy-500ml 1 670 1406 773 1712
wdm-btlcjy-500ml 1 711 1424 826 1739
wdm-btlcjy-500ml 1 776 1447 900 1777
wdm-wjxjy-500ml 1 850 1462 964 1803
wdm-wjxjy-500ml 1 914 1483 1029 1833
wdm-wjxjy-500ml 1 997 1515 1129 1874
wdm-wjxjy-500ml 1 1058 1542 1194 1921
wdm-cxmc-1.3L 1 1164 1568 1338 1956
wdm-cxmc-1.3L 1 1279 1609 1503 2042
wdm-cxmc-1.3L 1 1414 1653 1650 2121
cbl-hdj-900g 1 347 609 447 856
cbl-hdj-900g 1 411 612 523 862
cbl-lhdj-900g 1 500 600 591 865
cbl-lhdj-900g 1 561 603 676 865
cbl-lhdj-900g 1 650 589 776 871
cbl-lyxdbj-800g 1 729 571 900 739
cbl-lyxdbj-800g 1 735 709 891 883
cbl-lyxdbj-500g 1 858 580 1003 744
cbl-lyxdbj-500g 1 867 718 1000 880
cbl-lyxdbj-500g 1 973 721 1135 894
cbl-lyxdbj-500g 1 979 562 1185 750
cbl-lyxdbj-300g 1 1108 589 1279 765
cbl-lyxdbj-300g 1 1108 736 1273 903
cbl-lyxdbj-300g 1 1253 580 1438 762
cbl-lyxdbj-300g 1 1250 730 1423 915
cbl-lyxtmj-300g 1 1405 571 1623 765
cbl-lyxtmj-300g 1 1394 730 1591 930
cbl-lyxtmj-300g 1 1573 547 1838 759
cbl-lyxtmj-300g 1 1558 718 1820 936
wdm-spjbsc-1.3L 1 1347 2144 1591 2560
wdm-spjbsc-1.3L 1 1229 2089 1414 2486
wdm-wjxjy-1.3L 1 1103 2027 1294 2412
wdm-wjxjy-1.3L 1 1003 1959 1161 2318
wdm-wjxjy-1.8L 1 873 1897 1064 2271
wdm-wjxjy-1.8L 1 773 1830 947 2189
wdm-wjxjy-1.8L 1 679 1783 847 2124
wdm-wjxjy-1.8L 1 594 1736 744 2053
wdm-wjxjy-1.8L 1 520 1692 650 1992
