cbl-hdj-900g 1 984 802 1104 1068
cbl-hdj-900g 1 1092 822 1223 1090
cbl-hdj-900g 1 1209 827 1341 1095
cbl-lhdj-900g 1 1326 839 1467 1109
cbl-lhdj-900g 1 1453 844 1594 1124
wdm-cxmc-460ml 1 1545 261 1636 614
wdm-cxmc-460ml 1 1626 268 1731 624
wdm-cxmc-460ml 1 1711 256 1828 627
cbl-lyxtmj-300g 1 1428 370 1584 490
cbl-lyxtmj-300g 1 1419 480 1580 607
cbl-lyxtmj-300g 1 1287 366 1433 488
cbl-lyxtmj-300g 1 1282 478 1428 602
cbl-lyxdbj-300g 1 1145 358 1292 480
cbl-lyxdbj-300g 1 1136 468 1287 597
cbl-lyxdbj-300g 1 1014 361 1145 470
cbl-lyxdbj-300g 1 1011 458 1145 590
wdm-spjbsc-500ml 1 919 244 1023 583
wdm-spjbsc-500ml 1 828 236 931 578
wdm-wjxjy-500ml 1 741 236 838 558
wdm-wjxjy-500ml 1 653 229 750 563
wdm-wjxjy-500ml 1 562 229 665 558
wdm-wjxjy-800ml 1 458 161 575 544
wdm-wjxjy-800ml 1 350 156 480 534
wdm-wjxjy-800ml 1 277 158 389 531
wdm-wjxjy-800ml 1 206 163 316 514
wdm-wjxjy-800ml 1 106 156 233 519
