cbl-hdj-900g 1 400 627 532 865
cbl-hdj-900g 1 511 630 638 856
cbl-lyxdbj-500g 1 617 627 767 756
cbl-lyxdbj-500g 1 629 744 773 871
cbl-lyxdbj-500g 1 756 627 894 756
cbl-lyxdbj-500g 1 756 747 894 871
cbl-lyxdbj-300g 1 1144 562 1264 668
cbl-lyxdbj-300g 1 1129 659 1270 771
cbl-lyxdbj-300g 1 1126 759 1264 865
cbl-lyxdbj-300g 1 1256 650 1403 768
cbl-lyxdbj-300g 1 1258 762 1403 877
cbl-lyxdbj-300g 1 1388 659 1526 768
cbl-lyxdbj-300g 1 1382 753 1517 871
cbl-lyxtmj-300g 1 885 656 1006 771
cbl-lyxtmj-300g 1 879 759 1014 877
cbl-lyxtmj-300g 1 1006 650 1150 774
cbl-lyxtmj-300g 1 1006 762 1141 871
