wdm-wjxjy-1.3L 1 1073 1921 1358 2560
wdm-wjxjy-1.3L 1 850 1833 1123 2471
wdm-wjxjy-1.3L 1 682 1736 914 2339
wdm-wjxjy-1.3L 1 511 1668 732 2244
wdm-wjxjy-1.3L 1 356 1603 567 2162
wdm-wjxjy-1.3L 1 188 1565 420 2094
wdm-wjxjy-1.3L 1 97 1497 276 2000
wdm-wjxjy-1.3L 1 3 1465 153 1953
wdm-wjxjy-1.3L 1 1238 1794 1447 2415
wdm-wjxjy-1.3L 1 1344 1694 1558 2253
wdm-wjxjy-1.3L 1 1417 1594 1597 2103
wdm-wjxjy-1.3L 1 1508 1524 1703 2018
wdm-wjxjy-800ml 1 1029 1006 1206 1609
wdm-wjxjy-800ml 1 873 1003 1053 1600
wdm-wjxjy-800ml 1 747 983 906 1565
wdm-wjxjy-800ml 1 529 968 720 1527
wdm-wjxjy-800ml 1 367 918 541 1436
wdm-wjxjy-800ml 1 1176 989 1344 1586
wdm-wjxjy-800ml 1 1300 971 1441 1530
wdm-wjxjy-800ml 1 1385 947 1517 1465
