cbl-lyxdbj-300g 1 743 490 928 639
cbl-lyxdbj-300g 1 736 609 923 763
cbl-lyxdbj-300g 1 894 507 1060 644
cbl-lyxdbj-300g 1 894 624 1053 766
cbl-lyxdbj-300g 1 1033 524 1182 653
cbl-lyxdbj-300g 1 1023 634 1177 770
cbl-lyxtmj-300g 1 1150 536 1299 663
cbl-lyxtmj-300g 1 1150 651 1289 773
cbl-lyxtmj-300g 1 1267 553 1409 673
cbl-lyxtmj-300g 1 1258 656 1399 773
cbl-hdj-900g 1 1341 527 1472 785
cbl-hdj-900g 1 1433 541 1562 780
cbl-hdj-900g 1 1528 551 1636 785
wdm-wjxjy-800ml 1 611 256 758 758
wdm-wjxjy-800ml 1 477 231 631 753
wdm-wjxjy-800ml 1 331 197 506 751
wdm-wjxjy-800ml 1 155 166 345 753
wdm-wjxjy-800ml 1 1 139 170 741
