wdm-wjxjy-1.3L 1 537 831 737 1255
wdm-wjxjy-1.3L 1 704 775 898 1210
wdm-wjxjy-1.8L 1 333 827 567 1307
wdm-wjxjy-1.8L 1 100 870 367 1373
wdm-wjxjy-1L 1 869 766 1026 1177
wdm-wjxjy-1L 1 958 738 1135 1142
wdm-wjxjy-1L 1 1058 712 1239 1105
wdm-wjxjy-800ml 1 1148 666 1319 1066
wdm-wjxjy-800ml 1 1235 647 1404 1036
wdm-wjxjy-800ml 1 1308 640 1493 1023
wdm-wjxjy-800ml 1 1395 620 1565 994
wdm-wjxjy-800ml 1 1469 603 1639 975
wdm-wjxjy-500ml 1 1539 649 1691 953
wdm-wjxjy-500ml 1 1602 640 1752 942
wdm-wjxjy-500ml 1 1639 627 1808 929
