wdm-wjxjy-1.3L 1 314 344 458 730
wdm-wjxjy-1.3L 1 423 344 547 741
wdm-wjxjy-800ml 1 508 291 620 753
wdm-wjxjy-800ml 1 588 283 700 762
wdm-wjxjy-800ml 1 679 280 794 768
wdm-wjxjy-800ml 1 773 268 891 768
wdm-wjxjy-800ml 1 870 259 994 774
wdm-wjxjy-500ml 1 970 327 1085 780
wdm-wjxjy-500ml 1 1067 321 1191 783
wdm-wjxjy-500ml 1 1185 315 1303 780
wdm-wjxjy-500ml 1 1297 303 1414 777
wdm-btlcjy-500ml 1 414 824 508 1133
wdm-btlcjy-500ml 1 479 833 576 1144
wdm-btlcjy-500ml 1 550 839 635 1150
wdm-btlcjy-500ml 1 611 850 703 1165
wdm-cxmc-460ml 1 685 830 767 1197
wdm-cxmc-460ml 1 750 833 844 1212
wdm-cxhy-510g 1 820 865 911 1224
wdm-cxhy-510g 1 897 865 988 1250
wdm-cxhy-510g 1 973 874 1058 1259
wdm-cxhy-510g 1 970 871 1064 1259
wdm-cxhy-510g 1 1050 883 1135 1268
wdm-zphy-510g 1 1126 894 1232 1297
wdm-zphy-510g 1 1214 900 1314 1312
wdm-zphy-510g 1 1303 912 1382 1330
wdm-cxmc-460ml 1 456 1209 538 1500
wdm-cxmc-460ml 1 511 1221 594 1515
wdm-qxmc-460ml 1 567 1233 641 1536
wdm-qxmc-460ml 1 617 1250 711 1559
wdm-qxmc-460ml 1 685 1265 776 1591
wdm-qxmc-460ml 1 756 1280 832 1612
wdm-qxmc-460ml 1 817 1291 903 1633
wdm-spjbsc-500ml 1 894 1321 985 1647
wdm-spjbsc-500ml 1 967 1333 1058 1671
wdm-spjbsc-500ml 1 1050 1359 1138 1697
wdm-spjbsc-500ml 1 1126 1374 1220 1736
wdm-spjbsc-500ml 1 1208 1403 1308 1756
wdm-spjbsc-500ml 1 1297 1421 1367 1774
cbl-lyxdbj-800g 1 820 1697 997 1880
cbl-hdj-900g 1 1132 1841 1261 2112
