cbl-lyxdbj-800g 1 227 483 417 622
cbl-lyxdbj-800g 1 212 573 427 744
cbl-lyxdbj-800g 1 203 685 429 861
cbl-lyxdbj-800g 1 212 792 432 966
cbl-lyxdbj-500g 1 498 544 666 705
cbl-lyxdbj-500g 1 432 666 607 836
cbl-lyxdbj-500g 1 449 788 615 934
cbl-lyxdbj-500g 1 585 636 727 797
cbl-lyxdbj-500g 1 593 756 732 890
cbl-lyxdbj-300g 1 715 631 844 761
cbl-lyxdbj-300g 1 710 719 842 839
cbl-lyxdbj-300g 1 817 609 934 729
cbl-lyxdbj-300g 1 827 709 924 809
wdm-wjxjy-500ml 1 895 517 971 778
wdm-wjxjy-500ml 1 949 495 1015 756
wdm-wjxjy-800ml 1 995 451 1083 744
wdm-wjxjy-800ml 1 1061 439 1139 727
wdm-wjxjy-1L 1 1115 434 1193 707
wdm-wjxjy-1L 1 1161 434 1242 695
wdm-wjxjy-1L 1 1224 419 1300 675
wdm-wjxjy-1.3L 1 1271 409 1356 653
wdm-wjxjy-1.3L 1 1329 400 1403 636
