wdm-wjxjy-500ml 1 448 462 509 668
wdm-wjxjy-500ml 1 488 462 554 672
wdm-wjxjy-500ml 1 546 459 609 672
wdm-wjxjy-500ml 1 599 457 663 681
wdm-wjxjy-500ml 1 646 457 709 679
wdm-wjxjy-800ml 1 695 413 773 685
wdm-wjxjy-800ml 1 756 415 833 689
wdm-wjxjy-800ml 1 822 406 892 685
wdm-wjxjy-800ml 1 877 404 954 694
wdm-wjxjy-800ml 1 946 402 1033 694
wdm-wjxjy-800ml 1 1024 396 1103 696
wdm-wjxjy-800ml 1 1080 387 1171 700
wdm-wjxjy-800ml 1 1167 394 1252 704
wdm-wjxjy-1.3L 1 1237 404 1360 711
wdm-wjxjy-1.3L 1 1354 396 1495 713
wdm-wjxjy-1.3L 1 1484 387 1631 715
wdm-wjxjy-1.3L 1 1609 374 1780 721
wdm-wjxjy-1.3L 1 1754 368 1920 723
