wdm-wjxjy-1.3L 1 46 494 193 821
wdm-wjxjy-1.3L 1 176 489 323 815
cbl-hdj-900g 1 299 603 411 809
cbl-hdj-900g 1 399 606 511 809
cbl-hdj-900g 1 493 606 611 818
cbl-hdj-900g 1 596 606 705 827
cbl-hdj-900g 1 696 612 811 824
cbl-lhdj-900g 1 793 615 911 830
cbl-lhdj-900g 1 896 612 1011 830
cbl-lhdj-900g 1 999 618 1114 830
cbl-lhdj-900g 1 1105 618 1226 827
cbl-lyxdbj-800g 1 1220 597 1373 727
cbl-lyxdbj-800g 1 1217 715 1370 847
cbl-lyxdbj-800g 1 1367 594 1532 724
cbl-lyxdbj-800g 1 1367 715 1532 836
cbl-lyxdbj-800g 1 1529 594 1693 724
cbl-lyxdbj-800g 1 1523 715 1685 833
cbl-lyxdbj-500g 1 1258 1109 1402 1221
cbl-lyxdbj-500g 1 1246 1209 1390 1327
cbl-lyxdbj-500g 1 1390 1112 1538 1230
cbl-lyxdbj-500g 1 1526 1115 1667 1236
cbl-lyxdbj-500g 1 1382 1221 1529 1336
cbl-lyxdbj-500g 1 1526 1227 1658 1339
cbl-lyxtmj-300g 1 1129 1121 1267 1230
cbl-lyxtmj-300g 1 1123 1221 1252 1315
cbl-lyxtmj-300g 1 1002 1118 1135 1227
cbl-lyxtmj-300g 1 999 1212 1129 1309
cbl-lyxtmj-300g 1 885 1112 1014 1218
cbl-lyxtmj-300g 1 879 1206 1008 1306
cbl-lyxtmj-300g 1 770 1106 885 1215
cbl-lyxtmj-300g 1 767 1200 885 1303
cbl-lyxdbj-300g 1 658 1103 773 1200
cbl-lyxdbj-300g 1 646 1194 767 1289
cbl-lyxdbj-300g 1 535 1097 658 1200
cbl-lyxdbj-300g 1 523 1186 658 1294
cbl-lyxdbj-300g 1 417 1089 535 1194
cbl-lyxdbj-300g 1 414 1177 529 1289
cbl-lyxdbj-300g 1 296 1083 426 1191
cbl-lyxdbj-300g 1 299 1177 417 1280
cbl-lyxdbj-300g 1 188 1074 311 1183
cbl-lyxdbj-300g 1 182 1171 305 1274
wdm-qxmc-460ml 1 185 109 273 436
wdm-qxmc-460ml 1 111 103 190 433
wdm-cxhy-510g 1 52 136 129 433
wdm-cxhy-510g 1 1 133 58 424
