cbl-lyxdbj-500g 1 676 733 843 903
cbl-lyxdbj-500g 1 663 836 828 1001
cbl-lyxdbj-500g 1 819 742 980 903
cbl-lyxdbj-500g 1 817 840 954 997
cbl-lyxdbj-300g 1 954 764 1091 894
cbl-lyxdbj-300g 1 937 860 1078 979
cbl-lyxdbj-300g 1 1069 766 1211 897
cbl-lyxdbj-300g 1 1063 853 1187 979
wdm-wjxjy-500ml 1 189 1103 302 1370
wdm-wjxjy-500ml 1 289 1092 400 1370
wdm-wjxjy-500ml 1 385 1083 498 1349
wdm-wjxjy-500ml 1 478 1079 585 1327
wdm-wjxjy-500ml 1 569 1068 674 1314
wdm-wjxjy-800ml 1 654 1049 774 1305
wdm-wjxjy-800ml 1 750 1051 856 1275
wdm-wjxjy-800ml 1 828 1044 950 1288
wdm-wjxjy-800ml 1 917 1029 1039 1268
wdm-wjxjy-1L 1 22 1412 152 1605
wdm-wjxjy-1L 1 137 1388 256 1612
wdm-wjxjy-1L 1 245 1379 367 1601
wdm-wjxjy-1.8L 1 343 1368 493 1570
wdm-wjxjy-1.8L 1 482 1351 641 1553
wdm-wjxjy-1.8L 1 611 1338 761 1520
wdm-wjxjy-1.3L 1 943 1292 1085 1460
wdm-wjxjy-1.3L 1 1043 1275 1172 1444
wdm-wjxjy-1.3L 1 1141 1262 1261 1423
wdm-spjbsc-500ml 1 735 1320 828 1492
wdm-spjbsc-500ml 1 808 1310 908 1490
wdm-spjbsc-500ml 1 882 1294 961 1466
