wdm-wjxjy-500ml 1 487 481 624 685
wdm-wjxjy-500ml 1 535 470 668 687
wdm-wjxjy-500ml 1 562 468 678 683
wdm-wjxjy-500ml 1 597 466 729 693
wdm-wjxjy-500ml 1 641 454 779 691
wdm-wjxjy-500ml 1 689 445 835 683
wdm-wjxjy-500ml 1 741 437 887 677
wdm-wjxjy-500ml 1 797 427 939 675
wdm-wjxjy-500ml 1 851 414 1016 674
wdm-wjxjy-1L 1 912 360 1095 652
wdm-wjxjy-1L 1 989 349 1156 649
wdm-wjxjy-1L 1 1116 337 1297 672
wdm-wjxjy-1L 1 1058 343 1216 654
wdm-wjxjy-1L 1 1212 306 1408 660
wdm-wjxjy-1L 1 1318 283 1514 652
wdm-wjxjy-1L 1 1424 258 1629 633
wdm-wjxjy-1L 1 1547 229 1753 629
wdm-wjxjy-1L 1 1516 708 1687 987
wdm-wjxjy-1L 1 1420 695 1589 962
wdm-zphy-510g 1 1358 714 1499 972
wdm-zphy-510g 1 1301 714 1424 970
wdm-zphy-510g 1 1245 714 1370 954
wdm-zphy-510g 1 1172 716 1310 950
wdm-zphy-510g 1 1124 714 1251 950
wdm-zphy-510g 1 1068 712 1195 939
wdm-wjxjy-1.3L 1 987 708 1141 931
wdm-wjxjy-1.3L 1 914 704 1054 931
wdm-wjxjy-1.3L 1 845 710 991 918
wdm-wjxjy-1.3L 1 785 706 916 897
wdm-wjxjy-1.3L 1 726 706 862 889
wdm-wjxjy-1.3L 1 668 706 797 881
wdm-wjxjy-1.8L 1 791 927 924 1100
wdm-wjxjy-1.8L 1 864 933 978 1102
wdm-wjxjy-1.8L 1 926 943 1064 1133
wdm-wjxjy-800ml 1 1639 1045 1764 1299
wdm-wjxjy-800ml 1 1545 1022 1676 1262
wdm-wjxjy-800ml 1 1470 1025 1589 1243
wdm-wjxjy-800ml 1 1387 1016 1514 1233
wdm-wjxjy-800ml 1 1316 1004 1443 1220
wdm-wjxjy-800ml 1 1254 993 1372 1210
wdm-wjxjy-800ml 1 1174 981 1297 1210
wdm-wjxjy-800ml 1 1124 970 1231 1183
wdm-wjxjy-800ml 1 1068 956 1185 1166
