wdm-wjxjy-1.3L 1 1102 720 1208 994
wdm-wjxjy-1.3L 1 1191 723 1298 990
wdm-wjxjy-1.3L 1 1280 718 1382 999
wdm-wjxjy-1.3L 1 1350 720 1452 990
wdm-wjxjy-1.8L 1 1198 1023 1315 1275
wdm-wjxjy-1.8L 1 1293 1016 1408 1270
wdm-wjxjy-1.8L 1 1380 1010 1491 1264
wdm-wjxjy-1L 1 695 1038 800 1347
wdm-wjxjy-1L 1 778 1031 874 1331
wdm-wjxjy-1L 1 856 1036 956 1327
wdm-wjxjy-1L 1 937 1029 1028 1310
wdm-wjxjy-1L 1 1008 1014 1100 1301
wdm-wjxjy-1L 1 1080 1020 1169 1303
wdm-wjxjy-1L 1 1141 1014 1226 1292
wdm-wjxjy-500ml 1 511 707 615 1025
wdm-wjxjy-500ml 1 593 718 689 1016
wdm-wjxjy-500ml 1 667 723 756 1010
wdm-wjxjy-500ml 1 745 723 826 997
wdm-wjxjy-800ml 1 815 699 911 1001
wdm-wjxjy-800ml 1 898 701 982 1001
wdm-wjxjy-800ml 1 967 705 1063 1003
wdm-wjxjy-800ml 1 1039 707 1122 997
