cbl-hdj-900g 1 1003 224 1146 488
cbl-hdj-900g 1 1171 234 1298 483
cbl-hdj-900g 1 498 456 598 678
cbl-hdj-900g 1 583 456 688 709
cbl-hdj-900g 1 671 461 778 729
cbl-hdj-900g 1 763 470 883 749
cbl-hdj-900g 1 866 468 1015 744
cbl-hdj-900g 1 376 680 466 870
cbl-hdj-900g 1 442 683 546 895
cbl-hdj-900g 1 527 697 644 917
cbl-hdj-900g 1 627 714 739 936
cbl-hdj-900g 1 717 734 837 973
cbl-hdj-900g 1 815 758 956 988
cbl-hdj-900g 1 944 788 1085 1061
cbl-hdj-900g 1 1046 807 1210 1097
cbl-hdj-900g 1 1181 829 1351 1122
cbl-hdj-900g 1 1317 827 1512 1156
cbl-lhdj-900g 1 978 485 1144 790
