cbl-lyxdbj-300g 1 87 235 210 341
cbl-lyxdbj-300g 1 212 247 325 351
cbl-lyxdbj-300g 1 212 337 331 431
cbl-lyxdbj-500g 1 314 224 448 341
cbl-lyxdbj-500g 1 325 330 450 439
cbl-hdj-900g 1 445 262 539 449
cbl-hdj-900g 1 533 270 623 458
cbl-hdj-900g 1 618 276 708 458
cbl-lhdj-900g 1 702 283 787 466
cbl-lyxtmj-500g 1 791 278 898 383
cbl-lyxtmj-500g 1 783 372 893 478
cbl-lyxtmj-300g 1 885 322 973 406
cbl-lyxtmj-300g 1 887 399 972 476
cbl-lyxtmj-300g 1 968 330 1060 412
cbl-lyxtmj-300g 1 966 403 1058 487
lyx-nmzyjy-380ml 1 133 524 208 776
lyx-nmzyjy-380ml 1 206 524 283 780
lyx-nmzyjy-380ml 1 279 530 354 780
lyx-nmzyjy-380ml 1 354 531 425 776
lyx-nmzyjy-380ml 1 416 533 487 778
wdm-zphy-510g 1 481 535 547 776
wdm-zphy-510g 1 548 535 604 781
wdm-zphy-510g 1 600 537 658 774
wdm-zphy-510g 1 658 537 712 768
wdm-qxmc-460ml 1 708 528 764 776
wdm-qxmc-460ml 1 760 531 816 774
wdm-qxmc-460ml 1 816 528 868 770
wdm-qxmc-460ml 1 866 531 922 776
wdm-qxmc-460ml 1 918 531 970 768
wdm-qxmc-460ml 1 968 533 1020 766
lyx-tjjy-500ml 1 129 835 210 1093
lyx-tjjy-500ml 1 208 833 289 1093
lyx-tjjy-500ml 1 285 830 364 1081
lyx-tjjy-500ml 1 360 826 439 1080
lyx-tjjy-500ml 1 437 822 512 1074
lyx-hsjy-500ml 1 512 824 585 1066
lyx-hsjy-500ml 1 581 826 650 1060
lyx-hsjy-500ml 1 648 818 714 1053
lyx-hsjy-500ml 1 708 816 773 1047
lyx-tjyzjy-500ml 1 770 814 833 1039
lyx-tjyzjy-500ml 1 831 812 893 1035
lyx-tjyzjy-500ml 1 887 810 948 1033
lyx-tjyzjy-500ml 1 939 808 1006 1024
lyx-hsjy-1L 1 597 1105 673 1330
lyx-hsjy-1L 1 672 1089 743 1318
lyx-hsjy-1L 1 739 1085 808 1306
lyx-hsjy-1L 1 802 1078 873 1306
wdm-wjxjy-1L 1 866 1080 933 1293
wdm-wjxjy-1L 1 929 1068 997 1287
wdm-spjbsc-1.3L 1 589 1385 685 1605
wdm-spjbsc-1.3L 1 677 1370 766 1583
wdm-spjbsc-1.3L 1 760 1353 854 1560
wdm-spjbsc-1.3L 1 847 1345 937 1543
cbl-hdj-900g 1 837 1591 910 1707
cbl-hdj-900g 1 764 1610 843 1707
cbl-hdj-900g 1 670 1628 748 1707
