cbl-hdj-900g 1 895 605 998 807
cbl-hdj-900g 1 985 597 1100 807
cbl-hdj-900g 1 1085 592 1193 809
cbl-lyxdbj-500g 1 1181 600 1310 707
cbl-lyxdbj-500g 1 1185 695 1310 797
cbl-lyxdbj-500g 1 1307 595 1432 702
cbl-lyxdbj-500g 1 1307 690 1439 807
cbl-lyxdbj-500g 1 1424 592 1551 702
cbl-lyxdbj-500g 1 1434 692 1551 812
cbl-lyxdbj-300g 1 1537 617 1671 717
cbl-lyxdbj-300g 1 1546 702 1676 809
cbl-lyxdbj-300g 1 1663 614 1785 712
cbl-lyxdbj-300g 1 1668 705 1785 812
wdm-btlcjy-500ml 1 1705 856 1803 1146
wdm-btlcjy-500ml 1 1627 861 1722 1149
wdm-btlcjy-500ml 1 1546 861 1637 1156
wdm-wjxjy-500ml 1 1466 856 1556 1149
wdm-wjxjy-500ml 1 1376 853 1473 1153
wdm-wjxjy-500ml 1 1295 858 1390 1144
wdm-wjxjy-500ml 1 1215 853 1307 1146
wdm-wjxjy-500ml 1 1142 858 1227 1149
wdm-wjxjy-500ml 1 1063 858 1144 1139
wdm-wjxjy-800ml 1 807 488 905 807
wdm-wjxjy-800ml 1 727 495 820 812
wdm-wjxjy-800ml 1 644 495 737 797
wdm-wjxjy-800ml 1 561 488 656 792
wdm-wjxjy-800ml 1 490 495 573 807
wdm-wjxjy-800ml 1 398 495 500 797
wdm-wjxjy-800ml 1 320 492 410 805
wdm-wjxjy-800ml 1 237 500 329 807
