cbl-lyxljj-300g 1 47 1006 220 1141
cbl-lyxtmj-300g 1 232 991 373 1121
cbl-lyxtmj-300g 1 206 1124 364 1250
cbl-lyxtmj-300g 1 341 1003 500 1139
cbl-lyxtmj-300g 1 341 1121 508 1250
cbl-lyxtmj-300g 1 485 1006 641 1141
cbl-lyxtmj-300g 1 488 1127 647 1253
cbl-lyxtmj-300g 1 632 1009 788 1136
cbl-lyxtmj-300g 1 635 1124 794 1250
cbl-lyxsrdbj-300g 1 776 1009 929 1139
cbl-lyxsrdbj-300g 1 779 1127 929 1247
cbl-lyxsrdbj-300g 1 920 1009 1070 1136
cbl-hdj-300g 1 1053 1003 1217 1089
cbl-hdj-300g 1 1047 1080 1232 1180
cbl-hdj-300g 1 1053 1168 1229 1239
cbl-hdj-300g 1 1203 991 1373 1100
cbl-hdj-300g 1 1217 1077 1403 1171
cbl-lyxdbj-300g 1 1367 991 1544 1130
cbl-lyxdbj-300g 1 1388 1118 1538 1241
cbl-lyxdbj-300g 1 1535 1000 1682 1121
cbl-lyxdbj-300g 1 1670 1000 1826 1124
cbl-lyxdbj-300g 1 1673 1115 1820 1233
cbl-lyxljj-500g 1 132 1430 288 1577
cbl-lyxljj-500g 1 170 1306 317 1433
cbl-lyxljj-500g 1 308 1294 458 1418
cbl-lyxdbj-500g 1 756 1418 900 1574
cbl-lyxdbj-500g 1 761 1300 900 1421
cbl-lyxdbj-500g 1 894 1294 1044 1421
cbl-lyxtmj-800g 1 1026 1406 1200 1580
cbl-lyxtmj-800g 1 1029 1280 1182 1409
cbl-lyxtmj-800g 1 1179 1283 1341 1403
cbl-lyxdbj-800g 1 1347 1397 1541 1580
cbl-lyxdbj-800g 1 1514 1391 1700 1571
cbl-lyxdbj-800g 1 153 1700 341 1883
cbl-lhdj-900g 1 467 1621 603 1891
cbl-lhdj-900g 1 594 1636 717 1877
cbl-lhdj-900g 1 706 1633 829 1874
cbl-hdj-900g 1 820 1627 938 1871
cbl-hdj-900g 1 932 1627 1056 1877
