cbl-hdj-300g 1 261 950 435 1039
cbl-hdj-300g 1 346 897 490 968
cbl-hdj-300g 1 417 959 596 1039
cbl-hdj-300g 1 473 900 643 962
cbl-hdj-500g 1 582 927 758 1044
cbl-hdj-500g 1 646 830 808 939
cbl-hdj-500g 1 746 933 911 1041
cbl-hdj-500g 1 799 821 929 944
cbl-lyxtmj-300g 1 914 818 1061 947
cbl-lyxtmj-300g 1 905 939 1058 1062
cbl-lyxtmj-300g 1 1052 821 1217 950
cbl-lyxtmj-300g 1 1046 941 1208 1074
cbl-lyxdbj-300g 1 1199 941 1352 1086
cbl-lyxdbj-300g 1 1211 821 1367 956
cbl-lyxdbj-300g 1 1364 824 1529 956
cbl-lyxdbj-300g 1 1352 950 1520 1094
cbl-lyxdbj-300g 1 1511 953 1690 1089
cbl-lyxdbj-300g 1 1526 824 1699 965
cbl-lyxdbj-300g 1 1702 827 1873 971
cbl-lyxdbj-300g 1 1693 956 1864 1097
cbl-lyxdbj-300g 1 1176 1218 1335 1374
cbl-lyxdbj-300g 1 1332 1224 1502 1391
cbl-lyxdbj-300g 1 1496 1230 1676 1418
cbl-lyxdbj-300g 1 1670 1241 1852 1424
cbl-lyxdbj-800g 1 682 1174 858 1327
cbl-lyxdbj-800g 1 835 1180 1020 1356
cbl-lyxdbj-800g 1 1005 1189 1185 1368
cbl-lhdj-900g 1 723 1412 846 1674
cbl-lhdj-900g 1 829 1412 961 1697
cbl-hdj-900g 1 946 1430 1076 1712
cbl-hdj-900g 1 1061 1447 1199 1718
cbl-hdj-900g 1 1176 1456 1320 1739
cbl-lyxljj-500g 1 555 1183 696 1321
cbl-lyxljj-500g 1 429 1168 570 1312
cbl-lyxljj-300g 1 299 1180 440 1297
cbl-lyxljj-300g 1 182 1171 302 1289
cbl-lyxljj-300g 1 176 1074 314 1186
cbl-lyxljj-300g 1 296 1080 455 1194
