wdm-cxhy-510g 1 446 312 570 715
wdm-cxhy-510g 1 556 315 670 718
wdm-cxhy-510g 1 650 324 758 733
wdm-cxhy-510g 1 741 330 847 733
wdm-btlcjy-500ml 1 638 803 747 1183
wdm-btlcjy-500ml 1 738 803 850 1171
wdm-btlcjy-500ml 1 838 803 944 1168
wdm-zphy-510g 1 926 797 1032 1171
wdm-zphy-510g 1 1017 800 1114 1168
wdm-zphy-510g 1 1100 800 1194 1159
wdm-spjbsc-500ml 1 1176 794 1282 1165
wdm-spjbsc-500ml 1 1273 794 1367 1174
wdm-spjbsc-500ml 1 1356 794 1453 1162
wdm-wjxjy-500ml 1 1435 806 1547 1156
wdm-wjxjy-500ml 1 1529 812 1626 1159
wdm-wjxjy-500ml 1 1614 806 1720 1150
wdm-wjxjy-800ml 1 835 1212 964 1574
wdm-wjxjy-800ml 1 944 1206 1079 1562
wdm-wjxjy-800ml 1 1061 1206 1185 1556
wdm-wjxjy-800ml 1 1173 1200 1303 1553
wdm-wjxjy-800ml 1 1282 1194 1406 1550
wdm-wjxjy-800ml 1 1388 1189 1494 1547
wdm-wjxjy-800ml 1 1482 1186 1597 1544
wdm-wjxjy-800ml 1 1582 1177 1688 1541
wdm-spjbsc-1.3L 1 667 1633 817 2000
wdm-spjbsc-1.3L 1 800 1615 953 1983
wdm-wjxjy-1L 1 932 1606 1056 1968
wdm-wjxjy-1L 1 1041 1600 1153 1959
wdm-wjxjy-1L 1 1141 1600 1256 1953
wdm-wjxjy-1L 1 1241 1589 1358 1944
wdm-wjxjy-800ml 1 1341 1586 1464 1941
wdm-wjxjy-800ml 1 1450 1574 1567 1906
wdm-wjxjy-800ml 1 1550 1574 1673 1903
wdm-wjxjy-1.3L 1 861 2009 1026 2403
wdm-wjxjy-1.3L 1 1008 1997 1173 2374
wdm-wjxjy-1.3L 1 1156 1983 1308 2365
wdm-wjxjy-1.3L 1 1294 1971 1429 2339
wdm-wjxjy-1.3L 1 1414 1956 1550 2324
wdm-wjxjy-1.3L 1 1526 1944 1667 2303
