cbl-lyxdbj-300g 1 164 733 311 853
cbl-lyxdbj-300g 1 164 839 326 965
cbl-lyxdbj-300g 1 294 733 438 862
cbl-lyxdbj-300g 1 294 844 453 971
cbl-lyxdbj-500g 1 426 709 585 847
cbl-lyxdbj-500g 1 438 836 588 971
cbl-lyxdbj-500g 1 573 709 720 853
cbl-lyxdbj-500g 1 573 836 723 971
cbl-lyxdbj-800g 1 706 694 885 839
cbl-lyxdbj-800g 1 703 827 885 974
cbl-lyxdbj-800g 1 867 824 1035 983
cbl-lyxtmj-300g 1 1023 741 1173 871
cbl-lyxtmj-300g 1 1026 853 1164 986
cbl-lyxtmj-300g 1 1161 741 1317 868
cbl-lyxtmj-300g 1 1161 859 1317 986
cbl-lyxtmj-300g 1 1306 744 1464 868
cbl-hdj-900g 1 206 1094 338 1336
cbl-hdj-900g 1 317 1097 450 1347
cbl-lhdj-900g 1 417 1097 550 1347
wdm-zplj-450ml 1 523 1015 629 1353
wdm-zplj-450ml 1 608 1015 703 1359
wdm-qxmc-460ml 1 688 1015 785 1359
wdm-qxmc-460ml 1 764 1009 856 1362
wdm-qxmc-460ml 1 844 1012 944 1368
wdm-cxmc-460ml 1 929 1015 1023 1377
wdm-cxmc-460ml 1 1011 1027 1111 1377
wdm-cxmc-460ml 1 1091 1024 1191 1380
wdm-spjbsc-500ml 1 1173 1030 1273 1377
wdm-spjbsc-500ml 1 1258 1027 1364 1391
wdm-spjbsc-500ml 1 1350 1024 1453 1383
wdm-spjbsc-500ml 1 1438 1036 1547 1394
wdm-cxhy-510g 1 1535 1039 1635 1397
wdm-cxhy-510g 1 1620 1036 1726 1397
wdm-wjxjy-800ml 1 267 1400 382 1697
wdm-wjxjy-800ml 1 358 1403 485 1715
wdm-wjxjy-800ml 1 453 1406 564 1712
wdm-wjxjy-800ml 1 544 1403 656 1721
wdm-wjxjy-800ml 1 641 1412 747 1718
wdm-wjxjy-800ml 1 732 1421 856 1721
wdm-wjxjy-500ml 1 829 1427 935 1733
wdm-wjxjy-500ml 1 923 1430 1017 1739
wdm-wjxjy-500ml 1 1008 1439 1103 1741
wdm-btlcjy-500ml 1 1091 1444 1200 1739
wdm-btlcjy-500ml 1 1188 1441 1285 1750
wdm-btlcjy-500ml 1 1270 1444 1379 1759
wdm-btlcjy-1L 1 1376 1447 1494 1774
wdm-btlcjy-1L 1 1473 1450 1611 1786
wdm-btlcjy-1L 1 1594 1444 1726 1777
wdm-wjxjy-1.8L 1 264 1741 426 2036
wdm-wjxjy-1.8L 1 406 1756 564 2047
wdm-wjxjy-1.8L 1 544 1759 706 2039
wdm-wjxjy-1.3L 1 685 1774 820 2053
wdm-wjxjy-1.3L 1 808 1791 941 2053
wdm-wjxjy-1.3L 1 932 1797 1067 2065
wdm-wjxjy-1.3L 1 1058 1809 1194 2074
wdm-wjxjy-1L 1 1179 1803 1294 2118
wdm-wjxjy-1L 1 1282 1809 1400 2112
wdm-wjxjy-1L 1 1385 1818 1500 2112
wdm-wjxjy-1L 1 1491 1824 1617 2127
wdm-wjxjy-1L 1 1585 1841 1726 2141
