wdm-wjxjy-500ml 1 341 568 429 827
wdm-wjxjy-500ml 1 276 559 370 839
wdm-wjxjy-800ml 1 414 524 508 821
wdm-wjxjy-800ml 1 500 530 588 818
wdm-wjxjy-800ml 1 576 530 667 824
wdm-wjxjy-800ml 1 653 530 738 833
wdm-wjxjy-800ml 1 729 542 811 833
wdm-wjxjy-800ml 1 805 542 894 836
wdm-wjxjy-800ml 1 879 539 964 839
wdm-wjxjy-800ml 1 947 536 1032 836
wdm-wjxjy-800ml 1 1020 544 1100 833
wdm-zphy-510g 1 1205 586 1270 833
wdm-zphy-510g 1 1261 580 1323 833
wdm-zphy-510g 1 835 1183 897 1421
wdm-zphy-510g 1 885 1177 944 1418
wdm-zphy-510g 1 938 1168 1005 1424
wdm-btlcjy-500ml 1 1150 1171 1223 1415
wdm-btlcjy-500ml 1 1208 1174 1285 1403
wdm-cxhy-510g 1 997 1180 1055 1418
wdm-cxhy-510g 1 1047 1177 1114 1421
wdm-cxhy-510g 1 1103 1183 1167 1430
wdm-qxmc-460ml 1 776 1162 844 1436
wdm-qxmc-460ml 1 714 1168 794 1430
wdm-cxmc-460ml 1 655 1174 726 1430
wdm-cxmc-460ml 1 594 1174 664 1442
wdm-cxmc-460ml 1 532 1180 605 1439
wdm-btlcjy-1L 1 1232 856 1323 1106
wdm-btlcjy-1L 1 1173 850 1244 1112
wdm-wjxjy-1L 1 955 856 1041 1103
wdm-wjxjy-1L 1 885 856 961 1112
wdm-wjxjy-1L 1 805 853 894 1121
wdm-wjxjy-1L 1 732 850 817 1115
wdm-wjxjy-1L 1 653 853 741 1109
wdm-wjxjy-1L 1 582 842 664 1112
wdm-wjxjy-1L 1 505 847 588 1124
wdm-wjxjy-1L 1 426 856 517 1130
wdm-wjxjy-1L 1 347 847 429 1118
wdm-cxmc-1.3L 1 517 1486 629 1750
wdm-cxmc-1.3L 1 617 1492 723 1739
wdm-wjxjy-1.3L 1 705 1486 811 1747
wdm-wjxjy-1.3L 1 791 1474 891 1733
wdm-wjxjy-1.3L 1 882 1465 976 1709
wdm-wjxjy-1.3L 1 967 1462 1073 1712
wdm-wjxjy-1.8L 1 1064 1450 1176 1718
wdm-wjxjy-1.8L 1 1164 1447 1276 1712
lyx-hsjy-500ml 1 1147 577 1223 833
lyx-hsjy-500ml 1 1076 571 1164 836
lyx-hsjy-500ml 1 464 1189 544 1453
lyx-hsjy-500ml 1 397 1189 482 1456
lyx-hsjy-500ml 1 320 1186 405 1456
