cbl-lyxdbj-300g 1 528 562 687 704
cbl-lyxdbj-300g 1 581 656 728 795
cbl-lyxdbj-800g 1 341 566 524 749
cbl-lyxtmj-300g 1 454 591 595 737
cbl-lyxtmj-300g 1 506 695 637 812
cbl-lyxtmj-800g 1 397 695 568 839
cbl-hdj-900g 1 620 495 828 758
cbl-lhdj-900g 1 708 464 928 733
wdm-cxhy-510g 1 1387 629 1612 1014
wdm-spjbsc-500ml 1 1289 660 1504 1031
wdm-btlcjy-500ml 1 1191 689 1416 1039
wdm-wjxjy-500ml 1 1095 716 1301 1049
wdm-wjxjy-500ml 1 1008 737 1212 1050
wdm-wjxjy-1L 1 908 745 1118 1068
wdm-wjxjy-1L 1 828 770 1033 1085
wdm-wjxjy-1L 1 741 791 943 1091
wdm-cxmc-1.3L 1 676 808 876 1104
wdm-wjxjy-1.3L 1 556 827 803 1124
