wdm-zphy-510g 1 488 441 542 634
wdm-zphy-510g 1 537 441 588 636
wdm-zphy-510g 1 583 441 639 634
wdm-cxhy-510g 1 637 441 695 641
wdm-cxhy-510g 1 688 441 744 649
wdm-cxhy-510g 1 742 446 800 646
wdm-cxmc-460ml 1 793 434 856 649
wdm-cxmc-460ml 1 844 436 910 644
wdm-cxmc-460ml 1 898 434 956 649
wdm-cxmc-460ml 1 951 436 1015 649
wdm-qxmc-460ml 1 1007 439 1071 651
wdm-qxmc-460ml 1 1066 441 1122 653
wdm-spjbsc-500ml 1 1115 449 1183 658
wdm-spjbsc-500ml 1 1173 449 1239 658
wdm-spjbsc-500ml 1 1229 451 1290 658
wdm-spjbsc-500ml 1 1285 449 1349 658
wdm-spjbsc-500ml 1 1342 449 1407 663
wdm-wjxjy-500ml 1 451 683 520 870
wdm-wjxjy-500ml 1 507 683 566 870
wdm-wjxjy-500ml 1 559 685 617 870
wdm-wjxjy-800ml 1 463 890 551 1085
wdm-wjxjy-800ml 1 539 900 617 1097
wdm-wjxjy-800ml 1 607 900 681 1095
wdm-wjxjy-800ml 1 673 900 746 1095
wdm-wjxjy-1L 1 737 907 803 1102
wdm-wjxjy-1L 1 795 909 863 1107
wdm-wjxjy-1L 1 856 912 927 1114
wdm-wjxjy-1L 1 920 909 993 1114
wdm-wjxjy-1L 1 983 914 1056 1119
wdm-btlcjy-500ml 1 612 683 676 875
wdm-btlcjy-500ml 1 666 685 732 880
wdm-btlcjy-500ml 1 729 685 788 880
wdm-btlcjy-500ml 1 783 685 844 883
wdm-zplj-450ml 1 834 675 893 888
wdm-zplj-450ml 1 885 675 942 885
wdm-zplj-450ml 1 937 678 993 895
wdm-zplj-450ml 1 988 680 1042 890
lyx-hsjy-500ml 1 1037 688 1103 890
lyx-hsjy-500ml 1 1093 690 1161 895
lyx-hsjy-500ml 1 1154 688 1215 905
lyx-tjyzjy-500ml 1 1210 692 1276 905
lyx-tjyzjy-500ml 1 1271 692 1337 907
lyx-tjyzjy-500ml 1 1332 690 1400 905
wdm-wjxjy-800ml 1 1049 922 1112 1119
wdm-wjxjy-800ml 1 1105 917 1178 1127
wdm-wjxjy-800ml 1 1171 927 1237 1124
wdm-wjxjy-800ml 1 1227 922 1300 1127
wdm-wjxjy-800ml 1 1288 931 1363 1134
wdm-wjxjy-1.3L 1 488 1131 573 1336
wdm-wjxjy-1.3L 1 566 1136 649 1336
wdm-wjxjy-1.3L 1 642 1139 729 1349
wdm-wjxjy-1.3L 1 717 1136 803 1344
wdm-wjxjy-1.3L 1 793 1141 876 1349
wdm-wjxjy-1.8L 1 866 1139 966 1356
wdm-wjxjy-1.8L 1 956 1144 1049 1356
wdm-wjxjy-1.8L 1 1039 1144 1132 1363
wdm-wjxjy-1.8L 1 1124 1146 1224 1370
wdm-wjxjy-1.8L 1 1212 1156 1312 1370
wdm-wjxjy-1.8L 1 1300 1158 1400 1380
