cbl-lyxdbj-300g 1 603 1012 714 1118
cbl-lyxdbj-300g 1 618 1081 728 1177
cbl-lyxdbj-300g 1 508 1012 616 1120
cbl-lyxdbj-300g 1 522 1099 631 1183
cbl-lyxdbj-300g 1 420 1020 524 1125
cbl-lyxdbj-300g 1 426 1104 539 1183
wdm-wjxjy-800ml 1 1551 8 1678 435
wdm-wjxjy-800ml 1 1439 22 1566 445
wdm-wjxjy-800ml 1 1335 39 1451 450
wdm-wjxjy-800ml 1 1228 41 1345 450
wdm-wjxjy-800ml 1 1129 58 1254 458
wdm-wjxjy-800ml 1 1039 77 1149 466
wdm-wjxjy-800ml 1 937 91 1062 472
wdm-wjxjy-1L 1 826 114 966 487
wdm-wjxjy-1L 1 729 125 864 493
wdm-wjxjy-1L 1 635 141 776 497
wdm-wjxjy-1L 1 549 152 683 502
wdm-wjxjy-1.3L 1 397 179 564 512
wdm-wjxjy-1.3L 1 293 197 443 522
wdm-wjxjy-1.3L 1 197 206 343 529
