cbl-lyxdbj-300g 1 335 56 526 227
cbl-lyxdbj-300g 1 343 200 538 359
cbl-lyxdbj-300g 1 511 83 685 250
cbl-lyxdbj-300g 1 511 224 699 380
cbl-lyxdbj-300g 1 676 118 840 271
cbl-lyxdbj-300g 1 673 247 840 397
cbl-lyxdbj-500g 1 376 474 576 647
cbl-lyxdbj-500g 1 379 627 582 791
cbl-lyxdbj-500g 1 558 494 729 656
cbl-lyxdbj-500g 1 567 639 735 809
cbl-lyxdbj-500g 1 717 509 879 662
cbl-lyxdbj-500g 1 720 650 882 812
cbl-lyxdbj-800g 1 396 1021 599 1206
cbl-lyxdbj-800g 1 352 874 552 1044
cbl-lyxdbj-800g 1 582 1018 779 1197
cbl-lyxdbj-800g 1 758 1018 935 1186
cbl-lyxdbj-800g 1 540 877 714 1036
cbl-lyxdbj-800g 1 702 883 867 1021
cbl-lyxtmj-300g 1 826 147 988 291
cbl-lyxtmj-300g 1 820 271 979 433
cbl-lyxtmj-300g 1 964 165 1126 312
cbl-lyxtmj-300g 1 961 289 1117 430
cbl-hdj-300g 1 870 650 1079 744
cbl-hdj-300g 1 867 721 1079 821
cbl-hdj-300g 1 1058 653 1229 747
cbl-hdj-300g 1 1058 739 1220 821
cbl-hdj-900g 1 729 1583 876 1856
cbl-hdj-900g 1 849 1565 976 1827
