wdm-wjxjy-1L 1 200 94 361 562
wdm-wjxjy-1L 1 303 106 473 553
wdm-wjxjy-1L 1 417 106 576 550
wdm-wjxjy-1L 1 529 124 670 541
wdm-wjxjy-1L 1 635 139 767 536
wdm-wjxjy-1L 1 732 136 853 533
wdm-wjxjy-1L 1 820 150 932 527
wdm-wjxjy-800ml 1 906 139 1011 521
wdm-wjxjy-800ml 1 979 139 1085 518
wdm-wjxjy-800ml 1 1061 147 1153 515
wdm-wjxjy-800ml 1 1129 150 1223 512
wdm-wjxjy-800ml 1 1203 150 1294 515
wdm-wjxjy-800ml 1 1270 150 1350 491
wdm-wjxjy-800ml 1 1332 159 1411 494
wdm-wjxjy-800ml 1 1379 159 1438 497
cbl-lyxtmj-300g 1 370 741 514 871
cbl-lyxtmj-300g 1 391 847 532 977
cbl-lyxdbj-300g 1 500 727 644 859
cbl-lyxdbj-300g 1 514 830 653 953
cbl-lyxdbj-300g 1 623 712 764 839
cbl-lyxdbj-300g 1 638 812 767 947
cbl-lyxdbj-300g 1 732 703 856 827
cbl-lyxdbj-300g 1 738 797 873 930
cbl-lyxdbj-300g 1 850 694 958 812
cbl-lyxdbj-300g 1 853 791 967 906
cbl-lyxdbj-500g 1 897 665 1047 786
cbl-lyxdbj-500g 1 944 765 1058 894
cbl-lyxdbj-500g 1 1029 653 1132 771
cbl-lyxdbj-500g 1 1032 750 1141 874
cbl-lyxdbj-800g 1 1088 621 1226 750
cbl-lyxdbj-800g 1 1123 733 1235 859
cbl-lyxdbj-800g 1 1206 618 1314 736
cbl-lyxdbj-800g 1 1217 724 1320 847
wdm-spjbsc-500ml 1 388 1103 500 1433
wdm-spjbsc-500ml 1 447 1083 573 1415
wdm-spjbsc-500ml 1 532 1071 650 1389
wdm-cxhy-510g 1 603 1059 711 1368
wdm-cxhy-510g 1 670 1044 767 1350
wdm-cxhy-510g 1 732 1033 835 1341
wdm-cxhy-510g 1 791 1015 891 1315
wdm-cxmc-460ml 1 853 986 944 1297
wdm-cxmc-460ml 1 914 974 1011 1280
wdm-cxmc-460ml 1 958 959 1047 1265
wdm-qxmc-460ml 1 1011 950 1108 1253
wdm-qxmc-460ml 1 1067 941 1153 1244
wdm-qxmc-460ml 1 1126 924 1208 1227
wdm-btlcjy-500ml 1 1179 936 1256 1206
wdm-btlcjy-500ml 1 1226 915 1306 1191
wdm-wjxjy-500ml 1 1288 918 1356 1183
wdm-wjxjy-500ml 1 1338 912 1394 1156
wdm-wjxjy-500ml 1 1382 891 1444 1156
wdm-wjxjy-800ml 1 917 1741 1014 2039
wdm-wjxjy-800ml 1 988 1715 1073 2009
wdm-wjxjy-1.3L 1 526 1947 667 2256
wdm-wjxjy-1.3L 1 626 1903 770 2200
wdm-wjxjy-1.3L 1 732 1856 850 2144
wdm-wjxjy-1.3L 1 820 1803 938 2086
wdm-wjxjy-1.8L 1 1047 1683 1153 1965
wdm-wjxjy-1.8L 1 1117 1641 1223 1918
wdm-wjxjy-1.8L 1 1197 1603 1303 1868
wdm-wjxjy-1.8L 1 1273 1562 1373 1833
wdm-wjxjy-1.8L 1 1347 1536 1444 1786
cbl-hdj-900g 1 432 1615 570 1859
cbl-hdj-900g 1 526 1583 658 1821
cbl-hdj-900g 1 1291 624 1376 824
cbl-hdj-900g 1 1358 612 1429 818
