wdm-wjxjy-1L 1 1305 424 1458 889
wdm-wjxjy-1L 1 1179 430 1332 889
wdm-wjxjy-1L 1 1050 439 1200 900
wdm-wjxjy-1L 1 929 442 1067 909
wdm-wjxjy-1L 1 779 1033 929 1477
wdm-wjxjy-1L 1 905 1015 1055 1471
wdm-wjxjy-800ml 1 782 409 944 918
wdm-wjxjy-800ml 1 653 418 811 921
wdm-wjxjy-800ml 1 517 421 679 933
wdm-wjxjy-800ml 1 667 1018 805 1480
wdm-wjxjy-800ml 1 541 1030 691 1489
wdm-wjxjy-500ml 1 397 509 544 924
wdm-wjxjy-500ml 1 297 512 432 939
wdm-wjxjy-1.3L 1 1047 1033 1223 1459
wdm-wjxjy-1.3L 1 1191 1015 1382 1436
wdm-wjxjy-1.3L 1 1353 1003 1538 1430
cbl-lyxdbj-300g 1 341 1762 526 1947
