wdm-zphy-510g 1 570 520 601 681
wdm-zphy-510g 1 591 516 628 685
wdm-wjxjy-500ml 1 616 520 645 679
wdm-wjxjy-500ml 1 639 520 678 685
wdm-wjxjy-500ml 1 666 514 703 679
wdm-wjxjy-500ml 1 697 512 733 679
wdm-wjxjy-800ml 1 810 481 866 693
wdm-wjxjy-800ml 1 847 481 903 693
wdm-wjxjy-800ml 1 895 472 962 697
wdm-spjbsc-500ml 1 722 500 762 687
wdm-spjbsc-500ml 1 753 497 795 693
wdm-spjbsc-500ml 1 787 493 833 693
wdm-spjbsc-500ml 1 676 714 716 885
wdm-spjbsc-500ml 1 706 716 747 889
wdm-spjbsc-500ml 1 735 714 776 891
wdm-cxmc-460ml 1 758 716 806 893
wdm-cxmc-460ml 1 787 712 831 906
wdm-cxmc-460ml 1 816 712 862 910
wdm-cxmc-460ml 1 845 714 889 922
wdm-cxmc-460ml 1 879 718 924 925
wdm-cxmc-460ml 1 912 718 964 931
wdm-cxmc-460ml 1 951 720 999 939
wdm-cxmc-460ml 1 985 729 1041 943
wdm-cxhy-510g 1 651 710 687 881
wdm-cxhy-510g 1 618 702 664 879
wdm-cxhy-510g 1 587 706 631 872
wdm-btlcjy-1L 1 949 468 1014 699
wdm-btlcjy-1L 1 999 458 1078 708
wdm-cxmc-1.3L 1 1053 462 1143 700
wdm-cxmc-1.3L 1 1126 460 1218 708
wdm-spsc-2L 1 706 918 778 1087
wdm-spsc-2L 1 758 925 824 1097
wdm-spsc-2L 1 799 935 864 1114
wdm-wjxjy-1L 1 589 887 635 1045
wdm-wjxjy-1L 1 618 893 658 1056
wdm-wjxjy-1L 1 645 900 689 1070
wdm-wjxjy-1L 1 676 906 724 1079
wdm-wjxjy-1.8L 1 843 943 939 1135
wdm-wjxjy-1.8L 1 914 954 1018 1166
wdm-wjxjy-1.3L 1 989 974 1068 1189
wdm-wjxjy-1.3L 1 1056 987 1151 1214
wdm-wjxjy-1.3L 1 1129 1004 1222 1227
lyx-tjyzjy-500ml 1 1024 729 1087 956
lyx-tjyzjy-500ml 1 1072 731 1143 970
lyx-tjyzjy-500ml 1 1126 737 1197 974
