wdm-wjxjy-800ml 1 119 495 238 914
wdm-wjxjy-800ml 1 202 497 316 939
wdm-wjxjy-800ml 1 297 495 428 951
wdm-wjxjy-1.3L 1 416 534 582 961
wdm-wjxjy-1.3L 1 550 544 711 980
wdm-cxmc-460ml 1 697 541 819 1000
wdm-qxmc-460ml 1 811 536 936 1007
wdm-qxmc-460ml 1 914 546 1043 1022
wdm-qxmc-460ml 1 1021 539 1150 1044
wdm-spjbsc-500ml 1 1136 563 1287 1063
wdm-spjbsc-500ml 1 1275 563 1433 1078
wdm-spjbsc-500ml 1 1423 558 1584 1095
wdm-cxhy-510g 1 1570 566 1728 1112
wdm-cxhy-510g 1 1716 563 1884 1117
cbl-lyxtmj-500g 1 521 1075 711 1256
cbl-lyxtmj-500g 1 523 1209 711 1378
cbl-lyxdbj-500g 1 667 1217 855 1409
cbl-lyxdbj-500g 1 736 1061 928 1234
