cbl-lyxdbj-300g 1 355 715 503 877
cbl-lyxdbj-300g 1 161 665 379 856
cbl-lyxdbj-300g 1 132 527 329 692
cbl-lyxdbj-300g 1 185 827 385 1009
cbl-lyxdbj-300g 1 200 980 405 1153
cbl-lyxdbj-300g 1 1 477 147 662
cbl-lyxdbj-300g 1 1 636 179 833
cbl-lyxdbj-300g 1 1 809 200 1012
cbl-lyxdbj-300g 1 1 977 214 1180
cbl-lyxdbj-300g 1 314 556 500 739
cbl-lyxtmj-300g 1 355 856 547 1015
cbl-lyxtmj-300g 1 373 994 555 1147
wdm-cxmc-460ml 1 1358 1083 1467 1421
wdm-cxmc-460ml 1 1282 1089 1385 1412
wdm-cxmc-460ml 1 1435 1080 1520 1409
wdm-spjbsc-500ml 1 1438 1430 1535 1747
