cbl-lyxdbj-500g 1 226 1324 426 1480
cbl-lyxdbj-500g 1 226 1450 417 1618
cbl-lyxdbj-500g 1 400 1333 579 1480
cbl-lyxdbj-500g 1 408 1465 570 1618
cbl-lyxtmj-300g 1 564 1362 714 1483
cbl-lyxtmj-300g 1 564 1471 717 1589
cbl-lyxtmj-300g 1 697 1359 832 1480
cbl-lyxtmj-300g 1 700 1465 832 1591
cbl-lyxdbj-300g 1 826 1362 958 1480
cbl-lyxdbj-300g 1 820 1465 958 1574
cbl-lyxdbj-300g 1 938 1359 1056 1471
cbl-lyxdbj-300g 1 935 1462 1056 1571
cbl-lyxdbj-300g 1 1044 1359 1161 1468
cbl-lyxdbj-300g 1 1038 1456 1158 1574
cbl-hdj-900g 1 1138 1333 1261 1565
cbl-hdj-900g 1 1238 1339 1323 1556
cbl-hdj-900g 1 1311 1339 1406 1562
cbl-hdj-900g 1 1394 1336 1473 1544
cbl-hdj-900g 1 1461 1327 1550 1544
wdm-cxhy-510g 1 623 609 717 956
wdm-cxhy-510g 1 708 627 800 980
wdm-cxhy-510g 1 785 641 870 983
wdm-cxhy-510g 1 861 653 935 980
wdm-qxmc-460ml 1 929 659 1008 994
wdm-qxmc-460ml 1 997 665 1073 1000
wdm-qxmc-460ml 1 1058 686 1138 991
wdm-spjbsc-500ml 1 1126 712 1206 1009
wdm-spjbsc-500ml 1 1197 724 1285 1015
wdm-spjbsc-500ml 1 1267 736 1335 1024
wdm-cxmc-460ml 1 1323 741 1400 1036
wdm-cxmc-460ml 1 1388 750 1453 1039
wdm-cxmc-460ml 1 1444 765 1506 1044
wdm-cxmc-460ml 1 1500 774 1561 1053
wdm-btlcjy-500ml 1 1497 409 1573 650
wdm-btlcjy-500ml 1 1441 391 1514 633
wdm-btlcjy-500ml 1 1373 380 1444 609
wdm-btlcjy-500ml 1 1308 362 1385 600
wdm-wjxjy-500ml 1 1244 333 1314 586
wdm-wjxjy-500ml 1 1185 312 1256 565
wdm-wjxjy-500ml 1 1120 294 1194 547
wdm-wjxjy-500ml 1 1058 268 1132 524
wdm-wjxjy-1L 1 973 186 1085 515
wdm-wjxjy-1L 1 873 159 988 494
wdm-wjxjy-1L 1 776 124 894 456
wdm-wjxjy-1L 1 673 89 794 433
wdm-wjxjy-800ml 1 570 15 688 391
wdm-wjxjy-800ml 1 450 1 579 356
wdm-wjxjy-800ml 1 326 1 464 327
wdm-wjxjy-800ml 1 538 1891 667 2356
wdm-wjxjy-800ml 1 650 1874 773 2327
wdm-wjxjy-800ml 1 758 1859 870 2297
wdm-wjxjy-800ml 1 858 1847 976 2277
wdm-wjxjy-800ml 1 956 1839 1061 2253
wdm-wjxjy-1.3L 1 1041 1850 1179 2224
wdm-wjxjy-1.3L 1 1144 1824 1270 2189
wdm-wjxjy-1.8L 1 1256 1815 1391 2171
wdm-wjxjy-1.8L 1 1353 1800 1467 2141
wdm-wjxjy-1.8L 1 1444 1783 1556 2121
wdm-wjxjy-1.8L 1 1526 1771 1638 2089
