cbl-hdj-900g 1 820 278 949 524
cbl-hdj-900g 1 944 270 1093 517
cbl-hdj-900g 1 1232 263 1373 507
cbl-hdj-900g 1 1359 268 1510 507
cbl-hdj-900g 1 1476 263 1646 509
cbl-hdj-900g 1 854 605 1027 875
cbl-hdj-900g 1 1012 607 1156 878
cbl-hdj-900g 1 1137 605 1293 858
cbl-hdj-900g 1 644 600 812 856
cbl-hdj-900g 1 517 592 671 853
cbl-hdj-900g 1 1256 556 1383 834
cbl-hdj-900g 1 1354 536 1515 836
cbl-hdj-900g 1 1476 546 1649 834
cbl-hdj-900g 1 1251 829 1405 1073
cbl-hdj-900g 1 1371 827 1527 1073
cbl-hdj-900g 1 1500 817 1649 1056
cbl-hdj-900g 1 1100 890 1239 1083
cbl-hdj-900g 1 1222 1080 1366 1241
cbl-hdj-900g 1 1342 1085 1478 1236
cbl-hdj-900g 1 1449 1075 1600 1227
cbl-hdj-900g 1 1100 1100 1220 1231
cbl-hdj-900g 1 990 1080 1110 1249
cbl-hdj-900g 1 871 1078 998 1263
cbl-hdj-900g 1 729 1095 863 1258
cbl-hdj-900g 1 615 1090 751 1266
cbl-hdj-900g 1 488 1088 637 1275
cbl-hdj-900g 1 976 895 1110 1070
cbl-hdj-900g 1 856 897 981 1078
wdm-wjxjy-800ml 1 1690 17 1910 500
