wdm-wjxjy-2L 1 1682 1492 1858 1921
wdm-wjxjy-2L 1 1500 1500 1729 1924
wdm-wjxjy-1.8L 1 1308 1500 1532 1918
wdm-wjxjy-1.8L 1 1114 1512 1353 1930
wdm-wjxjy-1.3L 1 917 1515 1129 1912
wdm-wjxjy-800ml 1 753 1527 920 1915
wdm-wjxjy-800ml 1 632 1512 785 1921
wdm-wjxjy-800ml 1 494 1503 653 1906
wdm-spjbsc-1.3L 1 300 1509 523 1942
wdm-spjbsc-1.3L 1 85 1503 338 1965
cbl-hdj-900g 1 476 2112 655 2447
cbl-hdj-900g 1 623 2103 779 2444
cbl-hdj-900g 1 750 2103 914 2442
wdm-qxmc-460ml 1 85 1036 235 1474
wdm-qxmc-460ml 1 203 1024 338 1474
wdm-qxmc-460ml 1 308 1015 432 1471
wdm-cxmc-460ml 1 417 1021 550 1471
wdm-cxmc-460ml 1 520 1024 653 1465
wdm-qxmc-460ml 1 623 1030 770 1471
wdm-cxhy-510g 1 732 1027 867 1462
wdm-cxhy-510g 1 850 1027 973 1453
wdm-zplj-450ml 1 958 1021 1076 1450
wdm-zplj-450ml 1 1061 1021 1179 1450
wdm-wjxjy-800ml 1 1164 1024 1303 1456
wdm-wjxjy-800ml 1 1285 1012 1435 1453
wdm-wjxjy-800ml 1 1408 1018 1558 1453
wdm-wjxjy-800ml 1 1535 1015 1679 1450
wdm-wjxjy-800ml 1 1664 1021 1811 1453
cbl-hdj-900g 1 617 630 794 956
cbl-hdj-900g 1 773 630 944 962
cbl-lyxdbj-300g 1 385 792 579 965
cbl-lyxtmj-300g 1 217 797 403 971
cbl-lyxtmj-300g 1 205 656 405 818
cbl-lyxtmj-300g 1 32 800 232 965
cbl-lyxtmj-300g 1 17 653 217 824
