wdm-wjxjy-800ml 1 341 621 476 959
wdm-wjxjy-800ml 1 206 621 364 989
wdm-wjxjy-800ml 1 88 633 258 1006
wdm-wjxjy-800ml 1 1 633 117 1018
wdm-wjxjy-800ml 1 44 1247 206 1591
wdm-wjxjy-800ml 1 182 1233 347 1574
wdm-wjxjy-800ml 1 314 1209 467 1544
wdm-wjxjy-800ml 1 435 1194 567 1521
wdm-wjxjy-800ml 1 161 1691 311 1968
wdm-wjxjy-800ml 1 279 1656 426 1933
wdm-wjxjy-800ml 1 403 1630 532 1909
wdm-wjxjy-800ml 1 503 1606 629 1880
wdm-wjxjy-800ml 1 614 1174 717 1486
wdm-wjxjy-800ml 1 697 1159 826 1468
wdm-wjxjy-800ml 1 800 1141 926 1447
wdm-wjxjy-800ml 1 903 1124 1020 1427
wdm-wjxjy-800ml 1 1120 1080 1223 1386
wdm-wjxjy-800ml 1 1208 1065 1314 1368
wdm-wjxjy-800ml 1 1297 1047 1403 1336
wdm-wjxjy-800ml 1 1479 1012 1573 1283
wdm-wjxjy-800ml 1 1558 1003 1647 1277
wdm-wjxjy-800ml 1 1626 980 1726 1244
wdm-wjxjy-800ml 1 576 597 723 936
wdm-wjxjy-800ml 1 688 600 814 918
wdm-wjxjy-800ml 1 797 589 906 921
wdm-wjxjy-800ml 1 1006 571 1111 886
wdm-wjxjy-800ml 1 1103 568 1200 865
wdm-wjxjy-800ml 1 1185 571 1288 847
wdm-wjxjy-800ml 1 1364 568 1461 853
wdm-wjxjy-800ml 1 1438 562 1535 839
wdm-wjxjy-800ml 1 738 1527 858 1803
wdm-wjxjy-800ml 1 838 1515 958 1771
wdm-wjxjy-800ml 1 923 1497 1044 1759
wdm-wjxjy-800ml 1 1117 1444 1220 1694
wdm-wjxjy-800ml 1 1206 1418 1294 1683
wdm-wjxjy-800ml 1 1282 1418 1367 1644
wdm-wjxjy-800ml 1 1444 1359 1529 1591
wdm-wjxjy-800ml 1 1514 1341 1600 1565
wdm-wjxjy-800ml 1 1591 1321 1676 1541
