wdm-wjxjy-1L 1 717 906 876 1341
wdm-wjxjy-1L 1 817 980 982 1418
wdm-wjxjy-1L 1 926 1047 1100 1477
wdm-wjxjy-1L 1 1073 1112 1250 1524
wdm-wjxjy-800ml 1 1200 1206 1388 1694
wdm-wjxjy-800ml 1 1323 1300 1556 1786
wdm-wjxjy-800ml 1 1456 1391 1697 1886
wdm-wjxjy-800ml 1 1606 1500 1900 1991
wdm-wjxjy-800ml 1 600 847 744 1244
wdm-wjxjy-800ml 1 526 789 667 1230
wdm-wjxjy-800ml 1 456 747 573 1194
wdm-wjxjy-800ml 1 376 709 485 1127
wdm-wjxjy-800ml 1 276 647 403 1033
wdm-wjxjy-800ml 1 208 612 338 1003
wdm-wjxjy-800ml 1 147 591 253 965
wdm-wjxjy-800ml 1 94 553 208 924
