wdm-spjbsc-500ml 1 620 1309 726 1641
wdm-wjxjy-800ml 1 726 768 838 1147
wdm-wjxjy-800ml 1 826 771 932 1147
wdm-wjxjy-800ml 1 920 771 1032 1147
wdm-wjxjy-800ml 1 1023 777 1123 1150
wdm-cxhy-510g 1 814 1318 908 1641
wdm-cxhy-510g 1 894 1321 985 1647
wdm-btlcjy-500ml 1 1003 1330 1100 1650
wdm-btlcjy-500ml 1 1088 1330 1191 1653
wdm-zphy-510g 1 1197 1318 1294 1650
wdm-zphy-510g 1 1282 1327 1385 1653
cbl-hdj-900g 1 885 1856 1003 2118
cbl-hdj-900g 1 991 1856 1108 2115
cbl-lyxdbj-300g 1 600 1980 738 2118
