cbl-lyxtmj-300g 1 1097 318 1305 500
cbl-lyxtmj-300g 1 1100 486 1255 639
cbl-lyxtmj-300g 1 976 350 1141 521
cbl-lyxtmj-300g 1 991 503 1132 653
cbl-lyxdbj-300g 1 864 386 1023 539
cbl-lyxdbj-300g 1 876 518 1020 677
cbl-lyxdbj-300g 1 800 412 920 553
cbl-lyxdbj-300g 1 811 536 923 677
cbl-lyxdbj-500g 1 732 400 847 547
cbl-lyxdbj-500g 1 750 539 853 671
cbl-lyxdbj-500g 1 676 406 785 556
cbl-lyxdbj-500g 1 694 542 803 686
cbl-lyxdbj-800g 1 591 412 711 562
cbl-lyxdbj-800g 1 608 544 735 689
cbl-lyxdbj-800g 1 532 427 635 571
cbl-lyxdbj-800g 1 553 544 658 706
wdm-cxhy-510g 1 1314 1253 1438 1600
wdm-cxhy-510g 1 1244 1233 1347 1574
wdm-spjbsc-500ml 1 1117 1192 1217 1506
wdm-spjbsc-500ml 1 1067 1177 1155 1471
wdm-spjbsc-500ml 1 1003 1156 1088 1450
wdm-wjxjy-500ml 1 682 1059 770 1303
wdm-wjxjy-500ml 1 735 1074 797 1327
wdm-wjxjy-500ml 1 770 1097 811 1324
wdm-wjxjy-500ml 1 800 1100 850 1356
wdm-wjxjy-500ml 1 823 1115 888 1374
wdm-zphy-510g 1 923 1139 1011 1415
wdm-zphy-510g 1 879 1121 953 1400
wdm-wjxjy-800ml 1 1164 1606 1314 1915
wdm-wjxjy-800ml 1 1100 1562 1197 1862
wdm-wjxjy-800ml 1 1038 1524 1135 1818
wdm-wjxjy-1L 1 994 1494 1079 1765
wdm-wjxjy-1L 1 926 1471 1017 1736
wdm-wjxjy-1L 1 870 1433 958 1700
wdm-wjxjy-1L 1 823 1409 905 1662
wdm-wjxjy-1L 1 782 1389 864 1630
wdm-wjxjy-1L 1 741 1365 803 1589
wdm-wjxjy-1L 1 705 1336 779 1565
