wdm-wjxjy-1.3L 1 828 920 912 1102
wdm-wjxjy-1.3L 1 899 920 976 1106
wdm-wjxjy-1.3L 1 964 925 1045 1110
wdm-wjxjy-1.3L 1 1035 924 1126 1118
wdm-wjxjy-1.3L 1 1131 927 1214 1120
wdm-wjxjy-1.8L 1 1201 914 1295 1120
wdm-wjxjy-1.8L 1 1281 914 1372 1120
wdm-wjxjy-1.8L 1 1366 916 1456 1116
wdm-wjxjy-1.8L 1 1445 918 1543 1120
wdm-wjxjy-1.8L 1 1535 918 1641 1133
wdm-wjxjy-1L 1 1591 658 1678 870
wdm-wjxjy-1L 1 1528 660 1612 875
wdm-wjxjy-1L 1 1464 656 1545 870
wdm-wjxjy-1L 1 1397 658 1479 868
wdm-wjxjy-500ml 1 939 679 999 858
wdm-wjxjy-500ml 1 889 679 951 854
wdm-wjxjy-500ml 1 843 677 899 856
wdm-wjxjy-500ml 1 795 677 853 852
wdm-wjxjy-800ml 1 795 389 870 622
wdm-wjxjy-800ml 1 853 393 918 616
wdm-wjxjy-800ml 1 906 393 974 622
wdm-wjxjy-800ml 1 966 391 1031 618
wdm-wjxjy-800ml 1 1022 389 1089 624
wdm-wjxjy-800ml 1 1079 385 1145 622
wdm-wjxjy-800ml 1 1133 387 1204 620
wdm-wjxjy-800ml 1 1195 385 1260 622
wdm-wjxjy-800ml 1 1251 385 1322 622
wdm-wjxjy-800ml 1 1310 383 1383 622
wdm-wjxjy-800ml 1 1370 383 1443 618
wdm-wjxjy-800ml 1 1429 383 1508 624
wdm-wjxjy-800ml 1 1493 372 1574 622
wdm-wjxjy-800ml 1 1556 375 1639 616
wdm-wjxjy-800ml 1 1620 375 1706 610
wdm-cxhy-510g 1 987 666 1039 862
wdm-cxhy-510g 1 1031 672 1085 862
wdm-cxhy-510g 1 1074 668 1128 858
wdm-cxmc-460ml 1 1116 664 1172 868
wdm-cxmc-460ml 1 1162 662 1222 870
wdm-cxmc-460ml 1 1208 662 1262 866
wdm-spjbsc-500ml 1 1249 674 1314 870
wdm-spjbsc-500ml 1 1304 672 1360 872
wdm-spjbsc-500ml 1 1351 674 1410 868
cbl-lyxdbj-300g 1 506 970 585 1039
cbl-lyxdbj-300g 1 508 1027 587 1087
cbl-lyxdbj-300g 1 570 974 647 1043
cbl-lyxdbj-300g 1 572 1022 649 1089
cbl-lyxdbj-300g 1 629 972 710 1049
cbl-lyxdbj-300g 1 635 1035 710 1095
cbl-lyxdbj-500g 1 437 954 516 1035
cbl-lyxdbj-500g 1 443 1022 524 1091
cbl-lyxdbj-500g 1 372 950 464 1033
cbl-lyxdbj-500g 1 379 1018 456 1081
cbl-lyxdbj-800g 1 297 872 401 964
cbl-lyxdbj-800g 1 299 945 397 1024
cbl-lyxdbj-800g 1 310 1010 399 1083
cbl-lyxdbj-800g 1 220 872 322 958
cbl-lyxdbj-800g 1 222 947 318 1018
cbl-lyxdbj-800g 1 233 999 320 1081
cbl-lyxtmj-300g 1 697 975 778 1049
cbl-lyxtmj-300g 1 699 1037 778 1102
cbl-lyxtmj-300g 1 764 975 841 1060
cbl-lyxtmj-300g 1 766 1041 841 1106
