wdm-wjxjy-800ml 1 223 677 326 1068
wdm-wjxjy-800ml 1 306 662 411 1053
wdm-wjxjy-800ml 1 388 647 494 1050
wdm-wjxjy-800ml 1 450 621 556 1050
wdm-wjxjy-800ml 1 526 597 664 1044
wdm-wjxjy-500ml 1 182 1197 279 1530
wdm-wjxjy-500ml 1 250 1197 341 1544
wdm-wjxjy-500ml 1 317 1191 417 1541
wdm-wjxjy-500ml 1 394 1189 488 1544
wdm-wjxjy-1L 1 647 603 791 1030
wdm-wjxjy-1L 1 770 586 903 1030
wdm-wjxjy-1L 1 885 565 1026 1030
wdm-wjxjy-1.3L 1 988 544 1191 1006
wdm-wjxjy-1.3L 1 1176 512 1397 997
wdm-wjxjy-1.8L 1 1356 439 1600 989
wdm-wjxjy-1.8L 1 1582 406 1841 962
wdm-btlcjy-500ml 1 461 1183 570 1547
wdm-btlcjy-500ml 1 544 1183 647 1547
wdm-btlcjy-500ml 1 629 1183 738 1556
wdm-cxhy-510g 1 714 1174 811 1565
wdm-cxhy-510g 1 800 1165 903 1577
wdm-cxhy-510g 1 885 1168 988 1586
wdm-spjbsc-500ml 1 967 1159 1082 1589
wdm-spjbsc-500ml 1 1070 1147 1206 1594
wdm-spjbsc-500ml 1 1182 1141 1306 1603
wdm-zplj-450ml 1 1291 1124 1432 1606
wdm-zplj-450ml 1 1417 1115 1576 1618
wdm-cxmc-460ml 1 1556 1100 1703 1644
wdm-cxmc-460ml 1 1688 1086 1861 1636
cbl-lyxdbj-300g 1 447 1762 606 1924
cbl-lyxdbj-300g 1 444 1886 594 2030
cbl-lyxdbj-300g 1 561 1780 726 1947
cbl-lyxdbj-300g 1 564 1903 711 2077
cbl-lyxdbj-300g 1 685 1809 861 1971
cbl-lyxdbj-300g 1 682 1939 838 2091
cbl-lyxdbj-300g 1 814 1815 997 1983
cbl-lyxdbj-300g 1 808 1941 991 2130
cbl-lyxdbj-500g 1 1320 1818 1535 2056
cbl-lyxdbj-500g 1 1320 1986 1517 2215
cbl-lyxtmj-300g 1 985 1827 1176 2018
cbl-lyxtmj-300g 1 1150 1847 1347 2047
cbl-lyxtmj-300g 1 979 1971 1167 2150
cbl-lyxtmj-300g 1 1156 2003 1356 2189
cbl-hdj-900g 1 1500 1862 1697 2268
cbl-hdj-900g 1 1664 1886 1885 2297
