wdm-wjxjy-1.8L 1 1467 777 1685 1253
wdm-wjxjy-1.8L 1 1270 786 1485 1262
wdm-wjxjy-1.8L 1 1091 797 1288 1262
wdm-wjxjy-1.8L 1 923 815 1126 1256
wdm-wjxjy-1.8L 1 753 818 941 1253
wdm-wjxjy-1.8L 1 1297 1342 1500 1815
wdm-wjxjy-1.8L 1 1114 1339 1314 1797
wdm-wjxjy-1.8L 1 941 1333 1135 1794
wdm-wjxjy-1.8L 1 776 1339 961 1783
wdm-wjxjy-1.8L 1 785 253 982 724
wdm-wjxjy-1.8L 1 964 256 1167 694
wdm-wjxjy-1.8L 1 1144 239 1338 692
wdm-wjxjy-1.3L 1 629 300 808 727
wdm-wjxjy-1.3L 1 485 315 644 721
wdm-wjxjy-1.3L 1 320 321 503 733
wdm-wjxjy-1.3L 1 191 339 355 753
wdm-wjxjy-1.3L 1 53 350 226 750
wdm-wjxjy-1.3L 1 603 847 773 1259
wdm-wjxjy-1.3L 1 453 850 620 1256
wdm-wjxjy-1.3L 1 303 862 488 1250
wdm-wjxjy-1.3L 1 170 865 341 1253
wdm-wjxjy-800ml 1 588 1324 729 1765
wdm-wjxjy-800ml 1 464 1330 594 1765
wdm-wjxjy-800ml 1 361 1318 485 1756
wdm-wjxjy-800ml 1 264 1324 394 1747
wdm-wjxjy-800ml 1 170 1312 300 1733
