cbl-hdj-900g 1 1259 375 1427 629
cbl-hdj-900g 1 1139 385 1285 612
cbl-hdj-900g 1 1027 385 1161 619
cbl-hdj-900g 1 1403 366 1478 607
cbl-hdj-900g 1 1466 363 1529 592
cbl-hdj-900g 1 1027 90 1178 344
cbl-hdj-900g 1 927 107 1054 327
cbl-hdj-900g 1 924 380 1029 597
cbl-hdj-900g 1 832 370 937 573
cbl-hdj-900g 1 759 373 854 568
cbl-hdj-900g 1 676 375 768 549
cbl-hdj-900g 1 610 375 685 549
cbl-hdj-900g 1 544 380 629 539
cbl-hdj-900g 1 671 144 773 344
cbl-hdj-900g 1 759 141 890 336
cbl-hdj-900g 1 1156 651 1273 858
cbl-hdj-900g 1 1037 631 1159 863
cbl-hdj-900g 1 939 622 1049 827
cbl-hdj-900g 1 1256 914 1395 1141
cbl-hdj-900g 1 1144 1122 1263 1324
cbl-hdj-900g 1 771 797 878 980
cbl-hdj-900g 1 776 980 881 1156
