cbl-hdj-900g 1 1441 1653 1617 1980
cbl-hdj-900g 1 1297 1636 1470 1959
cbl-hdj-500g 1 511 1486 700 1627
cbl-hdj-500g 1 506 1591 700 1730
cbl-hdj-300g 1 370 1633 532 1741
cbl-hdj-300g 1 358 1574 535 1668
cbl-hdj-300g 1 370 1489 547 1615
cbl-lyxtmj-300g 1 261 824 417 956
cbl-lyxtmj-300g 1 385 827 544 962
cbl-lyxdbj-300g 1 520 830 682 974
cbl-lyxdbj-300g 1 664 833 811 983
cbl-lyxdbj-500g 1 806 821 973 974
cbl-lyxdbj-500g 1 961 824 1138 977
cbl-lyxdbj-800g 1 1123 800 1329 980
cbl-lyxdbj-800g 1 1114 953 1314 1139
