wdm-wjxjy-500ml 1 461 924 550 1203
wdm-wjxjy-500ml 1 544 927 623 1209
wdm-wjxjy-500ml 1 617 927 697 1206
wdm-wjxjy-500ml 1 688 924 773 1206
wdm-wjxjy-500ml 1 770 927 850 1197
wdm-wjxjy-500ml 1 841 921 932 1197
wdm-wjxjy-500ml 1 920 918 1003 1191
wdm-wjxjy-500ml 1 991 915 1079 1194
wdm-wjxjy-1L 1 1064 865 1167 1197
wdm-wjxjy-1L 1 1156 865 1258 1200
wdm-wjxjy-1L 1 1247 856 1356 1191
wdm-wjxjy-1L 1 1347 862 1438 1189
wdm-cxhy-510g 1 185 947 267 1221
wdm-cxhy-510g 1 250 941 332 1218
wdm-cxhy-510g 1 306 930 403 1218
