cbl-lhdj-900g 1 935 1265 1100 1509
cbl-lhdj-900g 1 1035 1306 1206 1541
cbl-hdj-900g 1 850 1233 1008 1459
cbl-hdj-900g 1 726 1174 891 1400
cbl-hdj-900g 1 461 1080 608 1303
cbl-lyxdbj-800g 1 1485 1062 1691 1271
cbl-lyxdbj-500g 1 1326 1003 1520 1203
cbl-lyxdbj-500g 1 1282 1106 1467 1303
cbl-lyxdbj-300g 1 1197 977 1353 1147
cbl-lyxdbj-300g 1 1032 1027 1185 1183
cbl-lyxdbj-300g 1 1082 894 1226 1053
cbl-lyxdbj-300g 1 447 718 606 880
cbl-lyxsrdbj-300g 1 576 771 726 924
cbl-lyxsrdbj-300g 1 697 824 844 968
cbl-lyxtmj-300g 1 820 856 967 1021
cbl-lyxtmj-300g 1 938 906 1097 1074
wdm-wjxjy-800ml 1 541 139 700 568
wdm-wjxjy-800ml 1 641 189 806 600
wdm-wjxjy-800ml 1 741 215 941 630
wdm-wjxjy-800ml 1 832 241 1029 691
wdm-spjbsc-500ml 1 1256 418 1461 850
wdm-cxhy-510g 1 1420 518 1647 912
wdm-cxhy-510g 1 1529 562 1750 947
wdm-cxhy-510g 1 1606 586 1838 968
