wdm-wjxjy-500ml 1 441 1536 538 1871
wdm-wjxjy-500ml 1 520 1527 629 1874
wdm-wjxjy-500ml 1 617 1533 708 1865
wdm-wjxjy-500ml 1 1182 512 1297 859
wdm-wjxjy-500ml 1 1070 512 1191 868
wdm-wjxjy-500ml 1 961 524 1076 868
wdm-wjxjy-500ml 1 882 539 985 865
wdm-wjxjy-800ml 1 697 1477 817 1900
wdm-wjxjy-800ml 1 808 1486 938 1909
wdm-wjxjy-800ml 1 920 1497 1044 1906
wdm-wjxjy-800ml 1 1032 1492 1164 1912
wdm-wjxjy-800ml 1 1150 1500 1282 1924
wdm-wjxjy-800ml 1 1267 1494 1394 1918
wdm-wjxjy-800ml 1 1373 1492 1523 1939
wdm-wjxjy-800ml 1 1508 1500 1644 1942
wdm-wjxjy-1L 1 1464 2024 1617 2468
wdm-wjxjy-1L 1 1341 2021 1482 2453
wdm-wjxjy-1L 1 1220 2018 1350 2442
wdm-wjxjy-1L 1 1108 2009 1244 2424
wdm-wjxjy-1L 1 988 2000 1120 2400
wdm-wjxjy-1L 1 882 1989 1000 2392
wdm-wjxjy-1L 1 776 1986 888 2386
wdm-wjxjy-1L 1 667 1980 776 2374
wdm-wjxjy-1L 1 550 1971 676 2377
wdm-wjxjy-1L 1 447 1950 561 2342
wdm-wjxjy-1.8L 1 320 1930 473 2321
wdm-wjxjy-2L 1 161 1924 338 2321
wdm-cxmc-1.3L 1 300 1500 450 1874
wdm-spsc-2L 1 135 1462 314 1859
cbl-hdj-900g 1 950 1047 1100 1318
cbl-hdj-900g 1 1079 1044 1226 1318
cbl-hdj-900g 1 1211 1042 1353 1321
cbl-hdj-900g 1 1347 1036 1482 1321
cbl-hdj-900g 1 1473 1030 1629 1324
cbl-hdj-900g 1 753 615 897 874
cbl-hdj-900g 1 641 618 770 880
cbl-lyxdbj-300g 1 650 1065 797 1192
cbl-lyxdbj-300g 1 788 1071 944 1200
cbl-lyxdbj-300g 1 791 1189 956 1327
cbl-lyxdbj-300g 1 650 1186 797 1312
cbl-lyxdbj-500g 1 506 1153 661 1309
cbl-lyxdbj-800g 1 332 1027 532 1180
cbl-lyxdbj-800g 1 323 1159 514 1309
cbl-lyxdbj-800g 1 156 1039 335 1174
cbl-lyxdbj-800g 1 150 1159 335 1315
