cbl-lyxdbj-300g 1 431 464 531 550
cbl-lyxdbj-300g 1 270 541 364 625
cbl-lyxdbj-300g 1 281 608 372 689
cbl-lyxdbj-300g 1 337 539 433 627
cbl-lyxdbj-300g 1 347 602 441 687
cbl-lyxdbj-300g 1 414 539 514 631
cbl-lyxdbj-300g 1 431 612 524 691
cbl-lyxdbj-300g 1 487 537 597 631
cbl-lyxdbj-300g 1 493 606 608 697
cbl-lyxtmj-300g 1 176 550 285 635
cbl-lyxtmj-300g 1 193 616 295 691
cbl-lyxtmj-300g 1 110 549 199 633
cbl-lyxtmj-300g 1 120 618 214 689
wdm-wjxjy-1L 1 614 439 728 677
wdm-wjxjy-1L 1 685 431 785 683
wdm-wjxjy-1L 1 756 422 847 677
wdm-wjxjy-1L 1 824 425 922 683
wdm-wjxjy-1L 1 893 424 981 683
wdm-wjxjy-1L 1 958 425 1056 685
wdm-wjxjy-1L 1 1037 410 1120 679
wdm-wjxjy-1L 1 1104 414 1197 683
wdm-wjxjy-800ml 1 1179 397 1266 681
wdm-wjxjy-800ml 1 1251 389 1339 672
wdm-wjxjy-800ml 1 1329 383 1408 666
wdm-wjxjy-500ml 1 1403 422 1472 660
wdm-wjxjy-500ml 1 1460 425 1545 679
wdm-wjxjy-500ml 1 1533 414 1608 660
wdm-wjxjy-500ml 1 1599 416 1676 668
wdm-wjxjy-500ml 1 1668 408 1756 664
wdm-wjxjy-500ml 1 1741 395 1828 660
wdm-wjxjy-1L 1 531 724 629 935
wdm-wjxjy-1L 1 589 727 689 941
wdm-btlcjy-1L 1 860 727 947 941
wdm-btlcjy-1L 1 926 720 1010 933
wdm-wjxjy-800ml 1 1360 714 1443 945
wdm-wjxjy-800ml 1 1435 720 1516 935
wdm-wjxjy-800ml 1 1503 722 1593 939
wdm-wjxjy-800ml 1 1578 714 1668 941
wdm-wjxjy-800ml 1 1653 718 1743 949
wdm-wjxjy-1.8L 1 897 1008 999 1237
wdm-wjxjy-1.8L 1 808 1012 914 1229
wdm-wjxjy-1.8L 1 716 1016 824 1235
wdm-wjxjy-1.8L 1 626 1004 731 1224
wdm-wjxjy-1.3L 1 545 1014 653 1224
wdm-wjxjy-1.3L 1 458 1014 566 1227
wdm-wjxjy-1.3L 1 376 1006 481 1220
wdm-wjxjy-800ml 1 1574 1062 1664 1310
wdm-wjxjy-1.3L 1 1485 1079 1595 1310
wdm-cxmc-1.3L 1 1399 1066 1501 1291
wdm-cxmc-1.3L 1 1318 1054 1416 1277
wdm-spjbsc-1.3L 1 1229 1054 1324 1275
wdm-spjbsc-1.3L 1 1151 1041 1241 1262
lyx-tjjy-500ml 1 995 724 1070 943
lyx-tjjy-500ml 1 1056 727 1141 950
lyx-tjjy-500ml 1 1112 718 1189 933
lyx-hsjy-500ml 1 1179 724 1251 941
lyx-hsjy-500ml 1 1245 724 1314 943
lyx-hsjy-500ml 1 1301 712 1372 933
