cbl-lyxdbj-300g 1 8 1386 205 1639
cbl-lhdj-900g 1 138 1294 403 1692
cbl-lhdj-900g 1 208 1339 505 1777
cbl-lhdj-900g 1 264 1386 576 1871
cbl-hdj-900g 1 391 1450 720 2003
cbl-hdj-900g 1 582 1512 885 2168
wdm-cxhy-510g 1 682 1362 1058 2327
wdm-cxhy-510g 1 794 1412 1226 2456
wdm-spjbsc-1.3L 1 997 1424 1647 2560
wdm-wjxjy-1L 1 120 250 408 883
wdm-wjxjy-1L 1 194 230 500 894
wdm-wjxjy-800ml 1 361 136 638 912
wdm-wjxjy-800ml 1 455 74 764 900
wdm-wjxjy-1.8L 1 558 44 973 903
wdm-wjxjy-1.8L 1 782 1 1232 894
wdm-cxmc-1.3L 1 1044 1 1679 894
wdm-cxmc-1.3L 1 1505 1 1920 897
