wdm-btlcjy-500ml 1 624 185 681 392
wdm-btlcjy-500ml 1 668 183 727 392
wdm-btlcjy-500ml 1 710 178 771 397
wdm-cxhy-510g 1 654 441 698 641
wdm-cxhy-510g 1 685 449 737 641
wdm-cxhy-510g 1 722 446 773 656
wdm-cxmc-460ml 1 761 441 815 661
wdm-cxmc-460ml 1 798 444 854 663
wdm-cxmc-460ml 1 842 449 890 678
wdm-qxmc-460ml 1 876 451 942 688
wdm-qxmc-460ml 1 927 456 988 700
wdm-spjbsc-500ml 1 754 166 815 405
wdm-spjbsc-500ml 1 803 161 866 407
wdm-spjbsc-500ml 1 851 161 907 407
wdm-zplj-450ml 1 890 146 961 417
wdm-zplj-450ml 1 944 146 1007 414
wdm-zplj-450ml 1 990 141 1061 412
wdm-zphy-510g 1 617 436 661 631
wdm-zphy-510g 1 590 436 637 631
wdm-zphy-510g 1 554 436 600 624
wdm-wjxjy-500ml 1 588 183 646 390
wdm-wjxjy-500ml 1 546 180 600 390
wdm-wjxjy-500ml 1 510 183 566 395
wdm-wjxjy-800ml 1 581 646 644 846
wdm-wjxjy-800ml 1 627 663 685 853
wdm-wjxjy-800ml 1 668 678 739 870
wdm-wjxjy-800ml 1 724 683 795 883
wdm-wjxjy-1L 1 778 695 849 902
wdm-wjxjy-1L 1 827 709 898 927
wdm-wjxjy-1L 1 876 724 946 944
wdm-wjxjy-1L 1 932 727 998 949
wdm-wjxjy-1L 1 985 746 1054 963
wdm-wjxjy-800ml 1 1188 1063 1263 1278
wdm-wjxjy-800ml 1 1132 1041 1205 1256
wdm-wjxjy-800ml 1 1076 1019 1144 1231
wdm-wjxjy-800ml 1 1024 1002 1090 1202
wdm-wjxjy-800ml 1 985 990 1037 1170
wdm-wjxjy-1.3L 1 920 978 998 1161
wdm-wjxjy-1.3L 1 866 949 937 1144
wdm-wjxjy-1.3L 1 807 934 878 1105
wdm-wjxjy-1.8L 1 737 905 817 1085
wdm-wjxjy-1.8L 1 671 883 759 1066
wdm-wjxjy-1.8L 1 620 868 693 1039
