cbl-hdj-900g 1 817 502 932 714
cbl-hdj-900g 1 905 500 1020 702
cbl-hdj-900g 1 844 690 946 897
cbl-hdj-900g 1 922 680 1017 878
cbl-hdj-900g 1 1103 485 1200 668
cbl-hdj-900g 1 1181 483 1276 668
cbl-hdj-900g 1 1120 656 1215 841
cbl-hdj-900g 1 1188 649 1261 817
wdm-wjxjy-800ml 1 761 588 861 909
wdm-wjxjy-800ml 1 1239 544 1307 812
wdm-wjxjy-800ml 1 1290 536 1368 792
wdm-wjxjy-800ml 1 1407 631 1510 900
wdm-wjxjy-800ml 1 1063 553 1132 844
wdm-wjxjy-800ml 1 985 558 1076 868
wdm-wjxjy-800ml 1 720 578 807 883
wdm-wjxjy-800ml 1 683 551 754 861
wdm-wjxjy-800ml 1 654 541 715 831
wdm-wjxjy-800ml 1 627 527 690 817
