wdm-wjxjy-1.8L 1 605 330 894 1053
wdm-wjxjy-1.3L 1 750 392 976 992
wdm-wjxjy-1.3L 1 876 383 1088 953
wdm-wjxjy-800ml 1 985 333 1176 915
wdm-wjxjy-800ml 1 1105 333 1258 880
wdm-wjxjy-800ml 1 1205 327 1358 859
cbl-lyxdbj-300g 1 947 1665 1132 1900
cbl-lyxdbj-300g 1 1000 1815 1135 2018
cbl-lyxdbj-300g 1 853 1768 1026 2000
cbl-lyxdbj-300g 1 882 1915 1038 2124
cbl-lyxdbj-800g 1 726 1830 903 2115
cbl-lyxdbj-800g 1 729 2003 920 2280
cbl-lyxdbj-800g 1 485 1968 741 2306
cbl-lyxdbj-800g 1 488 2153 767 2474
