wdm-wjxjy-800ml 1 558 1021 732 1556
wdm-wjxjy-800ml 1 700 1006 829 1521
wdm-wjxjy-800ml 1 805 1003 950 1500
wdm-wjxjy-800ml 1 917 992 1041 1471
wdm-wjxjy-800ml 1 1008 983 1147 1462
wdm-wjxjy-800ml 1 1103 968 1226 1418
wdm-wjxjy-800ml 1 1176 962 1305 1394
wdm-wjxjy-800ml 1 288 847 417 1286
wdm-wjxjy-800ml 1 344 877 470 1333
wdm-wjxjy-800ml 1 417 912 567 1380
wdm-wjxjy-800ml 1 470 953 623 1433
wdm-wjxjy-800ml 1 503 992 650 1497
wdm-wjxjy-1L 1 635 1792 844 2342
wdm-wjxjy-1L 1 800 1744 979 2259
wdm-wjxjy-1L 1 932 1692 1103 2192
wdm-wjxjy-1L 1 1053 1644 1205 2124
wdm-wjxjy-1L 1 1161 1594 1291 2053
wdm-wjxjy-1L 1 1253 1565 1391 2000
wdm-wjxjy-1L 1 1344 1521 1479 1944
wdm-wjxjy-1L 1 1426 1480 1547 1900
wdm-wjxjy-1L 1 1494 1453 1617 1842
wdm-wjxjy-1L 1 1573 1427 1685 1806
wdm-wjxjy-1L 1 376 1747 555 2180
wdm-wjxjy-1L 1 294 1656 473 2059
wdm-wjxjy-1L 1 235 1583 391 1936
wdm-wjxjy-1L 1 194 1509 364 1859
wdm-wjxjy-1L 1 138 1439 294 1789
