wdm-btlcjy-1L 1 575 255 633 445
wdm-btlcjy-1L 1 633 255 693 447
wdm-btlcjy-1L 1 689 253 748 449
wdm-btlcjy-1L 1 745 258 802 451
wdm-btlcjy-1L 1 800 258 858 453
wdm-btlcjy-1L 1 858 260 916 453
wdm-btlcjy-1L 1 912 262 964 451
wdm-btlcjy-1L 1 558 495 616 687
wdm-btlcjy-1L 1 616 495 681 691
wdm-btlcjy-1L 1 677 489 739 695
wdm-btlcjy-1L 1 737 489 800 699
wdm-btlcjy-1L 1 797 491 856 695
wdm-btlcjy-1L 1 852 495 914 693
wdm-btlcjy-1L 1 912 493 975 695
wdm-wjxjy-1.8L 1 902 733 983 928
wdm-wjxjy-1.8L 1 823 737 906 930
wdm-wjxjy-1.8L 1 745 733 833 930
wdm-wjxjy-1.8L 1 668 737 750 930
wdm-wjxjy-1.8L 1 593 737 670 928
wdm-wjxjy-1.8L 1 514 739 595 928
wdm-wjxjy-1.8L 1 435 737 518 931
wdm-wjxjy-1.8L 1 352 735 437 933
wdm-wjxjy-1.8L 1 268 731 352 933
wdm-wjxjy-1.8L 1 177 962 266 1170
wdm-wjxjy-1.8L 1 262 968 348 1166
wdm-wjxjy-1.8L 1 345 970 425 1166
wdm-wjxjy-1.8L 1 418 970 502 1166
wdm-wjxjy-1.8L 1 500 966 581 1162
wdm-wjxjy-1.8L 1 577 968 660 1162
wdm-wjxjy-1.8L 1 656 964 737 1164
wdm-wjxjy-1.8L 1 731 966 812 1162
wdm-wjxjy-1.8L 1 808 966 887 1160
wdm-wjxjy-1.8L 1 883 966 964 1156
wdm-wjxjy-1.8L 1 181 1195 264 1364
wdm-wjxjy-1.8L 1 262 1201 341 1364
wdm-wjxjy-1.8L 1 341 1195 422 1366
wdm-wjxjy-1.8L 1 418 1195 500 1362
wdm-wjxjy-1.8L 1 500 1193 579 1351
wdm-wjxjy-1.8L 1 579 1195 658 1351
wdm-wjxjy-1.8L 1 654 1193 739 1353
wdm-wjxjy-1.8L 1 750 1189 835 1349
wdm-wjxjy-1.8L 1 850 1185 929 1345
wdm-wjxjy-1.8L 1 177 1395 254 1562
wdm-wjxjy-1.8L 1 250 1393 339 1562
wdm-wjxjy-1.8L 1 333 1395 420 1568
wdm-wjxjy-1.8L 1 452 1385 533 1556
wdm-wjxjy-1.8L 1 529 1387 612 1556
wdm-wjxjy-1.8L 1 631 1387 714 1549
wdm-wjxjy-1.8L 1 729 1385 804 1543
wdm-wjxjy-1.8L 1 802 1381 881 1539
wdm-wjxjy-1.8L 1 875 1378 948 1533
wdm-zplj-450ml 1 183 243 235 430
wdm-zplj-450ml 1 229 243 277 431
wdm-zplj-450ml 1 275 243 323 435
wdm-zplj-450ml 1 323 249 375 445
wdm-zplj-450ml 1 375 247 427 443
wdm-zplj-450ml 1 429 253 477 443
wdm-zplj-450ml 1 475 253 527 447
wdm-zplj-450ml 1 527 253 579 447
wdm-zplj-450ml 1 185 489 235 683
wdm-zplj-450ml 1 225 491 283 689
wdm-zplj-450ml 1 279 493 331 687
wdm-zplj-450ml 1 329 493 381 693
wdm-zplj-450ml 1 377 493 427 693
wdm-zplj-450ml 1 425 495 475 693
wdm-zplj-450ml 1 470 493 516 691
wdm-zplj-450ml 1 518 499 564 687
