cbl-hdj-300g 1 197 550 529 697
cbl-hdj-300g 1 258 683 588 827
cbl-lyxtmj-300g 1 538 553 791 759
cbl-lyxtmj-300g 1 576 724 800 921
cbl-lyxtmj-300g 1 767 556 961 756
cbl-lyxsrdbj-300g 1 935 571 1138 733
cbl-lyxsrdbj-300g 1 938 712 1123 894
cbl-lyxsrdbj-300g 1 1106 562 1273 721
cbl-lyxsrdbj-300g 1 1097 718 1279 850
wdm-zphy-510g 1 1220 365 1358 859
wdm-zphy-510g 1 1317 368 1441 833
wdm-cxhy-510g 1 1403 406 1514 821
wdm-cxhy-510g 1 1461 409 1585 818
wdm-wjxjy-1L 1 241 1044 400 1562
wdm-wjxjy-1L 1 326 1080 526 1615
wdm-wjxjy-1L 1 503 1059 673 1583
wdm-wjxjy-1L 1 656 1047 835 1555
wdm-wjxjy-1.3L 1 797 1000 997 1491
wdm-wjxjy-1.3L 1 979 977 1164 1459
wdm-wjxjy-1.3L 1 1138 971 1300 1412
wdm-wjxjy-1.3L 1 1279 944 1435 1383
wdm-wjxjy-1.3L 1 1400 918 1570 1353
