lyx-tjyzjy-500ml 1 691 597 762 845
lyx-tjyzjy-500ml 1 754 606 825 847
lyx-tjyzjy-500ml 1 818 608 898 853
lyx-tjyzjy-500ml 1 887 606 962 855
lyx-tjyzjy-500ml 1 956 608 1033 845
lyx-tjjy-500ml 1 222 891 298 1126
lyx-tjjy-500ml 1 291 891 366 1122
lyx-tjjy-500ml 1 356 895 431 1120
lyx-tjjy-500ml 1 420 889 497 1122
lyx-tjjy-500ml 1 485 897 554 1124
lyx-tjjy-500ml 1 550 893 623 1126
lyx-tjjy-1L 1 697 1156 779 1383
lyx-tjjy-1L 1 770 1160 850 1381
lyx-tjjy-1L 1 841 1162 923 1391
lyx-tjjy-1L 1 908 1162 995 1385
