wdm-wjxjy-1L 1 166 1051 253 1276
wdm-wjxjy-1L 1 231 1056 320 1282
wdm-wjxjy-2L 1 299 1042 406 1291
wdm-wjxjy-2L 1 391 1052 497 1297
wdm-wjxjy-2L 1 490 1052 597 1309
wdm-wjxjy-1.3L 1 590 1068 694 1311
wdm-wjxjy-1.3L 1 685 1068 790 1317
wdm-wjxjy-1.3L 1 783 1082 893 1349
wdm-wjxjy-800ml 1 202 759 291 997
wdm-wjxjy-800ml 1 288 759 370 996
wdm-wjxjy-800ml 1 346 757 433 999
wdm-wjxjy-1L 1 170 477 268 717
wdm-wjxjy-1L 1 237 472 334 720
wdm-wjxjy-1L 1 311 463 408 723
wdm-btlcjy-1L 1 386 454 477 716
wdm-btlcjy-1L 1 457 448 550 712
wdm-btlcjy-1L 1 530 439 623 711
wdm-btlcjy-1L 1 608 431 699 705
wdm-wjxjy-500ml 1 446 111 520 366
wdm-wjxjy-500ml 1 510 96 591 362
wdm-wjxjy-500ml 1 577 85 662 357
wdm-wjxjy-500ml 1 650 62 737 348
wdm-wjxjy-500ml 1 725 49 808 339
wdm-wjxjy-500ml 1 800 40 883 328
wdm-btlcjy-500ml 1 373 120 453 380
wdm-btlcjy-500ml 1 326 140 396 383
wdm-btlcjy-500ml 1 254 142 340 392
wdm-btlcjy-500ml 1 203 159 291 396
wdm-btlcjy-500ml 1 142 168 226 409
wdm-btlcjy-500ml 1 77 174 165 417
wdm-btlcjy-500ml 1 6 180 100 422
