wdm-wjxjy-800ml 1 198 473 252 635
wdm-wjxjy-800ml 1 246 471 295 632
wdm-wjxjy-800ml 1 381 641 430 793
wdm-wjxjy-500ml 1 423 657 466 793
wdm-wjxjy-500ml 1 462 654 505 792
wdm-wjxjy-500ml 1 501 652 543 790
wdm-wjxjy-500ml 1 539 651 582 789
wdm-wjxjy-800ml 1 544 810 595 970
wdm-wjxjy-800ml 1 497 809 547 970
wdm-wjxjy-800ml 1 450 810 498 968
wdm-wjxjy-800ml 1 407 809 455 974
wdm-wjxjy-800ml 1 359 810 410 974
wdm-cxhy-510g 1 471 489 514 628
wdm-cxhy-510g 1 507 486 547 628
wdm-cxhy-510g 1 544 484 584 638
wdm-cxhy-510g 1 144 487 205 635
wdm-cxhy-510g 1 81 484 150 639
wdm-qxmc-460ml 1 294 483 334 635
wdm-qxmc-460ml 1 329 480 373 634
wdm-wjxjy-1.3L 1 92 654 160 803
wdm-wjxjy-1.3L 1 155 647 217 797
wdm-wjxjy-1.3L 1 213 650 272 797
wdm-wjxjy-1.3L 1 268 650 329 796
wdm-wjxjy-1.3L 1 326 647 387 799
wdm-wjxjy-1.8L 1 95 816 172 990
wdm-wjxjy-1.8L 1 169 818 239 984
wdm-wjxjy-1.8L 1 234 819 302 977
wdm-wjxjy-1.8L 1 298 816 365 981
wdm-zphy-510g 1 366 492 407 632
wdm-zphy-510g 1 402 490 440 631
wdm-zphy-510g 1 436 489 475 632
