wdm-wjxjy-1.3L 1 91 550 297 1006
wdm-wjxjy-1.3L 1 276 553 470 1009
wdm-wjxjy-1L 1 438 533 600 1003
wdm-wjxjy-1L 1 582 527 741 1000
wdm-wjxjy-1L 1 714 530 870 1006
wdm-wjxjy-1L 1 853 533 997 1018
wdm-wjxjy-1L 1 991 536 1135 1015
wdm-wjxjy-1.8L 1 1117 533 1320 1015
wdm-wjxjy-1.8L 1 1303 536 1503 1012
wdm-wjxjy-1.8L 1 1491 533 1685 1000
wdm-wjxjy-1.8L 1 1667 539 1856 1003
wdm-wjxjy-800ml 1 91 1024 241 1491
wdm-wjxjy-800ml 1 214 1033 364 1494
wdm-wjxjy-800ml 1 350 1039 488 1486
wdm-cxhy-510g 1 473 1074 597 1477
wdm-cxhy-510g 1 594 1068 708 1486
wdm-cxhy-510g 1 700 1077 808 1486
wdm-cxhy-510g 1 803 1077 908 1489
wdm-spjbsc-500ml 1 903 1068 1032 1486
wdm-spjbsc-500ml 1 1020 1077 1135 1471
wdm-spjbsc-500ml 1 1126 1068 1238 1480
wdm-spjbsc-500ml 1 1232 1074 1350 1480
wdm-spjbsc-500ml 1 1332 1074 1458 1477
wdm-wjxjy-500ml 1 114 1544 238 1944
wdm-wjxjy-500ml 1 226 1547 356 1944
wdm-wjxjy-500ml 1 341 1541 467 1950
wdm-wjxjy-500ml 1 453 1544 576 1944
wdm-wjxjy-500ml 1 570 1539 694 1944
wdm-qxmc-460ml 1 676 1536 791 1939
wdm-cxmc-460ml 1 776 1536 885 1933
wdm-cxmc-460ml 1 876 1527 982 1941
wdm-cxmc-460ml 1 964 1533 1085 1933
wdm-cxmc-460ml 1 1064 1530 1188 1927
wdm-btlcjy-500ml 1 1164 1527 1285 1930
wdm-btlcjy-500ml 1 1267 1541 1394 1930
wdm-btlcjy-500ml 1 1376 1536 1497 1927
