wdm-wjxjy-1L 1 597 827 711 1203
wdm-wjxjy-1L 1 685 797 814 1186
wdm-wjxjy-800ml 1 791 750 911 1168
wdm-wjxjy-800ml 1 864 700 979 1150
wdm-wjxjy-800ml 1 929 656 1076 1133
wdm-wjxjy-800ml 1 1044 609 1200 1106
wdm-wjxjy-800ml 1 1176 577 1329 1077
wdm-wjxjy-500ml 1 1279 591 1429 1068
wdm-wjxjy-500ml 1 1400 533 1553 1033
wdm-wjxjy-500ml 1 1511 459 1700 1012
wdm-wjxjy-500ml 1 1173 1230 1338 1762
wdm-wjxjy-800ml 1 1038 1186 1203 1765
wdm-wjxjy-800ml 1 938 1206 1076 1762
wdm-wjxjy-800ml 1 847 1221 976 1747
wdm-wjxjy-800ml 1 761 1233 879 1724
wdm-wjxjy-1L 1 682 1256 808 1709
wdm-wjxjy-1L 1 600 1265 723 1721
wdm-cxhy-510g 1 526 1318 644 1706
wdm-cxhy-510g 1 473 1327 570 1709
wdm-spjbsc-500ml 1 156 1356 223 1665
wdm-spjbsc-500ml 1 206 1353 285 1677
lyx-hsjy-500ml 1 247 1336 332 1677
lyx-hsjy-500ml 1 308 1333 394 1677
lyx-tjjy-500ml 1 344 1330 435 1683
lyx-tjjy-500ml 1 406 1327 494 1686
wdm-wjxjy-1.8L 1 497 850 638 1218
wdm-wjxjy-1.8L 1 414 886 553 1247
wdm-wjxjy-1.8L 1 335 930 464 1271
wdm-wjxjy-1.8L 1 261 956 391 1286
wdm-wjxjy-1.8L 1 185 986 317 1300
