cbl-lyxsrdbj-300g 1 608 436 776 600
cbl-lyxtmj-300g 1 744 444 914 609
cbl-lyxdbj-300g 1 682 303 867 462
cbl-lyxdbj-300g 1 482 318 656 471
cbl-lyxdbj-300g 1 470 453 650 603
cbl-lyxdbj-300g 1 350 315 506 477
cbl-lyxdbj-300g 1 347 453 506 603
cbl-lyxdbj-500g 1 888 394 1088 580
cbl-lyxdbj-500g 1 1064 380 1267 586
cbl-hdj-900g 1 1244 365 1438 686
wdm-wjxjy-500ml 1 441 830 538 1183
wdm-wjxjy-500ml 1 511 836 620 1194
wdm-wjxjy-500ml 1 603 839 706 1206
wdm-wjxjy-500ml 1 685 839 803 1227
wdm-wjxjy-500ml 1 785 844 888 1247
wdm-cxmc-460ml 1 876 836 979 1247
wdm-cxmc-460ml 1 970 833 1073 1256
wdm-cxmc-460ml 1 1056 841 1164 1274
wdm-qxmc-460ml 1 1153 818 1264 1274
cbl-hdj-900g 1 488 1324 611 1600
cbl-hdj-900g 1 591 1353 700 1618
wdm-spjbsc-500ml 1 679 1312 776 1641
wdm-spjbsc-500ml 1 750 1297 858 1668
wdm-btlcjy-500ml 1 841 1327 944 1674
wdm-btlcjy-500ml 1 926 1347 1035 1706
wdm-cxhy-510g 1 1023 1362 1129 1744
wdm-cxhy-510g 1 1106 1377 1211 1741
wdm-wjxjy-800ml 1 1197 1377 1329 1797
wdm-wjxjy-800ml 1 1311 1394 1456 1818
wdm-wjxjy-800ml 1 458 1621 567 1944
wdm-wjxjy-800ml 1 547 1647 638 1962
wdm-wjxjy-800ml 1 626 1680 723 1997
wdm-wjxjy-800ml 1 703 1715 803 2039
wdm-wjxjy-800ml 1 788 1718 906 2074
wdm-wjxjy-800ml 1 891 1744 991 2080
wdm-wjxjy-800ml 1 961 1786 1082 2133
wdm-wjxjy-800ml 1 1058 1815 1176 2162
wdm-wjxjy-1L 1 1161 1833 1294 2236
