wdm-cxmc-460ml 1 1020 234 1105 529
wdm-cxmc-460ml 1 981 231 1049 505
wdm-qxmc-460ml 1 944 224 1015 480
wdm-qxmc-460ml 1 912 214 976 468
wdm-spjbsc-500ml 1 873 202 939 458
wdm-spjbsc-500ml 1 844 197 907 436
wdm-spjbsc-500ml 1 822 188 866 424
wdm-spjbsc-500ml 1 788 183 839 414
wdm-btlcjy-500ml 1 754 178 812 400
wdm-btlcjy-500ml 1 727 161 771 375
wdm-btlcjy-500ml 1 700 153 754 368
wdm-wjxjy-500ml 1 678 156 720 358
wdm-wjxjy-500ml 1 663 151 695 346
wdm-wjxjy-500ml 1 637 146 685 336
wdm-wjxjy-800ml 1 649 370 695 546
wdm-wjxjy-800ml 1 676 388 715 556
wdm-wjxjy-800ml 1 698 400 742 575
wdm-wjxjy-800ml 1 722 412 771 602
wdm-zplj-450ml 1 756 434 790 614
wdm-zplj-450ml 1 781 444 824 634
wdm-zphy-510g 1 805 453 851 651
wdm-zphy-510g 1 834 470 871 666
wdm-zphy-510g 1 844 488 903 680
wdm-zphy-510g 1 883 509 929 705
wdm-cxhy-510g 1 912 524 961 722
wdm-cxhy-510g 1 934 534 993 746
wdm-cxhy-510g 1 963 553 1027 766
wdm-cxhy-510g 1 1000 575 1066 795
wdm-wjxjy-800ml 1 963 819 1027 1024
wdm-wjxjy-800ml 1 924 790 988 983
wdm-wjxjy-800ml 1 883 751 949 951
wdm-wjxjy-800ml 1 846 729 912 914
wdm-wjxjy-800ml 1 810 695 868 883
wdm-wjxjy-800ml 1 773 680 839 856
wdm-wjxjy-1L 1 754 651 805 822
wdm-wjxjy-1L 1 732 631 778 800
wdm-wjxjy-1L 1 703 609 754 768
wdm-wjxjy-1L 1 681 595 720 753
wdm-wjxjy-1L 1 659 575 707 731
wdm-wjxjy-1.8L 1 637 741 690 914
wdm-wjxjy-1.8L 1 671 780 727 941
wdm-wjxjy-1.8L 1 695 817 771 985
wdm-wjxjy-1.3L 1 746 841 815 1022
wdm-wjxjy-1.3L 1 778 883 851 1061
wdm-wjxjy-1.3L 1 812 917 883 1105
wdm-wjxjy-1.3L 1 856 963 929 1149
wdm-wjxjy-1.3L 1 895 1002 968 1195
wdm-wjxjy-1.3L 1 922 1046 1012 1253
