wdm-wjxjy-800ml 1 329 144 458 641
wdm-wjxjy-800ml 1 456 168 594 662
wdm-wjxjy-800ml 1 582 191 706 665
wdm-wjxjy-800ml 1 703 215 838 680
wdm-wjxjy-800ml 1 826 230 956 691
wdm-wjxjy-800ml 1 941 253 1058 691
wdm-wjxjy-800ml 1 1035 268 1161 706
wdm-wjxjy-800ml 1 1141 283 1261 703
wdm-wjxjy-800ml 1 1229 294 1356 715
wdm-wjxjy-800ml 1 1329 309 1450 712
wdm-wjxjy-800ml 1 1414 318 1544 715
wdm-wjxjy-800ml 1 1511 330 1641 727
wdm-spjbsc-500ml 1 332 771 444 1144
wdm-spjbsc-500ml 1 432 783 541 1147
wdm-spjbsc-500ml 1 544 780 658 1147
wdm-qxmc-460ml 1 647 783 750 1156
wdm-qxmc-460ml 1 732 789 835 1150
wdm-qxmc-460ml 1 817 789 923 1156
wdm-cxhy-510g 1 906 818 1000 1150
wdm-cxhy-510g 1 982 818 1073 1162
wdm-cxhy-510g 1 1056 824 1141 1162
wdm-zphy-510g 1 1126 836 1211 1156
wdm-zphy-510g 1 1194 833 1285 1156
wdm-zphy-510g 1 1264 833 1353 1159
wdm-zphy-510g 1 1332 847 1423 1159
wdm-zphy-510g 1 1397 844 1497 1156
wdm-zphy-510g 1 1458 847 1564 1162
wdm-wjxjy-500ml 1 567 1330 673 1656
wdm-wjxjy-500ml 1 661 1339 756 1636
wdm-wjxjy-500ml 1 747 1330 847 1636
wdm-wjxjy-500ml 1 832 1324 929 1627
wdm-btlcjy-500ml 1 914 1321 1003 1618
wdm-btlcjy-500ml 1 988 1315 1085 1612
wdm-btlcjy-500ml 1 1070 1312 1167 1615
wdm-btlcjy-500ml 1 1141 1312 1253 1600
wdm-btlcjy-1L 1 1214 1271 1326 1597
wdm-btlcjy-1L 1 1294 1271 1417 1603
wdm-btlcjy-1L 1 1388 1262 1503 1597
wdm-wjxjy-1.3L 1 344 1721 485 2050
wdm-wjxjy-1.3L 1 464 1706 623 2039
wdm-wjxjy-1L 1 608 1703 729 2036
wdm-wjxjy-1L 1 714 1697 826 2030
wdm-wjxjy-1L 1 811 1689 929 2015
wdm-wjxjy-1L 1 908 1691 1014 2012
wdm-wjxjy-1L 1 994 1677 1106 1994
wdm-btlcjy-1L 1 1079 1674 1188 1980
wdm-btlcjy-1L 1 1164 1665 1273 1971
wdm-btlcjy-1L 1 1247 1656 1358 1965
wdm-btlcjy-1L 1 1332 1647 1438 1941
wdm-wjxjy-1.3L 1 373 2109 508 2436
wdm-wjxjy-1.3L 1 497 2091 626 2421
wdm-wjxjy-1.3L 1 611 2089 758 2421
wdm-wjxjy-1.8L 1 750 2053 900 2380
wdm-wjxjy-1.8L 1 897 2036 1053 2356
wdm-wjxjy-1.8L 1 1032 2015 1170 2339
wdm-wjxjy-1.8L 1 1144 2006 1291 2315
wdm-wjxjy-1.8L 1 1270 1997 1411 2294
