wdm-wjxjy-1L 1 173 721 317 1174
wdm-wjxjy-1L 1 261 727 426 1162
wdm-wjxjy-1L 1 358 744 508 1136
wdm-wjxjy-1L 1 444 739 570 1130
wdm-wjxjy-800ml 1 532 727 661 1124
wdm-wjxjy-800ml 1 597 724 735 1106
wdm-wjxjy-800ml 1 755 721 888 1080
wdm-wjxjy-800ml 1 870 724 955 1068
wdm-wjxjy-800ml 1 929 727 1038 1050
wdm-wjxjy-800ml 1 997 724 1094 1036
wdm-wjxjy-800ml 1 1032 724 1123 1030
wdm-cxmc-1.3L 1 900 350 1014 680
wdm-cxmc-1.3L 1 955 377 1047 662
wdm-cxmc-1.3L 1 1000 377 1123 674
wdm-spjbsc-1.3L 1 826 342 941 677
wdm-spjbsc-1.3L 1 753 327 885 662
wdm-wjxjy-2L 1 650 265 808 659
wdm-wjxjy-2L 1 535 206 703 656
wdm-cxhy-510g 1 253 1271 370 1653
wdm-cxhy-510g 1 320 1256 435 1615
wdm-cxhy-510g 1 388 1256 500 1594
wdm-cxhy-510g 1 455 1239 541 1571
wdm-spjbsc-500ml 1 511 1227 620 1539
wdm-spjbsc-500ml 1 564 1209 679 1527
wdm-spjbsc-500ml 1 632 1206 729 1494
wdm-spjbsc-500ml 1 679 1186 773 1477
wdm-btlcjy-500ml 1 738 1177 838 1465
wdm-btlcjy-500ml 1 788 1165 882 1442
wdm-btlcjy-500ml 1 847 1159 938 1427
wdm-btlcjy-500ml 1 870 1153 970 1400
wdm-wjxjy-500ml 1 926 1136 1014 1397
wdm-wjxjy-500ml 1 979 1118 1053 1380
wdm-wjxjy-500ml 1 1008 1112 1091 1359
wdm-wjxjy-500ml 1 1044 1109 1120 1344
cbl-lhdj-900g 1 1050 1465 1144 1659
cbl-lhdj-900g 1 1008 1489 1082 1680
cbl-hdj-900g 1 953 1515 1035 1706
cbl-hdj-900g 1 903 1530 994 1744
cbl-hdj-900g 1 850 1559 941 1780
cbl-lyxtmj-300g 1 308 1850 429 2003
cbl-lyxtmj-300g 1 317 1956 444 2100
cbl-lyxtmj-800g 1 647 1615 800 1771
cbl-lyxtmj-800g 1 694 1730 811 1874
cbl-lyxdbj-300g 1 379 1789 523 1942
cbl-lyxdbj-300g 1 420 1897 541 2033
cbl-lyxdbj-500g 1 467 1715 632 1880
cbl-lyxdbj-500g 1 517 1821 635 1980
cbl-lyxdbj-500g 1 553 1668 711 1827
cbl-lyxdbj-500g 1 605 1783 726 1915
cbl-lyxdbj-800g 1 744 1568 891 1724
cbl-lyxdbj-800g 1 782 1683 908 1827
