cbl-lyxdbj-300g 1 467 1147 611 1268
cbl-lyxdbj-300g 1 488 1236 608 1359
cbl-lyxdbj-300g 1 588 1139 720 1250
cbl-lyxdbj-300g 1 605 1233 726 1353
cbl-lyxdbj-500g 1 717 1209 855 1339
cbl-lyxdbj-500g 1 817 1103 961 1233
cbl-lyxdbj-500g 1 838 1212 961 1327
wdm-wjxjy-800ml 1 447 524 585 906
wdm-wjxjy-800ml 1 550 527 676 900
wdm-wjxjy-800ml 1 638 533 747 897
wdm-wjxjy-800ml 1 726 536 850 894
wdm-wjxjy-800ml 1 811 533 920 889
wdm-wjxjy-1L 1 876 553 994 892
wdm-wjxjy-1L 1 973 553 1088 880
wdm-wjxjy-1L 1 1053 553 1158 877
wdm-wjxjy-1L 1 1120 559 1232 877
wdm-wjxjy-1L 1 1205 553 1320 868
