wdm-zplj-450ml 1 1288 1436 1397 1818
wdm-zplj-450ml 1 1223 1436 1314 1768
wdm-zplj-450ml 1 1153 1409 1256 1741
wdm-cxmc-460ml 1 1100 1391 1182 1709
wdm-cxmc-460ml 1 1035 1374 1135 1683
wdm-cxmc-460ml 1 982 1359 1061 1662
wdm-spjbsc-500ml 1 941 1341 1011 1627
wdm-spjbsc-500ml 1 882 1324 964 1612
wdm-spjbsc-500ml 1 838 1315 911 1589
wdm-wjxjy-800ml 1 788 1294 873 1565
wdm-wjxjy-800ml 1 747 1289 823 1539
wdm-wjxjy-800ml 1 694 1274 764 1521
wdm-wjxjy-500ml 1 623 977 717 1227
wdm-wjxjy-500ml 1 682 991 753 1236
wdm-wjxjy-500ml 1 729 986 806 1244
wdm-btlcjy-500ml 1 794 1006 858 1253
wdm-btlcjy-500ml 1 838 1009 908 1265
wdm-btlcjy-500ml 1 888 1012 958 1286
wdm-btlcjy-500ml 1 938 1021 1032 1300
wdm-cxhy-510g 1 1000 1015 1085 1318
wdm-cxhy-510g 1 1067 1027 1150 1333
wdm-cxhy-510g 1 1126 1036 1203 1341
wdm-zphy-510g 1 1185 1041 1270 1374
wdm-zphy-510g 1 1250 1050 1347 1383
wdm-zphy-510g 1 1323 1053 1382 1397
cbl-hdj-900g 1 1161 671 1297 1000
cbl-lhdj-900g 1 1276 659 1382 1009
cbl-lyxdbj-300g 1 597 759 679 865
cbl-lyxdbj-300g 1 647 753 735 862
cbl-lyxdbj-300g 1 597 844 682 965
cbl-lyxdbj-300g 1 658 850 744 956
cbl-lyxdbj-500g 1 697 718 826 859
cbl-lyxdbj-500g 1 720 839 814 971
cbl-lyxdbj-500g 1 941 700 1056 856
cbl-lyxdbj-500g 1 1020 689 1194 856
cbl-lyxdbj-500g 1 1029 833 1188 991
cbl-lyxdbj-500g 1 958 833 1073 991
cbl-lyxtmj-300g 1 779 750 882 865
cbl-lyxtmj-300g 1 850 739 970 871
cbl-lyxtmj-300g 1 779 850 888 983
cbl-lyxtmj-300g 1 850 844 988 983
wdm-wjxjy-1L 1 870 1650 973 1927
wdm-wjxjy-1L 1 808 1621 903 1891
wdm-wjxjy-1L 1 761 1594 844 1859
wdm-wjxjy-1L 1 717 1574 791 1818
wdm-wjxjy-1.3L 1 947 1689 1061 1971
wdm-wjxjy-1.3L 1 1029 1730 1147 2021
wdm-wjxjy-1.8L 1 1111 1777 1253 2083
wdm-wjxjy-1.8L 1 1223 1841 1370 2139
