wdm-wjxjy-1.8L 1 18 314 318 781
wdm-wjxjy-1.8L 1 262 358 518 783
wdm-wjxjy-1.8L 1 470 387 704 800
wdm-wjxjy-1.8L 1 672 431 887 795
wdm-wjxjy-1.3L 1 803 477 1003 800
wdm-wjxjy-1.3L 1 924 485 1122 812
wdm-wjxjy-1.3L 1 1068 510 1245 816
wdm-wjxjy-1.3L 1 1160 545 1331 831
wdm-wjxjy-1.3L 1 1251 547 1422 825
wdm-wjxjy-800ml 1 1418 1100 1562 1283
wdm-wjxjy-800ml 1 1485 1110 1618 1285
wdm-wjxjy-800ml 1 1535 1114 1660 1306
wdm-wjxjy-800ml 1 1579 1112 1699 1295
wdm-wjxjy-800ml 1 1372 1056 1512 1239
wdm-wjxjy-800ml 1 1347 1018 1487 1195
