cbl-hdj-900g 1 126 553 297 862
cbl-hdj-900g 1 276 565 432 874
cbl-hdj-900g 1 403 574 564 874
cbl-lyxdbj-500g 1 929 603 1082 765
cbl-lyxdbj-500g 1 920 747 1082 889
cbl-lyxdbj-500g 1 1076 624 1241 774
cbl-lyxdbj-500g 1 1073 756 1238 900
cbl-lyxdbj-300g 1 1226 668 1370 789
cbl-lyxdbj-300g 1 1220 768 1379 906
cbl-lyxdbj-300g 1 1341 674 1470 786
cbl-lyxdbj-300g 1 1350 780 1500 915
cbl-lyxdbj-300g 1 1450 680 1594 794
cbl-lyxdbj-300g 1 1485 783 1644 909
cbl-lyxtmj-300g 1 1576 686 1726 800
cbl-lyxtmj-300g 1 1620 786 1767 912
cbl-lyxtmj-300g 1 1747 780 1882 909
wdm-btlcjy-500ml 1 208 1003 320 1353
wdm-btlcjy-500ml 1 303 1009 423 1344
wdm-btlcjy-500ml 1 406 997 520 1359
wdm-spjbsc-500ml 1 503 994 617 1362
wdm-spjbsc-500ml 1 606 1003 711 1368
wdm-spjbsc-500ml 1 697 1006 800 1353
wdm-zphy-510g 1 791 1006 876 1347
wdm-zphy-510g 1 867 1015 953 1353
wdm-zphy-510g 1 947 1012 1035 1341
wdm-cxhy-510g 1 1017 1015 1106 1347
wdm-cxhy-510g 1 1091 1012 1179 1347
wdm-cxhy-510g 1 1167 1009 1256 1339
wdm-qxmc-460ml 1 1238 1000 1335 1339
wdm-qxmc-460ml 1 1314 989 1406 1344
wdm-qxmc-460ml 1 1388 989 1482 1321
wdm-cxmc-460ml 1 1458 994 1556 1336
wdm-cxmc-460ml 1 1535 1000 1629 1315
wdm-cxmc-460ml 1 1606 986 1708 1327
wdm-wjxjy-500ml 1 220 1468 332 1809
wdm-wjxjy-500ml 1 326 1468 423 1800
wdm-wjxjy-500ml 1 420 1462 526 1789
wdm-wjxjy-500ml 1 517 1462 614 1777
wdm-wjxjy-500ml 1 611 1462 706 1774
wdm-wjxjy-800ml 1 697 1409 811 1783
wdm-wjxjy-800ml 1 794 1412 903 1765
wdm-wjxjy-800ml 1 888 1409 1006 1762
wdm-wjxjy-800ml 1 994 1406 1094 1765
wdm-wjxjy-800ml 1 1076 1397 1179 1744
wdm-wjxjy-800ml 1 1164 1403 1279 1733
wdm-wjxjy-800ml 1 1261 1394 1367 1733
wdm-wjxjy-1L 1 1356 1400 1458 1733
wdm-wjxjy-1L 1 1441 1400 1556 1736
wdm-wjxjy-1L 1 1535 1403 1653 1727
wdm-wjxjy-1.3L 1 258 1847 411 2156
wdm-wjxjy-1.3L 1 400 1830 544 2127
wdm-wjxjy-1.3L 1 529 1824 673 2121
wdm-wjxjy-1.3L 1 650 1818 803 2106
wdm-wjxjy-1.3L 1 785 1803 932 2089
wdm-wjxjy-1.3L 1 917 1803 1064 2083
wdm-wjxjy-1.3L 1 1044 1786 1188 2071
wdm-wjxjy-1.3L 1 1173 1783 1311 2056
wdm-wjxjy-1.3L 1 1291 1762 1429 2050
wdm-wjxjy-1.3L 1 1414 1753 1547 2039
