cbl-hdj-900g 1 361 591 529 965
cbl-hdj-900g 1 453 600 635 965
cbl-lyxdbj-300g 1 535 650 744 862
cbl-lyxdbj-300g 1 564 827 726 1012
cbl-lyxdbj-300g 1 673 662 873 894
cbl-lyxdbj-300g 1 688 836 879 1053
cbl-lyxdbj-500g 1 832 630 1103 900
cbl-lyxdbj-500g 1 841 850 1067 1109
cbl-lyxdbj-500g 1 1011 653 1300 941
cbl-lyxdbj-500g 1 1023 891 1279 1144
cbl-lyxdbj-800g 1 1244 630 1623 974
cbl-lyxdbj-800g 1 1226 900 1588 1215
cbl-lhdj-900g 1 423 1036 558 1315
cbl-lhdj-900g 1 511 1053 667 1365
cbl-lyxtmj-300g 1 611 1109 794 1300
cbl-lyxtmj-300g 1 626 1247 788 1418
cbl-lyxtmj-300g 1 735 1147 935 1350
cbl-lyxtmj-300g 1 738 1294 911 1480
cbl-lyxtmj-300g 1 873 1189 1073 1415
cbl-lyxtmj-300g 1 879 1344 1050 1550
cbl-lyxtmj-800g 1 1020 1191 1282 1447
cbl-lyxtmj-800g 1 1029 1362 1288 1624
cbl-lyxtmj-800g 1 1253 1262 1570 1541
cbl-lyxtmj-800g 1 1253 1444 1567 1727
cbl-hdj-900g 1 573 1424 717 1665
cbl-hdj-900g 1 685 1462 823 1718
