wdm-wjxjy-1L 1 355 1 467 456
wdm-wjxjy-1L 1 467 1 599 462
wdm-wjxjy-1L 1 590 1 714 474
wdm-wjxjy-1L 1 705 27 832 480
wdm-wjxjy-1.3L 1 808 89 943 509
wdm-wjxjy-1.3L 1 923 127 1058 524
wdm-wjxjy-1.3L 1 1046 150 1196 544
wdm-wjxjy-1.3L 1 1158 186 1296 550
wdm-wjxjy-1.3L 1 1273 209 1411 562
wdm-wjxjy-1.3L 1 1388 230 1508 577
cbl-lyxtmj-300g 1 367 759 508 889
cbl-lyxtmj-300g 1 373 883 514 1012
cbl-lyxtmj-300g 1 508 759 655 889
cbl-lyxtmj-300g 1 502 883 664 1006
cbl-lyxdbj-300g 1 655 765 796 894
cbl-lyxdbj-300g 1 649 880 793 1006
cbl-lyxdbj-300g 1 776 771 923 897
cbl-lyxdbj-300g 1 776 886 920 1009
cbl-lyxdbj-300g 1 908 783 1038 903
cbl-lyxdbj-300g 1 911 891 1032 1000
cbl-lyxdbj-500g 1 1020 759 1152 889
cbl-lyxdbj-500g 1 1017 874 1149 1000
cbl-lyxdbj-500g 1 1135 762 1255 891
cbl-lyxdbj-500g 1 1132 877 1243 991
cbl-lyxdbj-800g 1 1226 865 1355 989
cbl-lyxdbj-800g 1 1329 865 1461 989
cbl-hdj-900g 1 382 1233 496 1515
cbl-hdj-900g 1 476 1221 614 1497
cbl-hdj-900g 1 602 1218 735 1491
cbl-hdj-900g 1 714 1209 843 1468
cbl-hdj-900g 1 823 1200 949 1459
cbl-hdj-900g 1 396 1686 523 1959
cbl-hdj-900g 1 511 1662 640 1924
cbl-hdj-900g 1 626 1633 738 1886
cbl-hdj-900g 1 723 1612 832 1853
cbl-hdj-900g 1 817 1591 926 1824
cbl-hdj-300g 1 1199 1253 1323 1339
cbl-hdj-300g 1 1308 1241 1429 1318
cbl-hdj-300g 1 1317 1312 1435 1368
cbl-hdj-900g 1 908 1565 1017 1794
cbl-hdj-900g 1 999 1550 1102 1777
cbl-lhdj-900g 1 1085 1541 1182 1759
cbl-lhdj-900g 1 1167 1524 1261 1744
cbl-lhdj-900g 1 1249 1512 1335 1727
wdm-wjxjy-1L 1 402 2115 520 2471
wdm-wjxjy-1L 1 505 2077 617 2421
wdm-wjxjy-1L 1 602 2047 711 2383
wdm-wjxjy-1L 1 696 2012 793 2341
wdm-wjxjy-1L 1 779 1986 873 2303
wdm-wjxjy-1L 1 861 1956 955 2262
wdm-wjxjy-1L 1 940 1936 1038 2244
wdm-wjxjy-1.3L 1 1023 1927 1126 2215
wdm-wjxjy-1.3L 1 1108 1891 1211 2177
wdm-wjxjy-1.3L 1 1188 1856 1285 2133
wdm-wjxjy-1.3L 1 1258 1841 1367 2103
wdm-wjxjy-800ml 1 17 1362 173 1803
