wdm-wjxjy-800ml 1 1435 1497 1747 2280
wdm-wjxjy-800ml 1 1211 1359 1453 2080
wdm-wjxjy-800ml 1 1082 1277 1300 1956
wdm-wjxjy-800ml 1 973 1212 1161 1839
wdm-wjxjy-800ml 1 858 1130 1047 1733
wdm-wjxjy-500ml 1 667 1083 838 1574
wdm-wjxjy-500ml 1 585 1036 732 1509
wdm-wjxjy-500ml 1 523 1003 653 1447
wdm-wjxjy-500ml 1 456 956 582 1397
wdm-wjxjy-500ml 1 388 927 514 1350
wdm-wjxjy-500ml 1 356 894 479 1306
wdm-wjxjy-500ml 1 282 859 417 1253
wdm-wjxjy-500ml 1 238 809 344 1192
wdm-wjxjy-500ml 1 176 780 291 1153
