lyx-nmzyjy-380ml 1 264 280 327 485
lyx-nmzyjy-380ml 1 348 291 408 489
lyx-nmzyjy-380ml 1 435 297 495 493
lyx-nmzyjy-380ml 1 516 297 572 493
lyx-nmzyjy-380ml 1 587 299 643 503
lyx-nmzyjy-380ml 1 714 314 781 503
lyx-nmzyjy-380ml 1 822 322 883 510
lyx-nmzyjy-380ml 1 948 330 1012 512
lyx-nmzyjy-380ml 1 1012 333 1075 516
lyx-nmzyjy-380ml 1 235 799 314 1033
lyx-nmzyjy-380ml 1 304 810 372 1035
lyx-nmzyjy-380ml 1 368 803 437 1037
lyx-nmzyjy-380ml 1 433 810 504 1035
lyx-nmzyjy-380ml 1 498 799 566 1024
lyx-nmzyjy-160ml 1 239 587 295 764
lyx-nmzyjy-160ml 1 289 589 339 764
lyx-nmzyjy-160ml 1 345 587 397 762
lyx-hsjy-160ml 1 393 591 448 764
lyx-hsjy-160ml 1 445 597 493 756
wdm-cxhy-510g 1 622 543 685 770
wdm-cxhy-510g 1 677 543 729 768
wdm-cxhy-510g 1 727 543 791 766
lyx-tjjy-500ml 1 787 541 854 766
lyx-tjjy-500ml 1 848 543 918 772
lyx-tjjy-500ml 1 912 541 989 772
lyx-tjjy-500ml 1 972 543 1043 770
lyx-tjyzjy-500ml 1 552 805 622 1026
lyx-tjyzjy-500ml 1 618 803 679 1022
lyx-tjyzjy-500ml 1 675 806 743 1018
lyx-tjyzjy-500ml 1 735 806 797 1018
lyx-hsjy-500ml 1 787 803 854 1018
lyx-hsjy-500ml 1 848 805 910 1016
lyx-hsjy-500ml 1 904 805 973 1016
lyx-hsjy-500ml 1 968 801 1035 1012
lyx-tjjy-1L 1 247 1068 318 1291
lyx-tjjy-1L 1 316 1066 393 1293
lyx-tjjy-1L 1 387 1062 458 1287
lyx-tjjy-1L 1 458 1058 529 1283
lyx-tjjy-1L 1 525 1056 606 1285
lyx-tjjy-1L 1 595 1055 673 1280
lyx-hsjy-1L 1 670 1055 741 1280
lyx-hsjy-1L 1 783 1053 860 1278
lyx-hsjy-1L 1 887 1047 962 1264
wdm-spjbsc-1.3L 1 552 1310 643 1510
wdm-spjbsc-1.3L 1 645 1310 733 1501
wdm-spjbsc-1.3L 1 745 1295 833 1495
wdm-spjbsc-1.3L 1 825 1301 910 1489
wdm-spjbsc-1.3L 1 904 1295 993 1493
wdm-spjbsc-1.3L 1 887 1526 979 1707
wdm-spjbsc-1.3L 1 808 1537 897 1707
wdm-spjbsc-1.3L 1 723 1543 814 1707
