wdm-wjxjy-500ml 1 97 105 150 268
wdm-wjxjy-500ml 1 143 106 193 272
wdm-wjxjy-500ml 1 186 106 237 272
wdm-wjxjy-500ml 1 237 109 283 274
wdm-wjxjy-500ml 1 280 112 328 274
wdm-wjxjy-500ml 1 323 112 368 274
wdm-wjxjy-500ml 1 365 114 413 274
wdm-wjxjy-500ml 1 406 116 454 276
wdm-wjxjy-500ml 1 451 116 494 277
wdm-wjxjy-500ml 1 491 116 536 277
wdm-wjxjy-500ml 1 533 116 579 277
wdm-wjxjy-500ml 1 576 116 619 277
wdm-wjxjy-500ml 1 616 117 663 277
wdm-wjxjy-500ml 1 659 114 703 279
wdm-wjxjy-500ml 1 703 116 746 279
wdm-wjxjy-500ml 1 743 116 788 279
wdm-wjxjy-500ml 1 785 119 830 280
wdm-wjxjy-500ml 1 825 117 873 277
wdm-wjxjy-500ml 1 868 117 917 279
wdm-wjxjy-500ml 1 911 117 959 279
wdm-wjxjy-500ml 1 956 117 1006 277
wdm-wjxjy-500ml 1 108 314 163 491
wdm-wjxjy-500ml 1 157 314 210 494
wdm-wjxjy-500ml 1 205 316 257 494
wdm-wjxjy-500ml 1 256 316 306 497
wdm-wjxjy-500ml 1 302 317 354 497
wdm-wjxjy-500ml 1 350 316 402 499
wdm-wjxjy-500ml 1 397 317 453 499
wdm-wjxjy-500ml 1 450 317 505 499
wdm-wjxjy-500ml 1 500 319 553 502
wdm-wjxjy-500ml 1 548 320 602 502
wdm-wjxjy-500ml 1 597 320 651 503
wdm-wjxjy-500ml 1 648 322 700 502
wdm-wjxjy-500ml 1 696 322 748 503
wdm-wjxjy-500ml 1 743 323 796 503
wdm-wjxjy-500ml 1 791 325 846 503
wdm-wjxjy-500ml 1 839 326 890 503
wdm-wjxjy-500ml 1 885 323 939 502
wdm-wjxjy-500ml 1 931 325 988 502
wdm-wjxjy-800ml 1 126 508 194 699
wdm-wjxjy-800ml 1 191 511 254 700
wdm-wjxjy-800ml 1 250 512 316 700
wdm-wjxjy-800ml 1 311 512 370 703
wdm-wjxjy-800ml 1 366 514 431 705
wdm-wjxjy-800ml 1 428 516 488 706
wdm-wjxjy-800ml 1 483 519 543 708
wdm-wjxjy-800ml 1 542 519 608 709
wdm-wjxjy-800ml 1 605 520 666 709
wdm-wjxjy-800ml 1 665 520 726 709
wdm-wjxjy-800ml 1 726 520 791 711
wdm-wjxjy-800ml 1 790 519 851 709
wdm-wjxjy-800ml 1 848 520 914 709
wdm-wjxjy-800ml 1 910 519 973 709
wdm-wjxjy-2L 1 130 726 210 894
wdm-wjxjy-2L 1 203 726 273 894
wdm-wjxjy-2L 1 268 725 339 896
wdm-wjxjy-2L 1 333 723 406 897
wdm-wjxjy-2L 1 402 725 477 897
wdm-wjxjy-2L 1 473 728 545 899
wdm-wjxjy-2L 1 540 728 611 900
wdm-wjxjy-2L 1 608 728 680 900
wdm-wjxjy-2L 1 676 726 746 900
wdm-wjxjy-2L 1 740 728 817 900
wdm-wjxjy-2L 1 808 726 883 903
wdm-wjxjy-2L 1 879 728 954 902
wdm-wjxjy-2L 1 133 917 206 1085
wdm-wjxjy-2L 1 200 919 271 1079
wdm-wjxjy-2L 1 263 920 334 1083
wdm-wjxjy-2L 1 328 923 400 1083
wdm-wjxjy-2L 1 394 922 463 1082
wdm-wjxjy-2L 1 460 922 526 1083
wdm-wjxjy-2L 1 523 923 596 1083
wdm-wjxjy-2L 1 591 925 670 1083
wdm-wjxjy-2L 1 666 926 740 1083
wdm-wjxjy-2L 1 733 925 808 1085
wdm-wjxjy-2L 1 800 926 870 1083
wdm-wjxjy-2L 1 865 928 943 1086
wdm-wjxjy-2L 1 311 1136 396 1337
wdm-wjxjy-2L 1 390 1139 473 1342
wdm-wjxjy-2L 1 466 1136 548 1342
wdm-wjxjy-2L 1 543 1136 628 1342
wdm-wjxjy-2L 1 620 1134 705 1343
wdm-wjxjy-2L 1 699 1139 783 1340
wdm-wjxjy-2L 1 774 1140 859 1343
wdm-wjxjy-2L 1 854 1145 948 1346
