lyx-tjjy-160ml 1 272 399 322 535
lyx-tjjy-160ml 1 323 397 377 539
lyx-tjjy-160ml 1 385 401 435 537
lyx-tjjy-160ml 1 429 401 481 537
lyx-tjjy-160ml 1 477 408 523 537
lyx-tjyzjy-500ml 1 277 595 341 803
lyx-tjyzjy-500ml 1 329 595 393 805
lyx-tjdyjy-375ml 1 341 849 402 1047
lyx-tjdyjy-375ml 1 393 849 454 1049
lyx-tjjy-500ml 1 200 845 252 1051
lyx-tjjy-500ml 1 241 843 293 1051
lyx-tjjy-500ml 1 279 843 339 1053
lyx-tjjy-1L 1 187 1118 258 1337
lyx-tjjy-1L 1 250 1118 331 1328
lyx-tjjy-1L 1 325 1103 398 1301
lyx-tjjy-1L 1 385 1110 448 1310
lyx-tjjy-1L 1 187 1378 266 1612
lyx-tjjy-1L 1 262 1380 335 1601
lyx-tjjy-1L 1 372 1385 443 1616
lyx-tjjy-1L 1 458 1385 531 1608
lyx-tjjy-1L 1 525 1389 600 1626
wdm-spjbsc-1.3L 1 483 1120 570 1341
wdm-spjbsc-1.3L 1 562 1120 648 1345
wdm-spjbsc-1.3L 1 643 1128 729 1347
