lyx-tjjy-500ml 1 627 172 708 433
lyx-tjjy-500ml 1 697 180 770 437
lyx-tjjy-500ml 1 754 183 831 441
lyx-tjjy-500ml 1 550 481 623 730
lyx-tjjy-500ml 1 614 483 689 730
lyx-tjjy-500ml 1 681 483 756 724
lyx-hsjy-500ml 1 823 193 895 430
lyx-hsjy-500ml 1 875 197 950 431
lyx-hsjy-500ml 1 937 203 1006 435
wdm-btlcjy-500ml 1 987 220 1052 437
wdm-btlcjy-500ml 1 1039 222 1102 437
wdm-btlcjy-500ml 1 1093 231 1152 437
lyx-hsjy-500ml 1 741 481 818 728
lyx-hsjy-500ml 1 804 478 872 726
lyx-hsjy-500ml 1 858 487 927 722
lyx-tjyzjy-500ml 1 914 485 979 716
lyx-tjyzjy-500ml 1 966 483 1033 710
wdm-zphy-510g 1 1012 489 1068 701
wdm-zphy-510g 1 1056 487 1108 705
wdm-zphy-510g 1 1102 489 1156 701
lyx-hsjy-1L 1 737 768 816 991
lyx-hsjy-1L 1 808 760 879 981
wdm-wjxjy-1L 1 870 745 943 972
wdm-wjxjy-1L 1 935 747 1004 964
wdm-wjxjy-1L 1 989 743 1056 955
wdm-btlcjy-1L 1 1047 733 1108 947
wdm-btlcjy-1L 1 1098 731 1160 933
wdm-spjbsc-1.3L 1 929 1016 1010 1237
wdm-spjbsc-1.3L 1 997 1005 1081 1228
wdm-spjbsc-1.3L 1 1075 999 1148 1208
wdm-spjbsc-1.3L 1 966 1276 1058 1489
wdm-spjbsc-1.3L 1 1045 1256 1131 1464
