wdm-wjxjy-500ml 1 179 650 306 1065
wdm-wjxjy-500ml 1 288 644 414 1065
wdm-wjxjy-800ml 1 426 1100 561 1509
wdm-wjxjy-800ml 1 547 1100 667 1500
wdm-wjxjy-800ml 1 653 1106 782 1500
wdm-wjxjy-800ml 1 764 1103 885 1521
wdm-wjxjy-1L 1 867 1112 1003 1500
wdm-wjxjy-1L 1 982 1109 1108 1509
wdm-wjxjy-1.3L 1 1094 1112 1253 1509
wdm-wjxjy-1.3L 1 1241 1115 1408 1518
wdm-wjxjy-1.3L 1 1379 1115 1547 1515
wdm-btlcjy-500ml 1 394 659 520 1071
wdm-btlcjy-500ml 1 506 665 620 1065
wdm-btlcjy-500ml 1 623 659 732 1056
wdm-spjbsc-500ml 1 723 653 838 1047
wdm-spjbsc-500ml 1 826 662 935 1062
wdm-cxhy-510g 1 914 659 1017 1068
wdm-cxhy-510g 1 1003 671 1100 1056
wdm-cxmc-460ml 1 1270 659 1356 1071
wdm-cxmc-460ml 1 1347 662 1453 1077
wdm-zphy-510g 1 1100 674 1194 1062
wdm-zphy-510g 1 1188 674 1288 1059
wdm-zplj-450ml 1 1444 662 1547 1068
wdm-zplj-450ml 1 1535 659 1656 1068
cbl-lhdj-900g 1 1558 289 1723 583
cbl-hdj-900g 1 1408 289 1585 591
cbl-hdj-300g 1 891 224 1108 344
cbl-hdj-300g 1 876 315 1088 421
cbl-hdj-300g 1 882 394 1079 500
cbl-lyxdbj-300g 1 217 271 406 433
cbl-lyxdbj-300g 1 226 406 408 574
cbl-lyxdbj-300g 1 379 268 567 430
cbl-lyxdbj-300g 1 391 409 567 577
cbl-lyxdbj-500g 1 1100 186 1282 359
cbl-lyxdbj-500g 1 1103 344 1282 512
cbl-lyxdbj-300g 1 1261 112 1447 297
cbl-lyxdbj-300g 1 1258 280 1435 450
cbl-lyxdbj-300g 1 1264 436 1438 594
cbl-lyxtmj-300g 1 720 289 897 447
cbl-lyxdbj-300g 1 723 430 897 574
cbl-lyxdbj-300g 1 553 280 729 441
cbl-lyxdbj-300g 1 553 430 735 583
