cbl-lyxdbj-300g 1 1560 493 1716 614
cbl-lyxdbj-300g 1 1541 560 1689 685
cbl-lyxdbj-300g 1 1428 489 1576 614
cbl-lyxdbj-300g 1 1410 562 1556 687
cbl-lyxdbj-300g 1 1276 481 1428 602
cbl-lyxdbj-300g 1 1264 558 1406 683
cbl-lyxdbj-300g 1 1024 472 1145 597
cbl-lyxdbj-300g 1 1026 558 1160 672
cbl-lyxdbj-500g 1 893 470 1033 610
cbl-lyxdbj-500g 1 893 566 1024 687
cbl-lyxdbj-500g 1 760 474 899 614
cbl-lyxdbj-500g 1 764 554 899 687
cbl-lyxdbj-500g 1 624 458 772 610
cbl-lyxdbj-500g 1 645 558 781 683
cbl-lyxdbj-800g 1 464 460 647 610
cbl-lyxdbj-800g 1 493 572 674 699
cbl-lyxdbj-800g 1 351 524 531 691
cbl-lyxtmj-300g 1 1147 477 1279 579
cbl-lyxtmj-300g 1 1145 547 1272 647
