wdm-spjbsc-500ml 1 138 574 317 1171
wdm-spjbsc-500ml 1 314 612 491 1174
wdm-spjbsc-500ml 1 450 618 603 1159
wdm-spjbsc-500ml 1 573 656 705 1150
wdm-cxmc-460ml 1 679 662 797 1133
wdm-cxmc-460ml 1 776 686 894 1127
wdm-cxmc-460ml 1 876 692 988 1136
wdm-cxmc-460ml 1 950 674 1061 1124
wdm-cxhy-510g 1 1047 724 1126 1118
wdm-cxhy-510g 1 1111 730 1200 1115
wdm-cxhy-510g 1 1176 736 1261 1112
wdm-cxhy-510g 1 1238 744 1323 1106
wdm-cxhy-510g 1 1300 750 1376 1118
wdm-btlcjy-1L 1 991 1147 1120 1536
wdm-btlcjy-1L 1 1097 1142 1205 1524
wdm-wjxjy-500ml 1 1347 765 1426 1089
wdm-wjxjy-500ml 1 1405 783 1482 1094
wdm-wjxjy-500ml 1 1461 780 1520 1103
wdm-wjxjy-500ml 1 1505 780 1588 1083
wdm-wjxjy-800ml 1 1573 736 1655 1086
wdm-wjxjy-800ml 1 179 1186 370 1759
wdm-wjxjy-800ml 1 326 1186 503 1709
wdm-wjxjy-800ml 1 467 1180 623 1683
wdm-wjxjy-800ml 1 111 1777 285 2256
wdm-wjxjy-800ml 1 261 1759 414 2209
wdm-wjxjy-800ml 1 379 1718 538 2142
wdm-wjxjy-800ml 1 514 1697 647 2103
wdm-wjxjy-800ml 1 620 1656 761 2050
wdm-spjbsc-1.3L 1 576 1174 755 1642
wdm-spjbsc-1.3L 1 723 1165 888 1612
wdm-spjbsc-1.3L 1 858 1159 1011 1577
wdm-wjxjy-1.3L 1 1332 1124 1441 1480
wdm-wjxjy-1.3L 1 1403 1115 1511 1447
wdm-wjxjy-1L 1 714 1636 847 2015
wdm-wjxjy-1L 1 814 1609 935 1983
wdm-wjxjy-1L 1 908 1594 1005 1944
wdm-wjxjy-1L 1 982 1571 1105 1909
wdm-wjxjy-1L 1 1076 1556 1176 1874
wdm-wjxjy-1L 1 1150 1533 1255 1850
wdm-wjxjy-1L 1 1229 1518 1320 1827
wdm-wjxjy-1L 1 1297 1500 1376 1803
wdm-wjxjy-1L 1 1350 1492 1441 1768
wdm-wjxjy-1L 1 1411 1468 1500 1742
wdm-zphy-510g 1 1182 1165 1261 1500
wdm-zphy-510g 1 1241 1153 1314 1483
wdm-zphy-510g 1 1291 1153 1370 1468
