wdm-wjxjy-1L 1 732 959 885 1430
wdm-wjxjy-1L 1 861 968 1020 1430
wdm-wjxjy-1L 1 1003 974 1153 1427
wdm-wjxjy-1L 1 1135 962 1285 1427
wdm-wjxjy-1L 1 1255 962 1423 1430
wdm-wjxjy-1L 1 1394 959 1570 1433
wdm-wjxjy-1L 1 1538 953 1711 1430
wdm-qxmc-460ml 1 211 362 370 871
wdm-qxmc-460ml 1 305 362 482 877
wdm-cxmc-460ml 1 438 350 576 862
wdm-cxmc-460ml 1 538 350 691 865
wdm-spjbsc-500ml 1 653 359 814 871
wdm-spjbsc-500ml 1 776 365 929 847
wdm-btlcjy-500ml 1 894 392 1038 850
wdm-btlcjy-500ml 1 1011 383 1158 853
wdm-wjxjy-500ml 1 1132 359 1282 871
wdm-wjxjy-500ml 1 1261 371 1403 847
wdm-wjxjy-500ml 1 1408 371 1567 856
wdm-wjxjy-500ml 1 1553 365 1729 842
wdm-zphy-510g 1 1658 989 1808 1442
wdm-zphy-510g 1 1773 1000 1920 1427
wdm-wjxjy-800ml 1 532 1480 676 1844
wdm-wjxjy-800ml 1 650 1477 794 1850
wdm-wjxjy-800ml 1 767 1477 914 1847
wdm-wjxjy-800ml 1 885 1483 1038 1859
wdm-wjxjy-800ml 1 1011 1483 1167 1839
wdm-cxmc-1.3L 1 391 1471 576 1839
wdm-cxmc-1.3L 1 232 1468 423 1859
wdm-wjxjy-1.3L 1 1129 1480 1323 1842
wdm-wjxjy-1.3L 1 1288 1477 1476 1850
wdm-wjxjy-1.3L 1 1453 1486 1653 1856
wdm-wjxjy-2L 1 285 1877 494 2286
wdm-wjxjy-2L 1 508 1889 711 2277
lyx-tjjy-500ml 1 629 986 767 1415
lyx-tjjy-500ml 1 505 992 650 1412
lyx-tjyzjy-500ml 1 379 989 532 1439
lyx-tjyzjy-500ml 1 258 997 420 1421
