wdm-wjxjy-800ml 1 286 925 328 1052
wdm-wjxjy-800ml 1 325 929 365 1048
wdm-wjxjy-800ml 1 360 931 399 1046
wdm-wjxjy-800ml 1 396 928 436 1051
wdm-wjxjy-800ml 1 433 928 473 1049
wdm-wjxjy-800ml 1 468 926 510 1049
wdm-wjxjy-800ml 1 505 929 546 1051
wdm-wjxjy-800ml 1 296 788 336 911
wdm-wjxjy-800ml 1 333 785 373 911
wdm-wjxjy-800ml 1 370 788 410 908
wdm-wjxjy-800ml 1 406 786 446 905
wdm-wjxjy-800ml 1 443 786 482 903
wdm-wjxjy-800ml 1 479 788 517 909
wdm-wjxjy-800ml 1 514 791 554 914
lyx-hsjy-1L 1 283 657 320 769
lyx-hsjy-1L 1 316 659 354 768
lyx-hsjy-1L 1 351 656 390 765
lyx-hsjy-1L 1 386 657 425 763
lyx-hsjy-1L 1 423 659 459 762
lyx-hsjy-1L 1 459 657 494 762
lyx-hsjy-1L 1 494 657 528 762
lyx-hsjy-1L 1 530 660 565 765
lyx-hsjy-500ml 1 277 525 310 636
lyx-hsjy-500ml 1 308 526 343 637
lyx-hsjy-500ml 1 340 526 374 636
lyx-hsjy-500ml 1 371 526 410 640
lyx-hsjy-500ml 1 405 526 440 634
lyx-hsjy-500ml 1 439 528 477 634
lyx-tjyzjy-500ml 1 473 525 506 636
lyx-tjyzjy-500ml 1 505 528 540 642
lyx-tjyzjy-500ml 1 539 528 576 639
wdm-cxhy-510g 1 382 392 411 509
wdm-cxhy-510g 1 408 391 439 506
wdm-cxhy-510g 1 437 392 466 506
wdm-cxhy-510g 1 463 391 490 508
wdm-cxhy-510g 1 490 392 519 509
wdm-zphy-510g 1 517 392 548 511
wdm-zphy-510g 1 542 397 573 509
wdm-zphy-510g 1 570 394 599 509
wdm-zphy-510g 1 596 392 626 512
wdm-zphy-510g 1 625 394 654 506
lyx-tjjy-1L 1 562 656 602 769
lyx-tjjy-1L 1 602 654 637 771
lyx-tjjy-1L 1 636 649 679 776
lyx-tjjy-1L 1 679 657 723 768
lyx-tjjy-1L 1 722 654 762 777
lyx-tjjy-1L 1 760 654 803 774
lyx-tjjy-500ml 1 571 526 605 636
lyx-tjjy-500ml 1 602 526 636 637
lyx-tjjy-500ml 1 633 528 673 632
lyx-tjjy-500ml 1 668 525 703 634
lyx-tjjy-500ml 1 700 523 737 639
lyx-tjjy-500ml 1 734 523 768 636
lyx-tjjy-500ml 1 766 520 799 640
