cbl-lyxdbj-300g 1 1187 775 1266 849
cbl-lyxdbj-300g 1 1256 774 1335 841
cbl-lyxdbj-300g 1 1189 835 1272 899
cbl-lyxdbj-300g 1 1264 827 1337 897
wdm-wjxjy-1.3L 1 537 764 635 972
wdm-wjxjy-1.3L 1 460 772 554 977
wdm-wjxjy-1.3L 1 383 774 478 987
wdm-wjxjy-800ml 1 295 512 378 739
wdm-wjxjy-800ml 1 356 504 431 737
wdm-wjxjy-800ml 1 416 500 501 731
wdm-wjxjy-800ml 1 481 500 558 722
wdm-wjxjy-800ml 1 541 493 620 718
wdm-wjxjy-500ml 1 595 525 668 714
wdm-wjxjy-500ml 1 649 514 714 702
wdm-wjxjy-500ml 1 701 516 772 706
wdm-qxmc-460ml 1 745 502 810 702
wdm-qxmc-460ml 1 785 497 860 704
