cbl-hdj-900g 1 508 244 632 489
cbl-hdj-900g 1 597 227 705 474
cbl-hdj-900g 1 688 215 788 480
cbl-hdj-900g 1 764 206 882 477
cbl-hdj-900g 1 864 194 979 477
cbl-hdj-900g 1 950 180 1100 471
cbl-hdj-900g 1 1050 150 1229 468
cbl-hdj-900g 1 1205 127 1388 465
cbl-hdj-900g 1 1347 121 1558 462
cbl-hdj-900g 1 570 1556 688 1774
cbl-hdj-900g 1 650 1589 753 1809
cbl-hdj-900g 1 720 1636 817 1853
cbl-hdj-900g 1 794 1668 900 1889
cbl-hdj-900g 1 870 1703 979 1953
cbl-hdj-500g 1 938 1742 1097 1927
cbl-hdj-500g 1 947 1859 1088 2021
cbl-hdj-500g 1 1070 1809 1250 1992
cbl-hdj-500g 1 1055 1918 1229 2086
cbl-hdj-500g 1 1208 1886 1435 2092
cbl-hdj-500g 1 1188 1986 1394 2180
cbl-lyxdbj-300g 1 564 1318 670 1430
cbl-lyxdbj-300g 1 558 1392 658 1509
cbl-lyxdbj-300g 1 632 1344 738 1459
cbl-lyxdbj-300g 1 635 1421 732 1556
cbl-lyxdbj-300g 1 714 1368 823 1500
cbl-lyxdbj-300g 1 714 1459 829 1600
cbl-lyxdbj-300g 1 547 830 670 953
cbl-lyxdbj-300g 1 544 927 641 1030
cbl-lyxdbj-300g 1 629 847 758 965
cbl-lyxdbj-300g 1 623 947 744 1068
cbl-lyxdbj-300g 1 714 859 858 992
cbl-lyxdbj-300g 1 714 953 853 1089
cbl-lyxdbj-300g 1 826 868 979 1015
cbl-lyxdbj-300g 1 823 971 970 1118
cbl-lyxdbj-800g 1 1188 1650 1408 1842
cbl-lyxdbj-800g 1 1194 1539 1411 1721
cbl-lyxdbj-800g 1 1041 1583 1211 1762
cbl-lyxdbj-800g 1 1050 1497 1223 1656
cbl-lyxdbj-800g 1 908 1542 1073 1697
cbl-lyxdbj-800g 1 920 1439 1082 1597
cbl-lyxdbj-800g 1 808 1403 935 1536
cbl-lyxdbj-800g 1 803 1492 938 1656
cbl-hdj-300g 1 1308 1347 1532 1503
cbl-hdj-300g 1 1285 1444 1523 1580
cbl-hdj-300g 1 1138 1318 1353 1453
cbl-hdj-300g 1 1123 1400 1308 1527
cbl-hdj-300g 1 1008 1203 1197 1330
cbl-hdj-300g 1 991 1292 1155 1397
cbl-hdj-300g 1 1000 1359 1150 1462
cbl-hdj-300g 1 879 1227 1026 1350
cbl-hdj-300g 1 873 1309 1017 1418
cbl-hdj-500g 1 755 1133 932 1280
cbl-hdj-500g 1 753 1242 905 1368
cbl-hdj-500g 1 655 1112 791 1244
cbl-hdj-500g 1 638 1212 773 1324
cbl-hdj-500g 1 550 1177 664 1277
cbl-hdj-500g 1 547 1089 679 1221
cbl-lyxtmj-800g 1 1261 1036 1505 1230
cbl-lyxtmj-800g 1 1261 883 1532 1074
cbl-lyxtmj-800g 1 1105 1000 1297 1194
cbl-lyxtmj-800g 1 1120 862 1303 1036
cbl-lyxtmj-800g 1 955 977 1129 1159
cbl-lyxtmj-800g 1 967 844 1150 1027
cbl-lyxtmj-300g 1 1297 689 1494 865
cbl-lyxtmj-300g 1 1314 562 1520 724
cbl-lyxtmj-300g 1 1150 680 1317 833
cbl-lyxtmj-300g 1 1158 553 1341 712
cbl-lyxtmj-300g 1 1017 683 1173 821
cbl-lyxtmj-300g 1 1035 556 1191 706
cbl-lyxtmj-300g 1 914 671 1053 818
cbl-lyxtmj-300g 1 911 553 1073 694
cbl-lyxsrdbj-300g 1 820 671 929 800
cbl-lyxsrdbj-300g 1 814 553 947 686
cbl-lyxsrdbj-300g 1 729 550 835 683
cbl-lyxsrdbj-300g 1 729 665 832 780
cbl-lyxsrdbj-300g 1 632 553 747 680
cbl-lyxsrdbj-300g 1 629 656 738 777
cbl-lyxsrdbj-300g 1 550 550 650 668
cbl-lyxsrdbj-300g 1 547 653 650 768
