wdm-wjxjy-1.8L 1 341 391 644 1080
wdm-wjxjy-1.8L 1 161 421 403 1062
wdm-wjxjy-1.8L 1 556 412 808 1039
wdm-wjxjy-1.8L 1 694 433 911 1000
wdm-wjxjy-1.8L 1 844 450 1041 977
wdm-wjxjy-1.3L 1 970 491 1126 968
wdm-wjxjy-1.3L 1 1050 497 1191 930
wdm-wjxjy-1L 1 1138 483 1244 933
wdm-wjxjy-1L 1 1191 489 1285 912
wdm-wjxjy-1L 1 1241 494 1338 891
wdm-wjxjy-1L 1 1297 500 1394 894
wdm-wjxjy-1L 1 1361 497 1447 865
wdm-wjxjy-1L 1 1414 503 1482 865
wdm-wjxjy-1L 1 1441 497 1511 850
wdm-wjxjy-500ml 1 444 1253 629 1768
wdm-wjxjy-500ml 1 353 1244 491 1730
wdm-wjxjy-500ml 1 573 1233 732 1724
wdm-wjxjy-500ml 1 653 1191 803 1656
wdm-wjxjy-500ml 1 732 1162 876 1606
wdm-wjxjy-500ml 1 794 1133 932 1553
wdm-wjxjy-500ml 1 882 1112 991 1516
wdm-wjxjy-500ml 1 932 1106 1044 1477
wdm-cxhy-510g 1 991 1071 1091 1447
wdm-cxhy-510g 1 1047 1062 1135 1415
wdm-cxhy-510g 1 1097 1059 1173 1391
wdm-spjbsc-500ml 1 1132 1021 1223 1368
wdm-spjbsc-500ml 1 1191 997 1279 1318
wdm-cxmc-460ml 1 1247 971 1314 1297
wdm-cxmc-460ml 1 1297 971 1350 1283
wdm-cxmc-460ml 1 1335 944 1379 1256
wdm-cxmc-460ml 1 1356 930 1417 1236
wdm-wjxjy-1L 1 585 1991 770 2489
wdm-wjxjy-1L 1 476 1947 650 2436
wdm-wjxjy-800ml 1 373 1891 526 2377
wdm-wjxjy-800ml 1 217 1877 400 2347
wdm-wjxjy-800ml 1 167 1136 329 1665
wdm-wjxjy-800ml 1 264 1139 408 1677
wdm-wjxjy-800ml 1 691 1897 835 2383
wdm-wjxjy-800ml 1 782 1827 920 2303
wdm-wjxjy-800ml 1 844 1774 979 2218
wdm-wjxjy-800ml 1 938 1727 1058 2162
wdm-wjxjy-800ml 1 1000 1677 1117 2097
wdm-wjxjy-800ml 1 1053 1633 1161 2030
wdm-wjxjy-800ml 1 1088 1583 1188 1968
wdm-wjxjy-800ml 1 1132 1547 1232 1927
wdm-wjxjy-800ml 1 1185 1515 1273 1880
wdm-wjxjy-1.3L 1 1235 1474 1347 1777
wdm-wjxjy-1.3L 1 1285 1441 1388 1727
wdm-wjxjy-1.3L 1 1353 1406 1423 1677
