cbl-lyxdbj-300g 1 911 380 1091 533
cbl-lyxdbj-300g 1 908 506 1085 647
cbl-lyxdbj-300g 1 1082 383 1247 533
cbl-lyxdbj-300g 1 1073 515 1241 659
cbl-lyxdbj-300g 1 1232 391 1391 544
cbl-lyxdbj-300g 1 1226 524 1382 656
cbl-lyxdbj-300g 1 1373 406 1541 550
cbl-lyxdbj-300g 1 1358 530 1523 653
cbl-hdj-900g 1 1497 389 1635 665
cbl-hdj-900g 1 1588 391 1753 668
cbl-hdj-900g 1 1714 397 1873 665
wdm-wjxjy-500ml 1 988 1794 1085 2106
wdm-wjxjy-500ml 1 897 1794 1003 2115
wdm-wjxjy-800ml 1 732 1756 847 2133
wdm-wjxjy-800ml 1 620 1762 744 2144
wdm-wjxjy-800ml 1 517 1780 641 2153
wdm-wjxjy-800ml 1 406 1783 523 2171
wdm-wjxjy-800ml 1 288 1789 423 2183
