wdm-cxmc-1.3L 1 95 270 216 524
wdm-cxmc-1.3L 1 203 281 333 527
wdm-cxmc-1.3L 1 310 293 416 524
wdm-wjxjy-1.3L 1 406 297 512 524
wdm-wjxjy-1.3L 1 503 295 599 527
wdm-wjxjy-1.3L 1 591 306 691 527
wdm-wjxjy-500ml 1 729 331 799 525
wdm-wjxjy-500ml 1 793 335 856 533
wdm-wjxjy-500ml 1 843 337 906 527
wdm-wjxjy-500ml 1 899 341 960 527
wdm-wjxjy-800ml 1 703 535 768 772
wdm-wjxjy-800ml 1 760 539 831 772
wdm-wjxjy-800ml 1 818 537 889 768
wdm-wjxjy-800ml 1 870 541 937 762
wdm-wjxjy-800ml 1 1203 712 1260 916
wdm-wjxjy-800ml 1 1247 706 1303 910
wdm-wjxjy-800ml 1 1287 706 1339 900
wdm-wjxjy-800ml 1 1331 706 1391 899
wdm-wjxjy-800ml 1 1376 702 1437 897
wdm-cxhy-510g 1 637 572 704 779
wdm-wjxjy-1.3L 1 1051 337 1128 525
wdm-wjxjy-1.3L 1 1116 337 1201 533
wdm-wjxjy-1L 1 939 318 1010 533
wdm-wjxjy-1L 1 999 324 1064 531
wdm-wjxjy-1L 1 920 550 995 764
wdm-wjxjy-1L 1 983 549 1051 758
wdm-wjxjy-1L 1 1041 545 1108 756
wdm-wjxjy-1L 1 1093 543 1156 754
wdm-wjxjy-1L 1 1141 547 1208 741
