cbl-lyxdbj-300g 1 322 173 398 252
cbl-lyxdbj-300g 1 329 238 394 317
cbl-lyxdbj-300g 1 370 174 453 262
cbl-lyxdbj-300g 1 375 243 453 334
cbl-lyxdbj-800g 1 648 146 812 284
cbl-lyxdbj-800g 1 653 265 785 393
cbl-lyxdbj-800g 1 770 153 931 303
cbl-lyxdbj-800g 1 763 279 922 415
cbl-lyxdbj-800g 1 907 147 1115 320
cbl-lyxdbj-800g 1 899 292 1106 448
cbl-lyxtmj-300g 1 432 179 521 270
cbl-lyxtmj-300g 1 431 248 520 344
cbl-lyxtmj-300g 1 498 188 594 282
cbl-lyxtmj-300g 1 500 264 588 356
cbl-lyxtmj-300g 1 572 193 673 294
cbl-lyxtmj-300g 1 568 274 675 374
