wdm-wjxjy-1L 1 629 762 712 999
wdm-wjxjy-1L 1 545 758 643 999
wdm-wjxjy-800ml 1 491 775 560 1000
wdm-wjxjy-800ml 1 424 777 503 995
wdm-wjxjy-800ml 1 1212 481 1289 691
wdm-wjxjy-1.3L 1 1110 495 1193 695
wdm-wjxjy-1.3L 1 1037 489 1126 695
wdm-wjxjy-1.3L 1 960 489 1053 691
wdm-wjxjy-1.3L 1 879 479 976 691
wdm-wjxjy-1.3L 1 801 477 893 693
wdm-wjxjy-1.3L 1 710 474 812 691
wdm-wjxjy-1.3L 1 631 468 724 685
wdm-wjxjy-1.3L 1 539 452 639 689
wdm-wjxjy-1.3L 1 447 452 549 691
cbl-lyxtmj-300g 1 370 1154 472 1243
cbl-lyxtmj-300g 1 472 1147 533 1227
cbl-lyxtmj-500g 1 558 1147 685 1252
cbl-lyxtmj-500g 1 722 1125 847 1254
cbl-lyxtmj-500g 1 802 1112 911 1212
cbl-lyxtmj-500g 1 802 1196 885 1272
