wdm-qxmc-460ml 1 278 354 616 1042
wdm-qxmc-460ml 1 470 395 798 1029
wdm-zphy-510g 1 650 498 988 1065
cbl-lyxdbj-300g 1 1183 544 1434 803
cbl-lyxdbj-300g 1 1093 762 1380 1013
cbl-lyxdbj-300g 1 1062 903 1314 1124
cbl-lyxdbj-300g 1 1301 778 1547 1001
cbl-lyxdbj-300g 1 1275 947 1475 1126
cbl-lyxtmj-300g 1 955 552 1252 837
cbl-lyxtmj-300g 1 880 698 1167 970
cbl-lyxtmj-300g 1 829 865 1096 1080
wdm-wjxjy-800ml 1 1396 613 1791 1108
wdm-wjxjy-800ml 1 1529 626 1896 1137
wdm-wjxjy-800ml 1 1698 634 2065 1119
