cbl-lyxdbj-800g 1 1633 439 1858 608
cbl-lyxdbj-800g 1 1633 587 1853 762
cbl-lyxdbj-800g 1 1420 299 1643 474
cbl-lyxdbj-800g 1 1422 447 1647 612
cbl-lyxdbj-800g 1 1433 591 1637 756
cbl-hdj-800g 1 1245 599 1441 758
cbl-hdj-800g 1 1237 458 1449 620
cbl-hdj-800g 1 1239 322 1439 477
cbl-hdj-800g 1 1058 331 1249 491
cbl-hdj-800g 1 1051 460 1251 629
cbl-hdj-800g 1 1064 602 1256 762
cbl-hdj-500g 1 891 408 1078 533
cbl-hdj-500g 1 878 520 1079 645
cbl-hdj-500g 1 881 627 1074 754
cbl-hdj-300g 1 229 816 403 902
cbl-hdj-300g 1 222 883 403 968
cbl-hdj-300g 1 220 952 401 1033
cbl-hdj-300g 1 79 814 243 895
cbl-hdj-300g 1 78 883 249 964
cbl-hdj-300g 1 76 943 249 1018
cbl-hdj-900g 1 774 491 912 752
cbl-hdj-900g 1 656 497 791 760
cbl-hdj-900g 1 537 504 679 762
cbl-hdj-900g 1 433 510 556 762
cbl-hdj-900g 1 320 510 453 762
cbl-lhdj-900g 1 210 512 343 764
cbl-lhdj-900g 1 104 514 228 756
cbl-lhdj-900g 1 1 514 133 756
cbl-lyxtmj-300g 1 381 802 531 927
cbl-lyxtmj-300g 1 383 912 528 1029
cbl-lyxtmj-300g 1 510 806 656 933
cbl-lyxtmj-300g 1 508 914 658 1033
cbl-lyxdbj-300g 1 643 804 791 927
cbl-lyxdbj-300g 1 637 912 797 1043
cbl-lyxdbj-300g 1 778 799 931 935
cbl-lyxdbj-300g 1 774 918 926 1047
cbl-lyxdbj-500g 1 916 902 1070 1047
cbl-lyxdbj-500g 1 1053 893 1226 1054
