cbl-hdj-900g 1 505 705 634 951
cbl-hdj-900g 1 590 717 715 975
cbl-lhdj-900g 1 673 722 815 992
cbl-lhdj-900g 1 778 731 924 1014
wdm-wjxjy-800ml 1 439 580 549 931
wdm-wjxjy-800ml 1 359 570 468 924
wdm-wjxjy-800ml 1 315 570 407 912
wdm-wjxjy-800ml 1 251 573 356 895
wdm-wjxjy-800ml 1 198 570 307 883
wdm-wjxjy-800ml 1 151 570 242 873
wdm-wjxjy-500ml 1 124 607 195 868
wdm-wjxjy-500ml 1 81 605 156 858
wdm-wjxjy-500ml 1 37 605 105 849
cbl-lyxdbj-300g 1 1078 170 1266 341
cbl-lyxdbj-300g 1 1078 319 1256 470
cbl-lyxdbj-300g 1 1249 149 1468 327
cbl-lyxdbj-300g 1 1249 305 1449 473
cbl-lyxdbj-300g 1 1456 122 1681 309
cbl-lyxdbj-300g 1 1446 295 1666 463
cbl-lyxdbj-300g 1 1676 92 1920 300
cbl-lyxdbj-300g 1 1661 275 1910 461
