wdm-cxhy-510g 1 361 689 456 1009
wdm-cxhy-510g 1 444 691 529 1000
wdm-cxhy-510g 1 523 689 611 1009
wdm-cxhy-510g 1 600 694 685 1000
wdm-cxmc-460ml 1 679 674 764 1006
wdm-cxmc-460ml 1 756 686 844 1006
wdm-cxmc-460ml 1 829 683 917 1015
wdm-spjbsc-500ml 1 908 709 997 1012
wdm-spjbsc-500ml 1 988 715 1070 1027
wdm-spjbsc-500ml 1 1061 712 1150 1024
wdm-spjbsc-500ml 1 1144 712 1223 1021
wdm-btlcjy-500ml 1 1217 730 1308 1015
wdm-btlcjy-500ml 1 1300 730 1388 1009
wdm-btlcjy-500ml 1 1373 733 1461 1006
wdm-btlcjy-500ml 1 1453 730 1544 1009
wdm-wjxjy-800ml 1 1532 683 1632 1018
wdm-wjxjy-500ml 1 1611 730 1697 1018
wdm-wjxjy-500ml 1 1691 733 1773 1015
cbl-hdj-900g 1 594 1200 697 1418
cbl-hdj-900g 1 685 1215 794 1444
cbl-hdj-900g 1 788 1215 906 1441
cbl-hdj-300g 1 888 1247 1047 1330
cbl-hdj-300g 1 897 1312 1053 1386
cbl-hdj-300g 1 1047 1306 1194 1386
cbl-lyxdbj-500g 1 1173 1215 1303 1330
cbl-lyxtmj-300g 1 1294 1236 1414 1339
cbl-lyxtmj-300g 1 1397 1230 1523 1336
cbl-lyxdbj-300g 1 1508 1227 1635 1333
cbl-lyxdbj-300g 1 1620 1227 1741 1333
wdm-wjxjy-1.3L 1 876 1512 1023 1827
wdm-wjxjy-1.3L 1 1006 1509 1138 1827
wdm-wjxjy-1L 1 1123 1497 1226 1812
wdm-wjxjy-1L 1 1217 1491 1311 1803
wdm-wjxjy-800ml 1 1297 1480 1394 1803
wdm-wjxjy-800ml 1 1382 1480 1482 1815
wdm-wjxjy-800ml 1 1473 1468 1567 1806
wdm-wjxjy-800ml 1 1556 1477 1641 1797
wdm-wjxjy-800ml 1 1641 1468 1726 1797
