wdm-cxhy-510g 1 2223 969 2307 1244
wdm-cxhy-510g 1 2159 969 2230 1247
wdm-cxhy-510g 1 2091 966 2165 1247
wdm-cxhy-510g 1 2023 969 2101 1247
wdm-cxhy-510g 1 1962 960 2036 1247
wdm-cxhy-510g 1 1891 966 1965 1247
wdm-spjbsc-500ml 1 2294 1327 2375 1615
wdm-spjbsc-500ml 1 2227 1331 2307 1621
wdm-spjbsc-500ml 1 2153 1334 2236 1624
wdm-spjbsc-500ml 1 2078 1331 2169 1624
wdm-spjbsc-500ml 1 2007 1344 2091 1618
wdm-spjbsc-500ml 1 1923 1331 2017 1611
wdm-wjxjy-1L 1 1836 1308 1930 1611
wdm-wjxjy-1L 1 1743 1311 1843 1621
wdm-wjxjy-1L 1 1656 1311 1753 1627
wdm-wjxjy-1L 1 1562 1315 1665 1624
wdm-wjxjy-1.8L 1 1440 1302 1569 1631
wdm-wjxjy-1.8L 1 1301 1286 1456 1647
wdm-wjxjy-1.8L 1 1175 1302 1314 1640
wdm-wjxjy-1.8L 1 1023 1302 1175 1637
wdm-wjxjy-1.8L 1 878 1305 1030 1637
wdm-wjxjy-1.8L 1 698 1308 862 1644
wdm-wjxjy-1.8L 1 546 1308 694 1669
wdm-wjxjy-1.8L 1 404 1308 553 1666
wdm-wjxjy-500ml 1 2127 595 2220 860
wdm-wjxjy-500ml 1 2046 589 2136 856
wdm-wjxjy-500ml 1 1969 595 2056 863
wdm-wjxjy-500ml 1 1891 595 1982 860
wdm-wjxjy-500ml 1 1817 592 1898 860
wdm-wjxjy-500ml 1 1733 592 1820 856
wdm-wjxjy-500ml 1 1653 586 1740 856
wdm-wjxjy-500ml 1 1578 592 1656 853
wdm-wjxjy-500ml 1 1501 589 1585 853
wdm-wjxjy-500ml 1 1420 586 1504 860
wdm-wjxjy-500ml 1 1343 582 1430 853
wdm-wjxjy-500ml 1 1262 579 1343 847
wdm-wjxjy-500ml 1 1178 579 1272 847
wdm-wjxjy-800ml 1 1801 924 1898 1244
wdm-wjxjy-800ml 1 1720 921 1817 1253
wdm-wjxjy-800ml 1 1633 921 1717 1250
wdm-wjxjy-800ml 1 1546 924 1640 1244
wdm-wjxjy-800ml 1 1459 924 1559 1247
wdm-wjxjy-800ml 1 1372 918 1469 1253
wdm-wjxjy-800ml 1 1282 921 1382 1253
wdm-wjxjy-800ml 1 1191 915 1291 1247
wdm-cxmc-1.3L 1 1069 934 1211 1247
wdm-cxmc-1.3L 1 904 940 1046 1244
wdm-cxmc-1.3L 1 765 934 901 1244
wdm-cxmc-1.3L 1 194 524 356 831
wdm-cxmc-1.3L 1 349 534 511 834
wdm-cxmc-1.3L 1 533 537 685 837
wdm-cxmc-1.3L 1 711 537 856 847
wdm-cxmc-1.3L 1 872 544 1014 840
wdm-cxmc-1.3L 1 1040 553 1178 840
