wdm-spjbsc-1.3L 1 33 385 82 545
wdm-spjbsc-1.3L 1 63 382 108 545
wdm-wjxjy-1.8L 1 91 377 136 546
wdm-wjxjy-1.8L 1 120 368 171 551
wdm-wjxjy-1.8L 1 146 362 211 551
wdm-wjxjy-1.8L 1 183 348 246 556
wdm-wjxjy-1.8L 1 225 345 293 557
wdm-wjxjy-1.8L 1 288 337 356 560
wdm-wjxjy-1L 1 340 331 399 557
wdm-wjxjy-1L 1 391 322 453 563
wdm-wjxjy-1L 1 446 311 510 566
wdm-wjxjy-1L 1 488 299 560 569
wdm-wjxjy-1L 1 551 288 633 572
wdm-wjxjy-1L 1 611 271 700 572
wdm-wjxjy-1L 1 688 246 790 571
wdm-wjxjy-1L 1 771 228 890 576
wdm-wjxjy-1.8L 1 888 186 1024 572
wdm-wjxjy-1L 1 579 600 654 876
wdm-wjxjy-1L 1 645 594 739 896
wdm-wjxjy-1L 1 726 600 831 919
wdm-btlcjy-1L 1 823 602 934 939
wdm-cxmc-1.3L 1 506 597 600 854
wdm-cxmc-1.3L 1 450 588 534 829
wdm-zplj-450ml 1 323 574 363 777
wdm-zplj-450ml 1 417 594 465 811
wdm-zplj-450ml 1 382 588 425 800
wdm-zplj-450ml 1 351 577 394 788
wdm-zplj-450ml 1 293 571 333 772
wdm-zplj-450ml 1 268 574 302 763
wdm-qxmc-460ml 1 243 568 280 752
wdm-cxhy-510g 1 266 792 303 963
wdm-cxhy-510g 1 290 799 328 971
wdm-cxhy-510g 1 310 808 353 986
wdm-cxhy-510g 1 343 819 390 1003
cbl-hdj-900g 1 376 872 451 1029
cbl-hdj-900g 1 430 892 505 1052
cbl-lyxdbj-500g 1 473 892 593 1019
cbl-lyxdbj-500g 1 474 985 574 1099
cbl-lyxdbj-500g 1 557 919 696 1056
cbl-lyxdbj-500g 1 556 1017 665 1146
cbl-lyxtmj-300g 1 640 997 753 1123
cbl-lyxdbj-300g 1 722 1037 848 1176
cbl-lyxdbj-300g 1 719 1129 843 1252
cbl-lyxdbj-300g 1 819 1157 954 1319
