wdm-wjxjy-500ml 1 279 600 370 944
wdm-wjxjy-500ml 1 361 603 464 941
wdm-wjxjy-500ml 1 447 603 553 944
wdm-wjxjy-500ml 1 538 597 632 941
wdm-wjxjy-800ml 1 626 539 735 939
wdm-wjxjy-800ml 1 726 536 832 944
wdm-wjxjy-800ml 1 826 533 932 953
wdm-wjxjy-800ml 1 926 533 1038 947
wdm-wjxjy-1L 1 1023 550 1150 944
wdm-wjxjy-1L 1 1132 547 1253 936
wdm-wjxjy-1L 1 1247 544 1370 930
wdm-btlcjy-1L 1 1361 544 1482 930
wdm-btlcjy-1L 1 1470 544 1600 936
wdm-btlcjy-1L 1 1582 539 1717 939
wdm-btlcjy-1L 1 1697 530 1844 953
wdm-btlcjy-500ml 1 329 986 423 1306
wdm-btlcjy-500ml 1 408 980 506 1297
wdm-btlcjy-500ml 1 500 980 597 1303
wdm-spjbsc-500ml 1 582 980 676 1312
wdm-spjbsc-500ml 1 667 974 758 1306
wdm-spjbsc-500ml 1 750 980 838 1309
wdm-cxmc-460ml 1 829 977 914 1303
wdm-cxmc-460ml 1 908 977 997 1318
wdm-cxmc-460ml 1 988 980 1073 1324
wdm-qxmc-460ml 1 1064 971 1153 1327
wdm-qxmc-460ml 1 1144 980 1232 1324
wdm-qxmc-460ml 1 1226 974 1314 1324
wdm-cxhy-510g 1 1303 983 1394 1315
wdm-cxhy-510g 1 1391 980 1482 1315
wdm-cxhy-510g 1 1467 991 1564 1321
wdm-zphy-510g 1 1550 986 1638 1318
wdm-zphy-510g 1 1626 989 1726 1327
wdm-zphy-510g 1 1711 986 1811 1327
cbl-hdj-300g 1 208 1362 358 1456
cbl-hdj-300g 1 203 1439 364 1506
cbl-hdj-300g 1 220 1497 358 1556
cbl-hdj-300g 1 338 1362 491 1462
cbl-hdj-300g 1 341 1450 503 1521
cbl-lyxdbj-300g 1 482 1371 608 1494
cbl-lyxdbj-300g 1 485 1471 608 1580
cbl-lyxdbj-300g 1 597 1374 723 1500
cbl-lyxdbj-300g 1 597 1480 723 1583
cbl-lyxtmj-300g 1 714 1380 844 1497
cbl-lyxtmj-300g 1 711 1483 841 1589
cbl-lyxtmj-300g 1 826 1377 958 1500
cbl-lyxsrdbj-300g 1 950 1386 1079 1509
cbl-lyxsrdbj-300g 1 950 1494 1082 1606
cbl-lyxsrdbj-300g 1 1070 1386 1197 1512
cbl-lyxdbj-500g 1 1194 1368 1326 1509
cbl-lyxdbj-500g 1 1188 1486 1326 1621
cbl-lyxdbj-500g 1 1317 1368 1467 1509
cbl-lyxdbj-800g 1 1456 1362 1623 1515
cbl-lyxdbj-800g 1 1447 1486 1611 1633
cbl-lyxdbj-800g 1 1611 1374 1788 1515
wdm-cxmc-1.3L 1 391 1618 508 1883
wdm-cxmc-1.3L 1 491 1615 617 1894
wdm-cxmc-1.3L 1 603 1624 729 1909
wdm-spjbsc-1.3L 1 720 1627 844 1909
wdm-spjbsc-1.3L 1 832 1630 956 1921
wdm-spjbsc-1.3L 1 947 1639 1076 1927
wdm-wjxjy-1.3L 1 1067 1641 1191 1941
wdm-wjxjy-1.3L 1 1185 1650 1311 1944
wdm-wjxjy-1.3L 1 1308 1653 1435 1950
wdm-wjxjy-1.8L 1 1426 1659 1579 1956
wdm-wjxjy-1.8L 1 1567 1665 1729 1965
cbl-hdj-900g 1 1297 2127 1408 2389
cbl-hdj-900g 1 1400 2139 1517 2391
cbl-lhdj-900g 1 1508 2144 1629 2409
cbl-lhdj-900g 1 1614 2156 1735 2424
