wdm-wjxjy-500ml 1 1 859 203 1286
wdm-wjxjy-500ml 1 182 794 347 1259
wdm-wjxjy-500ml 1 338 780 500 1227
wdm-btlcjy-500ml 1 464 771 606 1186
wdm-btlcjy-500ml 1 582 756 720 1162
wdm-btlcjy-500ml 1 691 739 844 1136
wdm-zphy-510g 1 797 730 950 1112
wdm-zphy-510g 1 903 730 1017 1094
wdm-zphy-510g 1 985 709 1108 1077
wdm-zphy-510g 1 1053 709 1176 1053
wdm-spjbsc-500ml 1 1123 677 1241 1039
wdm-spjbsc-500ml 1 1191 668 1323 1039
wdm-cxhy-510g 1 1256 659 1388 1000
wdm-cxhy-510g 1 1300 662 1456 1000
wdm-qxmc-460ml 1 635 1209 764 1530
wdm-cxmc-460ml 1 735 1194 838 1515
wdm-cxmc-460ml 1 808 1168 900 1465
wdm-cxmc-460ml 1 885 1139 1006 1450
wdm-cxmc-460ml 1 953 1133 1044 1403
wdm-cxmc-460ml 1 1006 1103 1117 1380
wdm-zplj-450ml 1 1070 1071 1185 1365
wdm-zplj-450ml 1 1147 1068 1232 1339
wdm-zplj-450ml 1 1206 1065 1300 1309
wdm-wjxjy-1.3L 1 511 1236 667 1550
wdm-wjxjy-1.3L 1 353 1286 538 1630
wdm-wjxjy-1.3L 1 167 1339 385 1683
wdm-wjxjy-800ml 1 156 1750 323 2124
wdm-wjxjy-800ml 1 297 1718 435 2068
wdm-wjxjy-800ml 1 411 1662 541 2012
wdm-wjxjy-800ml 1 520 1627 644 1956
wdm-wjxjy-1L 1 617 1594 738 1915
wdm-wjxjy-1L 1 714 1559 832 1865
wdm-wjxjy-1L 1 797 1518 917 1818
wdm-wjxjy-1L 1 879 1477 1003 1774
