lyx-tjjy-500ml 1 189 251 291 608
lyx-tjjy-500ml 1 287 256 387 614
lyx-tjjy-500ml 1 381 276 481 618
lyx-tjjy-500ml 1 475 289 575 622
lyx-tjjy-500ml 1 166 637 270 955
lyx-tjjy-500ml 1 264 651 364 960
lyx-tjjy-500ml 1 358 651 448 964
lyx-tjjy-500ml 1 447 660 535 966
lyx-tjjy-500ml 1 539 656 631 966
lyx-hsjy-500ml 1 635 668 718 970
lyx-hsjy-500ml 1 718 681 800 974
lyx-hsjy-500ml 1 797 672 879 972
lyx-hsjy-500ml 1 879 676 962 980
lyx-tjyzjy-500ml 1 575 293 672 626
lyx-tjyzjy-500ml 1 664 299 758 641
lyx-tjyzjy-500ml 1 756 312 845 643
lyx-tjyzjy-500ml 1 841 318 927 643
lyx-tjyzjy-500ml 1 927 322 1027 645
wdm-spjbsc-1.3L 1 887 1368 1006 1616
wdm-spjbsc-1.3L 1 997 1362 1102 1620
wdm-spjbsc-1.3L 1 1087 1358 1195 1605
