cbl-lyxdbj-300g 1 167 653 320 786
cbl-lyxdbj-300g 1 179 765 323 903
cbl-lyxdbj-300g 1 294 647 450 789
cbl-lyxdbj-300g 1 300 771 444 909
cbl-lyxdbj-500g 1 408 624 576 777
cbl-lyxdbj-500g 1 420 759 570 906
cbl-lyxdbj-500g 1 541 618 714 777
cbl-lyxdbj-500g 1 544 765 697 912
wdm-spjbsc-500ml 1 947 1774 1041 2094
wdm-spjbsc-500ml 1 1029 1777 1141 2112
wdm-wjxjy-800ml 1 1261 2089 1391 2444
wdm-wjxjy-800ml 1 1379 2106 1511 2471
wdm-wjxjy-800ml 1 1297 1780 1426 2150
wdm-wjxjy-800ml 1 1406 1797 1541 2165
wdm-wjxjy-800ml 1 1517 1821 1658 2189
wdm-wjxjy-800ml 1 1626 1841 1776 2215
