wdm-qxmc-460ml 1 493 1 585 297
wdm-qxmc-460ml 1 575 1 666 297
wdm-qxmc-460ml 1 652 1 741 301
wdm-qxmc-460ml 1 727 1 818 314
wdm-qxmc-460ml 1 804 1 898 320
wdm-qxmc-460ml 1 885 1 972 326
wdm-qxmc-460ml 1 962 1 1047 328
wdm-qxmc-460ml 1 1027 3 1122 330
wdm-qxmc-460ml 1 1104 14 1202 333
wdm-qxmc-460ml 1 579 714 670 1033
wdm-qxmc-460ml 1 652 724 737 1037
wdm-qxmc-460ml 1 720 728 812 1037
wdm-qxmc-460ml 1 798 728 879 1033
wdm-qxmc-460ml 1 866 731 950 1041
wdm-qxmc-460ml 1 935 733 1020 1045
wdm-qxmc-460ml 1 1008 728 1095 1035
wdm-qxmc-460ml 1 1098 733 1189 1035
wdm-qxmc-460ml 1 493 1072 572 1351
wdm-qxmc-460ml 1 564 1074 645 1353
wdm-qxmc-460ml 1 643 1078 733 1356
wdm-qxmc-460ml 1 712 1076 795 1349
wdm-qxmc-460ml 1 785 1078 868 1351
wdm-qxmc-460ml 1 856 1081 935 1343
wdm-qxmc-460ml 1 918 1074 998 1345
wdm-qxmc-460ml 1 989 1078 1081 1353
wdm-qxmc-460ml 1 1066 1078 1154 1349
wdm-qxmc-460ml 1 454 1420 533 1701
wdm-qxmc-460ml 1 525 1420 602 1699
wdm-qxmc-460ml 1 604 1416 687 1707
wdm-qxmc-460ml 1 675 1418 752 1707
wdm-qxmc-460ml 1 743 1416 825 1705
wdm-qxmc-460ml 1 810 1416 893 1707
wdm-qxmc-460ml 1 881 1412 958 1699
wdm-qxmc-460ml 1 947 1414 1023 1693
wdm-qxmc-460ml 1 1010 1410 1091 1693
wdm-cxmc-460ml 1 408 714 498 1028
wdm-cxmc-460ml 1 497 718 581 1028
