wdm-btlcjy-500ml 1 1103 212 1151 329
wdm-btlcjy-500ml 1 1142 212 1188 324
wdm-btlcjy-500ml 1 1183 212 1222 327
wdm-btlcjy-500ml 1 1222 212 1263 324
wdm-btlcjy-500ml 1 1256 212 1300 327
wdm-btlcjy-500ml 1 1295 209 1339 329
wdm-btlcjy-500ml 1 1332 212 1376 331
wdm-btlcjy-500ml 1 1368 209 1415 327
wdm-wjxjy-500ml 1 1068 214 1107 329
wdm-wjxjy-500ml 1 1032 214 1073 331
wdm-wjxjy-500ml 1 993 214 1037 334
wdm-wjxjy-500ml 1 956 214 998 331
wdm-wjxjy-500ml 1 917 217 961 331
wdm-wjxjy-500ml 1 881 214 920 329
wdm-wjxjy-500ml 1 834 212 876 336
wdm-wjxjy-500ml 1 790 209 837 334
wdm-wjxjy-800ml 1 788 378 834 536
wdm-wjxjy-800ml 1 827 378 873 541
wdm-wjxjy-800ml 1 866 375 920 536
wdm-wjxjy-800ml 1 910 378 954 536
wdm-wjxjy-800ml 1 949 378 995 534
wdm-wjxjy-800ml 1 990 370 1042 536
wdm-wjxjy-800ml 1 1032 375 1078 529
wdm-wjxjy-800ml 1 1071 378 1120 531
wdm-wjxjy-800ml 1 1112 378 1159 529
wdm-wjxjy-800ml 1 1154 375 1198 529
wdm-wjxjy-800ml 1 1190 375 1244 531
wdm-wjxjy-800ml 1 1229 375 1285 527
wdm-wjxjy-800ml 1 1276 375 1324 527
wdm-wjxjy-800ml 1 1317 380 1363 527
wdm-wjxjy-800ml 1 1356 373 1407 524
wdm-wjxjy-800ml 1 795 568 842 724
wdm-wjxjy-800ml 1 834 566 888 722
wdm-wjxjy-800ml 1 878 561 929 714
wdm-wjxjy-800ml 1 929 563 983 714
wdm-wjxjy-800ml 1 973 566 1027 712
wdm-wjxjy-800ml 1 1017 561 1068 719
wdm-wjxjy-800ml 1 1059 561 1105 709
wdm-wjxjy-800ml 1 1100 558 1151 712
wdm-wjxjy-800ml 1 1144 558 1193 717
wdm-wjxjy-800ml 1 1190 556 1244 709
wdm-wjxjy-800ml 1 1239 553 1288 705
wdm-wjxjy-800ml 1 1281 556 1324 709
wdm-wjxjy-800ml 1 1317 553 1371 705
wdm-wjxjy-800ml 1 1359 551 1410 705
wdm-wjxjy-800ml 1 1063 744 1117 907
wdm-wjxjy-800ml 1 1110 744 1163 912
wdm-wjxjy-800ml 1 1156 744 1210 909
wdm-wjxjy-800ml 1 1203 744 1256 909
wdm-wjxjy-800ml 1 1244 741 1300 902
wdm-wjxjy-800ml 1 1290 741 1344 895
wdm-wjxjy-800ml 1 1334 741 1388 895
wdm-wjxjy-800ml 1 1376 731 1429 895
wdm-wjxjy-1L 1 1015 753 1073 917
wdm-wjxjy-1L 1 978 756 1027 914
wdm-wjxjy-1L 1 932 761 983 922
wdm-wjxjy-1L 1 890 761 939 919
wdm-wjxjy-1L 1 842 761 895 917
wdm-wjxjy-1L 1 793 758 851 922
wdm-wjxjy-1L 1 576 1002 629 1168
wdm-wjxjy-1L 1 622 1002 673 1166
wdm-wjxjy-1L 1 671 997 724 1168
wdm-wjxjy-1L 1 717 995 778 1163
wdm-wjxjy-1.3L 1 768 1000 834 1163
wdm-wjxjy-1.3L 1 827 997 890 1163
wdm-wjxjy-1.3L 1 885 997 946 1158
wdm-wjxjy-1.3L 1 944 992 1005 1156
wdm-wjxjy-1.3L 1 995 992 1066 1156
wdm-wjxjy-1.8L 1 1061 983 1137 1158
wdm-wjxjy-1.8L 1 1129 980 1203 1151
wdm-wjxjy-1.8L 1 1188 978 1263 1146
wdm-wjxjy-1.8L 1 1249 978 1327 1146
wdm-wjxjy-1.8L 1 1317 975 1400 1141
wdm-wjxjy-1.8L 1 1383 970 1459 1141
