cbl-lyxdbj-300g 1 790 356 890 441
cbl-lyxdbj-300g 1 788 434 890 514
cbl-lyxdbj-300g 1 885 363 981 446
cbl-lyxdbj-300g 1 883 436 981 519
cbl-lyxdbj-300g 1 981 368 1071 449
cbl-lyxdbj-300g 1 976 441 1071 519
cbl-hdj-900g 1 1059 353 1151 527
cbl-hdj-900g 1 1139 361 1229 524
cbl-hdj-900g 1 1215 363 1300 527
cbl-lhdj-900g 1 1285 366 1371 527
cbl-lhdj-900g 1 1359 366 1451 527
cbl-lhdj-900g 1 1432 368 1524 536
wdm-cxhy-510g 1 371 700 444 931
wdm-cxhy-510g 1 437 692 500 929
wdm-btlcjy-500ml 1 493 692 571 936
wdm-btlcjy-500ml 1 559 692 632 931
wdm-wjxjy-500ml 1 624 702 698 927
wdm-wjxjy-500ml 1 688 702 759 929
wdm-wjxjy-800ml 1 746 670 824 922
wdm-wjxjy-800ml 1 817 673 890 922
wdm-wjxjy-1.3L 1 883 692 976 922
wdm-wjxjy-1.3L 1 963 688 1059 912
