wdm-wjxjy-800ml 1 805 314 905 631
wdm-wjxjy-800ml 1 729 317 817 622
wdm-wjxjy-800ml 1 644 305 737 617
wdm-wjxjy-800ml 1 568 305 651 619
wdm-wjxjy-800ml 1 527 624 622 936
wdm-wjxjy-800ml 1 607 622 705 944
wdm-wjxjy-800ml 1 693 629 781 944
wdm-wjxjy-800ml 1 768 634 868 951
wdm-wjxjy-800ml 1 863 639 956 939
wdm-wjxjy-800ml 1 412 856 505 1158
wdm-wjxjy-800ml 1 498 934 590 1183
wdm-wjxjy-800ml 1 588 939 671 1190
wdm-wjxjy-800ml 1 663 941 749 1188
wdm-wjxjy-800ml 1 742 944 834 1185
wdm-wjxjy-800ml 1 820 951 907 1192
wdm-wjxjy-800ml 1 898 941 988 1188
wdm-wjxjy-800ml 1 985 927 1083 1197
