cbl-lyxtmj-300g 1 224 506 304 562
cbl-lyxtmj-300g 1 226 554 304 616
cbl-lyxtmj-300g 1 293 512 364 566
cbl-lyxtmj-300g 1 299 554 364 618
cbl-lyxtmj-300g 1 360 512 429 570
cbl-lyxtmj-300g 1 360 562 426 620
cbl-lyxdbj-300g 1 704 481 772 535
cbl-lyxdbj-300g 1 712 527 774 577
cbl-lyxdbj-300g 1 712 568 774 624
cbl-lyxdbj-300g 1 766 479 829 535
cbl-lyxdbj-300g 1 768 524 828 575
cbl-lyxdbj-300g 1 766 566 826 624
cbl-lyxdbj-300g 1 820 479 891 537
cbl-lyxdbj-300g 1 822 529 887 579
cbl-lyxdbj-300g 1 820 572 889 625
cbl-lyxdbj-800g 1 416 441 501 508
cbl-lyxdbj-800g 1 422 495 503 562
cbl-lyxdbj-800g 1 420 552 504 622
cbl-lyxdbj-800g 1 499 500 576 564
cbl-lyxdbj-800g 1 495 554 579 627
cbl-lyxdbj-800g 1 570 500 653 564
cbl-lyxdbj-800g 1 572 554 649 625
cbl-lyxdbj-800g 1 645 500 724 568
cbl-lyxdbj-800g 1 641 556 722 625
wdm-wjxjy-1L 1 1385 685 1422 822
wdm-wjxjy-1L 1 1412 683 1454 822
wdm-wjxjy-1L 1 1445 681 1491 818
wdm-wjxjy-1L 1 1481 679 1526 816
wdm-wjxjy-1L 1 1516 683 1556 822
wdm-wjxjy-1L 1 1545 681 1589 824
wdm-wjxjy-500ml 1 960 508 999 637
wdm-wjxjy-500ml 1 993 510 1031 641
wdm-wjxjy-500ml 1 1028 508 1070 639
wdm-wjxjy-500ml 1 1060 510 1099 639
wdm-wjxjy-800ml 1 1091 489 1137 641
wdm-wjxjy-800ml 1 1131 491 1174 643
wdm-wjxjy-800ml 1 1168 493 1210 645
wdm-wjxjy-800ml 1 1203 493 1245 643
wdm-wjxjy-800ml 1 1239 493 1278 643
wdm-wjxjy-800ml 1 1272 495 1314 643
wdm-wjxjy-800ml 1 1308 497 1351 641
wdm-wjxjy-800ml 1 1341 499 1385 639
wdm-wjxjy-800ml 1 1404 502 1445 643
wdm-wjxjy-800ml 1 1435 500 1479 641
wdm-wjxjy-800ml 1 1472 500 1514 643
wdm-wjxjy-800ml 1 1504 497 1543 645
