wdm-wjxjy-1L 1 170 747 264 993
wdm-wjxjy-1L 1 247 747 324 983
wdm-wjxjy-1L 1 310 754 397 983
wdm-wjxjy-800ml 1 374 745 449 979
wdm-wjxjy-800ml 1 433 747 506 975
wdm-btlcjy-1L 1 789 981 864 1187
wdm-btlcjy-1L 1 851 983 924 1177
wdm-btlcjy-1L 1 901 977 972 1177
wdm-wjxjy-1.8L 1 635 985 728 1210
wdm-wjxjy-1.8L 1 553 991 647 1204
wdm-wjxjy-1.8L 1 462 993 566 1218
lyx-tjjy-500ml 1 324 499 399 697
lyx-tjjy-500ml 1 385 506 453 704
lyx-hsjy-500ml 1 443 508 506 706
lyx-hsjy-500ml 1 493 512 566 704
cbl-lyxtmj-300g 1 637 393 726 462
cbl-lyxtmj-300g 1 714 397 793 472
cbl-lyxtmj-300g 1 629 314 703 387
cbl-lyxtmj-800g 1 383 352 491 435
cbl-lyxtmj-800g 1 391 281 495 375
cbl-lyxtmj-800g 1 395 237 508 316
cbl-lyxdbj-300g 1 476 375 568 450
cbl-lyxdbj-300g 1 560 377 639 462
cbl-lyxdbj-800g 1 281 339 385 429
cbl-lyxdbj-800g 1 178 331 291 420
