wdm-wjxjy-1.3L 1 199 397 326 789
wdm-wjxjy-1.3L 1 296 380 423 786
wdm-wjxjy-1.3L 1 393 362 517 786
wdm-wjxjy-1.8L 1 499 297 649 786
wdm-wjxjy-1.8L 1 626 256 808 786
wdm-wjxjy-1.8L 1 779 212 964 783
wdm-wjxjy-1.8L 1 929 159 1164 783
wdm-wjxjy-1.8L 1 1135 89 1414 774
wdm-wjxjy-1.8L 1 1367 24 1673 762
wdm-wjxjy-1.8L 1 1623 1 1920 741
wdm-wjxjy-1.3L 1 267 859 399 1236
wdm-wjxjy-1.3L 1 367 859 502 1259
wdm-wjxjy-1.3L 1 467 853 596 1283
wdm-wjxjy-500ml 1 576 891 676 1289
wdm-wjxjy-800ml 1 652 839 773 1303
wdm-wjxjy-800ml 1 752 836 870 1327
wdm-wjxjy-800ml 1 840 841 964 1344
wdm-wjxjy-800ml 1 955 839 1085 1374
wdm-wjxjy-800ml 1 1067 833 1214 1403
wdm-wjxjy-800ml 1 1199 833 1361 1424
wdm-wjxjy-800ml 1 1340 827 1523 1462
wdm-wjxjy-800ml 1 1502 821 1714 1480
wdm-wjxjy-800ml 1 1685 809 1920 1527
wdm-btlcjy-500ml 1 290 1291 370 1591
wdm-btlcjy-500ml 1 346 1306 417 1627
wdm-cxhy-510g 1 399 1318 479 1639
wdm-cxhy-510g 1 458 1333 532 1659
wdm-cxhy-510g 1 517 1347 593 1686
wdm-qxmc-460ml 1 576 1356 664 1709
wdm-qxmc-460ml 1 640 1371 732 1741
wdm-qxmc-460ml 1 711 1391 799 1768
wdm-cxmc-460ml 1 785 1406 879 1803
wdm-cxmc-460ml 1 864 1427 961 1830
wdm-cxmc-460ml 1 946 1450 1052 1871
wdm-cxmc-460ml 1 1035 1477 1152 1909
wdm-spjbsc-500ml 1 1140 1500 1267 1953
wdm-spjbsc-500ml 1 1255 1524 1379 1997
wdm-spjbsc-500ml 1 1364 1562 1520 2047
wdm-spjbsc-500ml 1 1508 1591 1670 2118
wdm-spjbsc-500ml 1 1649 1606 1835 2177
cbl-lyxtmj-300g 1 296 1730 411 1874
cbl-lyxtmj-300g 1 388 1762 502 1909
cbl-lyxtmj-300g 1 388 1865 488 2012
cbl-lyxdbj-300g 1 470 1797 614 1959
cbl-lyxdbj-500g 1 564 1906 735 2106
cbl-lyxdbj-500g 1 664 1956 796 2177
cbl-lyxdbj-800g 1 764 1894 988 2115
cbl-lyxdbj-800g 1 767 2050 979 2247
