cbl-hdj-900g 1 96 1827 302 2153
cbl-hdj-900g 1 285 1827 479 2147
cbl-hdj-900g 1 473 1821 655 2133
cbl-hdj-900g 1 646 1815 835 2133
cbl-hdj-900g 1 829 1809 1011 2118
cbl-hdj-900g 1 996 1803 1176 2118
cbl-hdj-900g 1 1164 1800 1340 2112
cbl-hdj-900g 1 1329 1797 1499 2106
cbl-hdj-900g 1 1485 1791 1664 2091
cbl-hdj-900g 1 1629 1783 1817 2089
cbl-hdj-900g 1 376 1321 561 1606
cbl-hdj-900g 1 549 1315 717 1594
cbl-hdj-900g 1 711 1321 885 1591
cbl-hdj-900g 1 873 1312 1046 1594
cbl-hdj-900g 1 479 971 638 1224
cbl-hdj-900g 1 623 980 782 1230
cbl-hdj-900g 1 773 980 929 1212
cbl-lhdj-900g 1 1038 1318 1208 1594
cbl-lhdj-900g 1 1179 1318 1352 1586
cbl-lhdj-900g 1 1326 1318 1499 1583
cbl-lhdj-900g 1 926 986 1088 1224
cbl-lhdj-900g 1 1067 986 1223 1233
cbl-lhdj-900g 1 1202 989 1367 1230
