wdm-qxmc-460ml 1 429 56 597 765
wdm-qxmc-460ml 1 535 97 679 765
wdm-qxmc-460ml 1 650 112 794 777
wdm-cxmc-460ml 1 770 150 905 768
wdm-cxmc-460ml 1 861 177 982 756
wdm-cxmc-460ml 1 935 192 1073 759
wdm-btlcjy-500ml 1 1038 259 1153 771
wdm-btlcjy-500ml 1 1117 283 1267 765
wdm-cxhy-510g 1 405 956 558 1477
wdm-cxhy-510g 1 526 950 644 1450
wdm-spjbsc-500ml 1 455 1606 597 2056
wdm-spjbsc-500ml 1 561 1571 685 2003
wdm-spjbsc-500ml 1 655 1542 776 1959
wdm-wjxjy-1.8L 1 1161 1336 1297 1715
wdm-wjxjy-1.8L 1 1264 1312 1376 1659
wdm-wjxjy-1.8L 1 1329 1274 1467 1627
wdm-wjxjy-1.3L 1 441 2103 638 2453
wdm-wjxjy-1.3L 1 600 2039 776 2356
wdm-wjxjy-1.3L 1 744 1962 908 2277
wdm-wjxjy-1.3L 1 870 1889 1011 2194
wdm-wjxjy-1.3L 1 988 1824 1126 2109
wdm-wjxjy-1L 1 1097 1771 1203 2053
wdm-wjxjy-1L 1 1179 1739 1270 2009
wdm-wjxjy-1L 1 1238 1712 1329 1968
wdm-wjxjy-1L 1 1305 1680 1388 1930
wdm-wjxjy-1L 1 1208 244 1332 765
wdm-wjxjy-1L 1 1291 262 1444 768
wdm-wjxjy-1L 1 1370 283 1514 762
wdm-wjxjy-1L 1 1453 306 1564 762
wdm-wjxjy-1L 1 1494 312 1620 759
wdm-wjxjy-800ml 1 1429 818 1541 1218
wdm-wjxjy-800ml 1 1376 821 1476 1239
wdm-wjxjy-800ml 1 1300 818 1417 1262
wdm-wjxjy-800ml 1 1220 821 1338 1274
wdm-wjxjy-800ml 1 1135 824 1270 1303
wdm-wjxjy-800ml 1 1067 844 1179 1300
wdm-wjxjy-800ml 1 1094 1368 1194 1756
wdm-wjxjy-800ml 1 1008 1389 1126 1794
wdm-wjxjy-800ml 1 920 1418 1038 1833
wdm-wjxjy-500ml 1 1011 921 1117 1336
wdm-wjxjy-500ml 1 932 930 1041 1377
wdm-wjxjy-500ml 1 817 939 964 1386
wdm-zphy-510g 1 620 942 767 1430
wdm-zphy-510g 1 729 939 847 1409
lyx-hsjy-500ml 1 747 1494 858 1909
lyx-hsjy-500ml 1 838 1474 955 1874
