cbl-lyxtmj-800g 1 839 349 966 444
cbl-lyxtmj-800g 1 866 434 954 517
cbl-lyxtmj-800g 1 939 349 998 436
cbl-lyxtmj-800g 1 937 429 1000 509
cbl-lyxdbj-800g 1 981 349 1063 436
cbl-lyxdbj-800g 1 1046 351 1117 424
cbl-lyxdbj-800g 1 1049 419 1117 492
cbl-lyxdbj-800g 1 990 422 1061 505
cbl-lyxdbj-500g 1 939 724 1032 812
cbl-lyxdbj-500g 1 1015 712 1073 795
cbl-lyxdbj-500g 1 963 797 1029 873
cbl-lyxdbj-500g 1 1020 778 1073 849
cbl-lyxsrdbj-300g 1 920 912 988 995
cbl-lyxsrdbj-300g 1 973 897 1029 970
cbl-lyxsrdbj-300g 1 981 949 1034 1024
cbl-lyxtmj-300g 1 1012 878 1071 946
cbl-lyxtmj-300g 1 1054 856 1120 927
cbl-hdj-300g 1 795 978 893 1049
cbl-hdj-300g 1 803 1019 895 1080
cbl-hdj-300g 1 807 1056 898 1119
cbl-hdj-300g 1 868 949 942 1014
cbl-lyxdbj-300g 1 910 1092 971 1175
cbl-lyxdbj-300g 1 954 1068 1007 1136
cbl-lyxdbj-300g 1 995 1034 1049 1117
cbl-lyxdbj-300g 1 912 1151 973 1227
