wdm-cxmc-460ml 1 114 1309 223 1621
wdm-qxmc-460ml 1 185 1297 294 1615
wdm-cxhy-510g 1 264 1324 361 1624
wdm-cxhy-510g 1 326 1321 435 1633
wdm-zphy-510g 1 414 1336 500 1633
wdm-zphy-510g 1 476 1327 570 1641
wdm-spjbsc-500ml 1 547 1333 650 1644
wdm-spjbsc-500ml 1 632 1341 732 1650
wdm-btlcjy-500ml 1 714 1344 811 1644
wdm-btlcjy-500ml 1 800 1353 891 1662
wdm-wjxjy-500ml 1 879 1365 979 1671
wdm-wjxjy-500ml 1 967 1362 1064 1677
wdm-wjxjy-1L 1 1041 1341 1161 1689
wdm-wjxjy-1L 1 1150 1344 1261 1689
wdm-wjxjy-1.3L 1 1238 1391 1391 1741
wdm-wjxjy-1.3L 1 1370 1377 1520 1730
wdm-wjxjy-1.8L 1 1503 1380 1682 1768
wdm-wjxjy-1.8L 1 1664 1377 1858 1768
