cbl-lyxtmj-800g 1 351 670 626 904
cbl-lyxtmj-800g 1 364 874 620 1091
cbl-lyxtmj-800g 1 572 674 853 920
cbl-lyxtmj-800g 1 572 866 851 1122
cbl-lyxdbj-800g 1 793 693 1103 962
cbl-lyxdbj-800g 1 804 897 1104 1174
cbl-lyxdbj-800g 1 1072 700 1387 989
cbl-lyxdbj-800g 1 1072 918 1381 1204
cbl-lyxdbj-300g 1 1347 808 1631 1064
cbl-lyxdbj-300g 1 893 535 1106 710
cbl-lyxdbj-300g 1 1356 624 1624 841
cbl-lyxdbj-300g 1 1643 635 1920 864
cbl-lyxtmj-300g 1 1626 835 1920 1085
cbl-lyxtmj-300g 1 1620 1006 1920 1285
