wdm-wjxjy-3.78L 1 578 916 714 1162
wdm-wjxjy-3.78L 1 695 922 833 1168
wdm-wjxjy-1.3L 1 806 950 904 1170
wdm-wjxjy-1.3L 1 889 952 970 1172
wdm-wjxjy-1.8L 1 956 937 1058 1166
wdm-wjxjy-1.8L 1 1041 941 1141 1174
wdm-wjxjy-2L 1 1124 922 1222 1170
wdm-wjxjy-2L 1 1199 929 1303 1172
wdm-spjbsc-1.3L 1 353 1179 468 1418
wdm-spjbsc-1.3L 1 439 1187 551 1414
wdm-cxmc-1.3L 1 529 1181 639 1412
wdm-cxmc-1.3L 1 616 1187 724 1410
wdm-wjxjy-800ml 1 804 1181 874 1387
wdm-wjxjy-800ml 1 747 1181 822 1381
wdm-wjxjy-800ml 1 695 1179 762 1385
wdm-btlcjy-1L 1 866 1177 949 1410
wdm-btlcjy-1L 1 939 1177 1014 1410
wdm-btlcjy-1L 1 999 1181 1074 1404
wdm-wjxjy-1L 1 1058 1181 1137 1408
wdm-wjxjy-1L 1 1120 1181 1193 1400
wdm-wjxjy-1L 1 1176 1179 1256 1402
wdm-wjxjy-1L 1 1233 1175 1312 1402
