wdm-wjxjy-800ml 1 214 577 347 1003
wdm-wjxjy-800ml 1 317 583 447 1006
wdm-wjxjy-800ml 1 432 600 564 1015
wdm-cxmc-1.3L 1 520 656 667 1024
wdm-cxmc-1.3L 1 650 665 800 1018
wdm-wjxjy-1.3L 1 779 677 911 1021
wdm-wjxjy-1.3L 1 876 694 1008 1018
wdm-wjxjy-1.3L 1 991 689 1114 1018
wdm-wjxjy-1.3L 1 1091 703 1217 1030
wdm-wjxjy-1.3L 1 1191 712 1305 1030
wdm-wjxjy-1.3L 1 1282 730 1391 1030
wdm-wjxjy-800ml 1 1373 706 1464 1036
wdm-wjxjy-800ml 1 1438 709 1520 1036
wdm-wjxjy-800ml 1 1500 715 1576 1027
wdm-wjxjy-800ml 1 1564 721 1644 1030
wdm-zphy-510g 1 226 1268 338 1633
wdm-zphy-510g 1 314 1280 414 1621
wdm-cxhy-510g 1 394 1268 497 1615
wdm-cxhy-510g 1 476 1274 573 1606
wdm-cxmc-460ml 1 544 1253 641 1592
wdm-cxmc-460ml 1 626 1247 714 1583
wdm-cxmc-460ml 1 708 1253 794 1574
wdm-zplj-450ml 1 776 1250 858 1565
wdm-zplj-450ml 1 847 1244 935 1565
cbl-lyxdbj-300g 1 1547 1306 1650 1406
cbl-lyxdbj-300g 1 1541 1392 1644 1483
cbl-lyxdbj-300g 1 1464 1315 1570 1418
cbl-lyxdbj-300g 1 1455 1400 1564 1497
cbl-lyxdbj-300g 1 1450 1221 1564 1324
cbl-lyxdbj-500g 1 1255 1297 1379 1418
cbl-lyxdbj-500g 1 1253 1400 1385 1515
cbl-lyxdbj-800g 1 1029 1297 1182 1436
cbl-lyxdbj-800g 1 1035 1409 1176 1533
cbl-lyxdbj-800g 1 911 1303 1064 1447
cbl-lyxdbj-800g 1 914 1421 1064 1553
cbl-lyxtmj-800g 1 1138 1289 1288 1427
cbl-lyxtmj-800g 1 1144 1400 1279 1530
cbl-lyxtmj-300g 1 1370 1306 1485 1436
cbl-lyxtmj-300g 1 1355 1403 1479 1512
cbl-lyxtmj-300g 1 1311 1239 1470 1365
wdm-spjbsc-1.3L 1 223 1656 364 1992
wdm-spjbsc-1.3L 1 350 1650 503 1959
wdm-cxmc-1.3L 1 479 1633 623 1942
wdm-cxmc-1.3L 1 600 1618 747 1927
wdm-wjxjy-1.3L 1 717 1615 853 1892
wdm-wjxjy-1.3L 1 832 1592 964 1874
wdm-wjxjy-1.3L 1 935 1583 1053 1853
wdm-spjbsc-500ml 1 1032 1568 1114 1850
wdm-spjbsc-500ml 1 1091 1553 1176 1836
wdm-spjbsc-500ml 1 1161 1547 1232 1812
wdm-wjxjy-500ml 1 235 2068 361 2415
wdm-wjxjy-500ml 1 323 2056 444 2371
wdm-wjxjy-800ml 1 479 1983 597 2344
wdm-wjxjy-800ml 1 570 1971 685 2318
wdm-wjxjy-800ml 1 667 1950 770 2292
cbl-lyxdbj-800g 1 832 1186 961 1303
cbl-lyxdbj-800g 1 938 1174 1079 1315
wdm-wjxjy-1L 1 738 1942 855 2250
wdm-wjxjy-1L 1 820 1906 941 2253
wdm-wjxjy-1L 1 920 1897 1008 2215
wdm-btlcjy-1L 1 985 1877 1091 2197
wdm-btlcjy-1L 1 1064 1862 1161 2186
wdm-btlcjy-1L 1 1147 1865 1232 2156
wdm-wjxjy-1.3L 1 1217 1844 1329 2130
wdm-wjxjy-1.8L 1 1300 1803 1420 2112
wdm-wjxjy-1.8L 1 1382 1794 1494 2059
lyx-tjjy-885ml 1 1220 1544 1305 1803
lyx-tjjy-885ml 1 1294 1533 1367 1789
lyx-tjjy-885ml 1 1353 1527 1429 1768
lyx-tjyzjy-500ml 1 1400 1521 1485 1762
lyx-tjyzjy-500ml 1 1464 1506 1541 1762
lyx-tjyzjy-500ml 1 1520 1500 1591 1744
