wdm-btlcjy-500ml 1 1317 1759 1467 2168
wdm-btlcjy-500ml 1 1179 1724 1311 2147
wdm-wjxjy-1.8L 1 697 1644 908 2059
wdm-wjxjy-1.8L 1 532 1612 738 2036
wdm-wjxjy-1.8L 1 382 1603 561 2024
wdm-wjxjy-2L 1 247 1574 426 1983
wdm-zplj-450ml 1 597 1171 741 1594
wdm-wjxjy-800ml 1 329 1118 479 1571
wdm-wjxjy-800ml 1 208 1094 367 1553
cbl-hdj-900g 1 1053 736 1229 1080
cbl-hdj-900g 1 911 747 1091 1077
cbl-lyxdbj-300g 1 326 909 508 1062
cbl-lyxdbj-300g 1 314 783 500 939
cbl-lyxdbj-800g 1 179 877 358 1062
cbl-lyxdbj-800g 1 167 736 408 909
