cbl-lyxtmj-300g 1 56 47 166 141
cbl-lyxtmj-300g 1 72 120 182 198
cbl-lyxtmj-300g 1 129 33 236 133
cbl-lyxtmj-300g 1 147 106 249 198
cbl-lyxdbj-300g 1 202 35 300 128
cbl-lyxdbj-300g 1 217 109 330 194
cbl-lyxtmj-800g 1 271 1 404 107
cbl-lyxtmj-800g 1 293 93 416 187
cbl-lyxtmj-800g 1 380 1 507 105
cbl-lyxtmj-800g 1 395 80 523 188
cbl-lyxdbj-800g 1 494 52 644 179
cbl-lyxdbj-800g 1 485 1 622 85
wdm-wjxjy-500ml 1 198 219 295 409
wdm-wjxjy-500ml 1 248 212 352 406
wdm-btlcjy-500ml 1 308 209 395 405
wdm-btlcjy-500ml 1 349 207 441 407
wdm-spjbsc-500ml 1 408 201 493 411
wdm-spjbsc-500ml 1 459 203 548 412
wdm-spjbsc-500ml 1 525 197 608 410
wdm-cxhy-510g 1 580 196 657 411
wdm-cxhy-510g 1 629 197 704 412
wdm-zplj-450ml 1 681 193 758 419
wdm-zplj-450ml 1 740 188 813 416
wdm-cxmc-460ml 1 799 185 875 419
wdm-cxmc-460ml 1 859 183 935 415
wdm-wjxjy-1.8L 1 270 443 379 646
wdm-wjxjy-1.8L 1 344 447 453 655
wdm-wjxjy-1.8L 1 421 447 534 664
wdm-wjxjy-1.8L 1 498 451 615 675
wdm-wjxjy-1.8L 1 586 443 697 665
wdm-wjxjy-1.3L 1 672 474 772 684
wdm-wjxjy-1.3L 1 754 479 853 691
wdm-wjxjy-1.3L 1 840 474 945 703
