cbl-lyxdbj-800g 1 1 436 441 844
cbl-lyxdbj-800g 1 1 786 441 1159
cbl-lyxdbj-800g 1 382 533 744 903
cbl-lyxdbj-800g 1 353 815 744 1180
cbl-lyxdbj-300g 1 1103 806 1297 1012
cbl-lyxdbj-300g 1 1091 983 1291 1200
cbl-lyxdbj-300g 1 1235 833 1420 1030
cbl-lyxdbj-300g 1 1235 983 1414 1203
cbl-lyxtmj-800g 1 676 871 994 1197
cbl-lyxtmj-800g 1 685 615 1017 942
cbl-lyxtmj-300g 1 938 771 1153 992
cbl-lyxtmj-300g 1 917 953 1135 1189
cbl-hdj-900g 1 1353 815 1535 1203
cbl-hdj-900g 1 1467 839 1626 1218
cbl-lhdj-900g 1 1567 868 1703 1197
cbl-lhdj-900g 1 1641 877 1779 1209
cbl-lyxtmj-300g 1 1517 1783 1723 1992
cbl-lyxtmj-300g 1 1579 1950 1705 2112
