cbl-lyxtmj-300g 1 617 512 803 686
cbl-lyxtmj-300g 1 608 642 794 830
cbl-lyxtmj-300g 1 761 536 926 715
cbl-lyxtmj-300g 1 761 662 914 836
cbl-lyxtmj-300g 1 617 950 779 1106
cbl-lyxtmj-300g 1 617 1080 779 1233
cbl-lyxtmj-300g 1 735 962 891 1103
cbl-lyxtmj-300g 1 744 1080 888 1224
cbl-lyxtmj-800g 1 823 1292 1020 1477
cbl-lyxtmj-800g 1 847 1430 1003 1597
cbl-lyxtmj-800g 1 950 1280 1132 1450
cbl-lyxtmj-800g 1 976 1409 1117 1565
cbl-lyxdbj-800g 1 717 1456 888 1630
cbl-lyxdbj-800g 1 703 1318 897 1503
cbl-lyxdbj-800g 1 600 1333 767 1533
cbl-lyxdbj-800g 1 614 1492 755 1689
cbl-lyxdbj-300g 1 858 1074 988 1224
cbl-lyxdbj-300g 1 861 959 994 1100
cbl-lyxdbj-300g 1 882 686 1032 847
cbl-lyxdbj-300g 1 879 568 1038 724
