wdm-btlcjy-1L 1 1020 589 1205 1092
wdm-btlcjy-1L 1 958 612 1108 1068
wdm-btlcjy-1L 1 888 630 1023 1074
wdm-wjxjy-800ml 1 841 112 976 592
wdm-wjxjy-800ml 1 905 71 1050 559
wdm-wjxjy-800ml 1 970 12 1120 524
wdm-wjxjy-800ml 1 1041 1 1220 539
wdm-wjxjy-800ml 1 1138 1 1311 512
wdm-wjxjy-800ml 1 1241 1 1429 492
wdm-wjxjy-500ml 1 823 692 935 1053
wdm-wjxjy-500ml 1 758 694 873 1062
wdm-wjxjy-1.8L 1 1170 568 1444 1147
wdm-wjxjy-1.8L 1 1361 521 1632 1171
wdm-wjxjy-800ml 1 720 1086 832 1486
wdm-wjxjy-800ml 1 767 1109 885 1503
wdm-wjxjy-800ml 1 826 1121 953 1536
wdm-wjxjy-800ml 1 891 1133 1020 1571
wdm-wjxjy-800ml 1 961 1136 1094 1609
wdm-wjxjy-1L 1 1494 1227 1741 1877
wdm-wjxjy-1L 1 1350 1218 1547 1806
wdm-wjxjy-1L 1 1241 1192 1411 1742
wdm-wjxjy-1L 1 1129 1177 1297 1694
wdm-wjxjy-1L 1 1038 1144 1179 1647
