wdm-spjbsc-500ml 1 235 1 355 383
wdm-spjbsc-500ml 1 326 1 432 377
lyx-tjjy-500ml 1 414 1 532 377
lyx-tjjy-500ml 1 508 1 611 371
lyx-tjyzjy-500ml 1 594 1 714 374
lyx-tjyzjy-500ml 1 697 1 814 359
wdm-wjxjy-500ml 1 55 424 170 756
wdm-wjxjy-500ml 1 138 415 253 756
wdm-wjxjy-500ml 1 211 403 323 753
wdm-wjxjy-1.3L 1 335 777 494 1121
wdm-wjxjy-1.3L 1 482 777 614 1118
wdm-spjbsc-1.3L 1 591 774 738 1118
wdm-spjbsc-1.3L 1 711 771 853 1127
wdm-wjxjy-800ml 1 379 1139 488 1474
wdm-wjxjy-800ml 1 455 1139 570 1477
wdm-wjxjy-1L 1 541 1150 658 1471
wdm-btlcjy-1L 1 629 1150 744 1483
wdm-btlcjy-1L 1 720 1159 829 1483
wdm-btlcjy-1L 1 808 1162 923 1483
wdm-wjxjy-1.3L 1 673 1506 829 1824
wdm-wjxjy-1.3L 1 794 1515 950 1812
wdm-wjxjy-1.8L 1 923 1850 1064 2183
wdm-wjxjy-1.8L 1 1050 1856 1200 2206
wdm-btlcjy-500ml 1 291 421 405 756
wdm-btlcjy-500ml 1 379 409 485 756
wdm-btlcjy-500ml 1 461 397 567 756
wdm-btlcjy-500ml 1 544 397 653 753
