cbl-hdj-300g 1 347 254 503 345
cbl-hdj-300g 1 347 320 468 406
cbl-hdj-300g 1 360 379 478 462
cbl-hdj-300g 1 370 441 485 504
cbl-hdj-900g 1 687 181 808 458
cbl-hdj-900g 1 439 250 556 485
cbl-hdj-900g 1 512 233 643 475
cbl-hdj-900g 1 599 210 733 464
cbl-lyxtmj-800g 1 362 589 501 722
cbl-lyxtmj-800g 1 387 697 510 829
cbl-lyxtmj-800g 1 449 579 587 720
cbl-lyxtmj-800g 1 462 700 601 827
cbl-lyxdbj-800g 1 535 570 712 716
cbl-lyxdbj-800g 1 564 693 712 831
cbl-lyxdbj-500g 1 649 583 803 718
cbl-lyxdbj-500g 1 672 691 828 835
cbl-lyxdbj-300g 1 774 597 914 723
cbl-lyxdbj-300g 1 789 700 931 823
cbl-lyxdbj-300g 1 879 585 1041 718
cbl-lyxdbj-300g 1 889 695 1056 837
cbl-lyxdbj-300g 1 991 450 1147 585
cbl-lyxtmj-300g 1 997 568 1183 720
cbl-lyxtmj-300g 1 1014 675 1201 833
cbl-lyxtmj-300g 1 1154 550 1354 710
cbl-lyxtmj-300g 1 1174 664 1360 825
wdm-btlcjy-500ml 1 1345 866 1504 1277
wdm-btlcjy-500ml 1 1239 866 1376 1272
wdm-btlcjy-500ml 1 1135 868 1289 1262
wdm-btlcjy-500ml 1 1047 862 1183 1237
wdm-qxmc-460ml 1 970 845 1089 1222
wdm-qxmc-460ml 1 899 845 1018 1218
wdm-qxmc-460ml 1 828 843 945 1206
lyx-tjjy-500ml 1 776 843 870 1181
lyx-tjjy-500ml 1 699 841 814 1168
lyx-hsjy-500ml 1 629 843 739 1158
lyx-hsjy-500ml 1 568 843 668 1145
lyx-tjyzjy-500ml 1 516 841 606 1135
lyx-tjyzjy-500ml 1 464 837 556 1123
