cbl-hdj-900g 1 486 33 609 205
cbl-lyxtmj-300g 1 75 124 144 191
cbl-lyxtmj-300g 1 98 176 165 232
cbl-lyxdbj-300g 1 111 124 171 187
cbl-lyxdbj-300g 1 131 174 197 230
cbl-lyxdbj-300g 1 144 116 215 184
cbl-lyxdbj-300g 1 167 171 236 230
cbl-lyxtmj-800g 1 177 71 266 165
cbl-lyxtmj-800g 1 207 153 298 225
cbl-lyxtmj-800g 1 226 69 321 159
cbl-lyxtmj-800g 1 262 138 347 219
cbl-lyxdbj-800g 1 312 134 408 220
cbl-lyxdbj-800g 1 286 69 376 152
cbl-lyxdbj-800g 1 266 1 350 87
cbl-lyxdbj-800g 1 309 1 409 80
cbl-lyxdbj-800g 1 376 1 504 69
cbl-lyxdbj-800g 1 341 64 441 147
cbl-lyxdbj-800g 1 400 34 527 141
wdm-btlcjy-1L 1 876 250 985 496
wdm-btlcjy-1L 1 809 243 915 478
wdm-btlcjy-1L 1 745 246 856 469
wdm-btlcjy-1L 1 682 255 788 475
wdm-btlcjy-500ml 1 635 279 723 465
wdm-btlcjy-500ml 1 594 280 676 461
wdm-btlcjy-500ml 1 549 280 631 455
wdm-spjbsc-500ml 1 509 267 594 446
wdm-spjbsc-500ml 1 471 267 554 444
wdm-spjbsc-500ml 1 441 265 517 437
wdm-zphy-510g 1 417 265 488 428
wdm-zphy-510g 1 384 271 468 433
wdm-cxhy-510g 1 358 269 431 428
wdm-cxhy-510g 1 335 267 406 426
wdm-cxhy-510g 1 311 265 384 421
wdm-zplj-450ml 1 282 259 358 415
wdm-zplj-450ml 1 258 260 336 412
wdm-zplj-450ml 1 238 257 309 409
wdm-cxmc-460ml 1 212 261 290 407
wdm-cxmc-460ml 1 191 261 267 414
wdm-wjxjy-800ml 1 267 424 334 556
wdm-wjxjy-800ml 1 290 428 362 560
wdm-wjxjy-500ml 1 321 441 386 570
wdm-wjxjy-500ml 1 348 446 415 573
wdm-wjxjy-500ml 1 375 450 444 582
lyx-tjyzjy-500ml 1 408 446 472 583
lyx-tjyzjy-500ml 1 434 450 504 588
lyx-tjyzjy-500ml 1 466 453 539 598
lyx-tjyzjy-500ml 1 497 460 579 607
lyx-tjjy-500ml 1 544 462 625 609
lyx-tjjy-500ml 1 591 470 667 616
lyx-tjjy-500ml 1 631 471 703 624
lyx-tjjy-500ml 1 667 480 745 639
