cbl-lyxtmj-800g 1 1335 1309 1920 1809
cbl-lyxtmj-800g 1 1361 968 1920 1421
cbl-lyxtmj-800g 1 1020 1224 1450 1650
cbl-lyxtmj-300g 1 832 1247 1097 1536
cbl-lyxtmj-300g 1 838 1030 1164 1315
cbl-lyxdbj-300g 1 676 1209 885 1471
cbl-lyxdbj-300g 1 685 1006 944 1259
cbl-lyxdbj-800g 1 538 1144 767 1418
cbl-lyxdbj-800g 1 514 942 817 1200
cbl-hdj-300g 1 447 1083 600 1239
cbl-hdj-300g 1 453 1194 614 1344
cbl-lyxdbj-800g 1 335 1062 508 1300
cbl-lyxdbj-800g 1 235 1036 382 1256
cbl-hdj-900g 1 753 218 1055 783
cbl-lhdj-900g 1 476 306 720 777
cbl-lhdj-900g 1 385 353 553 797
