cbl-hdj-300g 1 888 267 1004 323
cbl-hdj-300g 1 886 311 1003 365
cbl-hdj-300g 1 712 143 830 206
cbl-hdj-300g 1 713 191 829 251
cbl-hdj-800g 1 772 434 872 515
cbl-hdj-800g 1 768 476 877 585
cbl-hdj-900g 1 939 433 1029 579
cbl-lhdj-900g 1 865 433 952 584
cbl-lyxdbj-300g 1 799 262 900 337
cbl-lyxdbj-800g 1 684 471 784 578
cbl-lyxdbj-800g 1 680 432 786 509
cbl-lyxdbj-800g 1 594 478 695 576
cbl-lyxdbj-800g 1 579 429 689 507
cbl-lyxdbj-500g 1 500 432 595 502
cbl-lyxtmj-800g 1 504 465 607 573
cbl-lyxtmj-800g 1 413 433 511 509
cbl-lyxtmj-800g 1 420 471 522 575
cbl-lyxtmj-800g 1 318 424 432 510
cbl-lyxtmj-800g 1 330 480 440 571
cbl-lyxdbj-500g 1 704 309 802 402
cbl-lyxdbj-300g 1 617 325 709 405
cbl-lyxdbj-300g 1 612 274 700 344
cbl-lyxdbj-300g 1 541 321 630 405
cbl-lyxdbj-300g 1 535 279 621 348
cbl-lyxdbj-300g 1 467 330 552 406
cbl-lyxdbj-300g 1 458 287 545 350
cbl-lyxtmj-300g 1 371 287 463 351
cbl-lyxtmj-300g 1 384 329 468 411
cbl-lyxtmj-300g 1 300 287 388 353
cbl-lyxtmj-300g 1 311 337 394 414
