wdm-zphy-510g 1 311 1000 403 1256
wdm-zphy-510g 1 382 997 458 1256
wdm-zphy-510g 1 447 992 529 1259
wdm-zphy-510g 1 514 994 597 1253
wdm-cxhy-510g 1 576 1000 670 1256
wdm-cxhy-510g 1 664 992 750 1253
wdm-cxhy-510g 1 747 992 820 1250
wdm-cxhy-510g 1 814 986 894 1244
wdm-zplj-450ml 1 882 971 967 1247
wdm-zplj-450ml 1 953 965 1041 1259
wdm-zplj-450ml 1 1020 959 1108 1253
wdm-zplj-450ml 1 1091 956 1185 1253
wdm-cxmc-460ml 1 1173 950 1264 1247
wdm-cxmc-460ml 1 1244 953 1338 1253
wdm-cxmc-460ml 1 1326 956 1417 1236
wdm-cxmc-460ml 1 1400 944 1488 1242
wdm-btlcjy-500ml 1 382 1294 470 1562
wdm-btlcjy-500ml 1 453 1294 547 1559
wdm-btlcjy-500ml 1 532 1297 617 1547
wdm-spjbsc-500ml 1 600 1286 691 1562
wdm-spjbsc-500ml 1 676 1289 755 1553
wdm-spjbsc-500ml 1 744 1286 832 1556
wdm-wjxjy-800ml 1 347 1592 450 1912
wdm-wjxjy-800ml 1 432 1589 532 1912
wdm-wjxjy-800ml 1 517 1589 620 1903
wdm-wjxjy-800ml 1 600 1580 714 1918
wdm-wjxjy-800ml 1 682 1586 779 1918
wdm-wjxjy-800ml 1 761 1589 864 1915
wdm-wjxjy-800ml 1 841 1594 938 1927
wdm-wjxjy-800ml 1 914 1586 1017 1918
wdm-wjxjy-800ml 1 994 1592 1088 1918
wdm-wjxjy-800ml 1 1073 1583 1173 1915
wdm-wjxjy-800ml 1 1150 1583 1250 1909
wdm-wjxjy-500ml 1 1232 1630 1326 1924
wdm-wjxjy-500ml 1 1303 1624 1391 1906
wdm-wjxjy-500ml 1 1376 1621 1467 1912
wdm-wjxjy-500ml 1 1450 1627 1535 1912
wdm-cxmc-1.3L 1 429 1971 547 2265
wdm-cxmc-1.3L 1 526 1971 644 2277
wdm-wjxjy-1.3L 1 629 1962 747 2271
wdm-wjxjy-1.3L 1 732 1965 847 2280
wdm-wjxjy-1.8L 1 832 1939 964 2274
wdm-wjxjy-1.8L 1 950 1947 1082 2277
wdm-spsc-2L 1 1064 1942 1205 2268
wdm-spsc-2L 1 1182 1927 1317 2271
lyx-tjjy-500ml 1 823 1274 914 1550
lyx-tjjy-500ml 1 905 1274 994 1544
lyx-tjjy-500ml 1 976 1271 1058 1547
lyx-hsjy-500ml 1 1053 1277 1135 1547
lyx-hsjy-500ml 1 1120 1268 1214 1556
lyx-hsjy-500ml 1 1200 1265 1294 1544
lyx-tjyzjy-500ml 1 1273 1268 1367 1539
lyx-tjyzjy-500ml 1 1358 1265 1444 1550
lyx-tjyzjy-500ml 1 1429 1262 1526 1542
