wdm-btlcjy-500ml 1 135 1527 311 2006
wdm-btlcjy-500ml 1 291 1533 467 1983
wdm-cxmc-460ml 1 432 1486 582 1947
wdm-cxmc-460ml 1 550 1480 708 1933
wdm-zphy-510g 1 667 1486 811 1906
wdm-zphy-510g 1 755 1489 911 1892
wdm-zphy-510g 1 861 1459 1029 1853
wdm-spjbsc-500ml 1 964 1453 1138 1850
wdm-spjbsc-500ml 1 1058 1439 1223 1836
wdm-wjxjy-800ml 1 1150 1406 1347 1824
wdm-wjxjy-800ml 1 1270 1400 1453 1809
wdm-wjxjy-1.8L 1 226 2027 476 2489
wdm-wjxjy-1.8L 1 455 1980 703 2397
wdm-wjxjy-1.8L 1 670 1947 888 2371
