wdm-zplj-450ml 1 653 956 747 1289
wdm-zplj-450ml 1 729 956 832 1294
wdm-cxhy-510g 1 820 974 905 1300
wdm-cxhy-510g 1 900 974 982 1297
wdm-wjxjy-500ml 1 970 986 1064 1289
wdm-wjxjy-500ml 1 1053 986 1158 1312
wdm-btlcjy-500ml 1 1147 986 1241 1303
wdm-btlcjy-500ml 1 1232 983 1332 1300
wdm-wjxjy-500ml 1 1444 500 1553 830
wdm-wjxjy-500ml 1 1350 509 1455 836
wdm-wjxjy-1.3L 1 1208 474 1364 836
wdm-wjxjy-1.3L 1 1079 474 1226 839
wdm-wjxjy-1.3L 1 944 483 1100 842
wdm-wjxjy-1.8L 1 803 456 961 836
wdm-wjxjy-1.8L 1 658 459 823 830
wdm-wjxjy-1.8L 1 523 459 679 830
