cbl-hdj-900g 1 208 552 362 812
cbl-hdj-900g 1 287 554 447 831
cbl-lyxtmj-300g 1 368 589 531 743
cbl-lyxtmj-300g 1 387 716 539 848
cbl-lyxtmj-300g 1 472 608 649 758
cbl-lyxtmj-300g 1 499 716 676 862
cbl-lyxdbj-300g 1 635 714 797 875
cbl-lyxdbj-300g 1 679 579 847 722
cbl-lyxdbj-500g 1 1310 589 1556 823
cbl-lyxdbj-500g 1 1306 745 1545 981
cbl-lyxdbj-500g 1 1112 587 1339 806
cbl-lyxdbj-500g 1 1112 733 1337 948
cbl-hdj-300g 1 758 604 978 743
cbl-hdj-300g 1 762 697 966 814
cbl-hdj-300g 1 764 768 976 885
cbl-hdj-300g 1 933 614 1145 758
cbl-hdj-300g 1 933 714 1147 831
cbl-hdj-300g 1 937 777 1160 906
cbl-hdj-500g 1 351 866 526 979
cbl-hdj-500g 1 358 929 524 1064
cbl-hdj-500g 1 474 922 651 1091
cbl-hdj-500g 1 497 1047 658 1177
cbl-hdj-800g 1 591 925 774 1102
cbl-hdj-800g 1 610 1050 787 1212
cbl-hdj-800g 1 754 1079 937 1245
cbl-lyxdbj-800g 1 731 954 928 1137
cbl-lyxtmj-800g 1 893 977 1104 1172
cbl-lyxtmj-800g 1 908 1087 1108 1287
cbl-lyxtmj-800g 1 1074 998 1299 1197
cbl-lyxtmj-800g 1 1087 1112 1301 1331
cbl-lyxtmj-800g 1 1264 1023 1535 1266
cbl-lyxtmj-800g 1 1276 1162 1512 1389
