wdm-wjxjy-500ml 1 1322 291 1428 533
wdm-wjxjy-500ml 1 1389 297 1483 531
cbl-lyxtmj-800g 1 778 66 947 214
cbl-lyxtmj-800g 1 772 1 956 106
cbl-lyxtmj-300g 1 926 112 1051 218
cbl-lyxtmj-300g 1 926 23 1056 135
cbl-lyxdbj-300g 1 1026 123 1141 235
cbl-lyxdbj-300g 1 1037 35 1158 147
cbl-lyxdbj-300g 1 1120 135 1239 245
cbl-lyxdbj-300g 1 1126 45 1251 158
cbl-lyxdbj-800g 1 1210 127 1349 260
cbl-lyxdbj-800g 1 1210 20 1364 154
cbl-lyxdbj-800g 1 1314 139 1441 264
cbl-lyxdbj-800g 1 1326 37 1466 166
cbl-hdj-900g 1 1404 64 1541 266
cbl-hdj-900g 1 1493 85 1601 272
cbl-hdj-900g 1 1547 89 1662 279
wdm-btlcjy-500ml 1 1443 300 1529 527
wdm-btlcjy-500ml 1 1487 298 1585 531
wdm-spjbsc-500ml 1 1404 550 1497 770
wdm-spjbsc-500ml 1 1356 548 1445 772
wdm-cxmc-460ml 1 1306 554 1395 773
wdm-cxmc-460ml 1 1256 556 1337 773
wdm-zplj-450ml 1 1206 547 1283 773
wdm-zplj-450ml 1 1153 550 1239 773
wdm-zphy-510g 1 1106 550 1181 779
wdm-zphy-510g 1 1053 548 1137 773
wdm-wjxjy-800ml 1 1381 839 1476 1068
wdm-wjxjy-800ml 1 1328 835 1420 1068
wdm-wjxjy-800ml 1 1266 843 1358 1079
wdm-wjxjy-800ml 1 1206 845 1301 1085
wdm-wjxjy-800ml 1 1145 845 1235 1091
wdm-wjxjy-1.3L 1 1068 870 1172 1102
wdm-wjxjy-1.3L 1 987 873 1087 1114
wdm-wjxjy-1.3L 1 908 883 1010 1122
wdm-wjxjy-1.3L 1 804 885 929 1131
