cbl-lyxdbj-300g 1 1364 1444 1585 1618
cbl-lyxdbj-300g 1 1364 1592 1585 1777
cbl-lyxdbj-300g 1 1585 1427 1832 1615
cbl-lyxdbj-300g 1 1567 1589 1820 1797
cbl-hdj-300g 1 1150 1556 1400 1686
cbl-hdj-300g 1 1138 1650 1403 1768
cbl-hdj-300g 1 917 1642 1155 1756
cbl-hdj-300g 1 929 1553 1188 1689
cbl-lyxtmj-300g 1 764 1592 955 1759
cbl-lyxtmj-300g 1 776 1474 967 1621
cbl-lyxtmj-300g 1 635 1597 791 1747
cbl-lyxtmj-300g 1 644 1477 797 1621
cbl-lyxtmj-300g 1 505 1586 655 1744
cbl-lyxtmj-300g 1 520 1483 667 1615
cbl-lyxdbj-800g 1 364 1568 529 1736
cbl-lyxdbj-800g 1 388 1433 611 1597
cbl-lyxtmj-800g 1 250 1565 403 1736
cbl-lyxtmj-800g 1 264 1439 417 1594
cbl-lyxtmj-800g 1 129 1565 282 1724
cbl-lyxtmj-800g 1 144 1439 303 1594
cbl-lyxtmj-800g 1 217 1206 355 1342
cbl-lyxtmj-800g 1 338 1189 500 1339
cbl-lyxtmj-800g 1 458 1174 623 1324
cbl-lyxdbj-800g 1 600 1153 761 1324
cbl-lyxdbj-800g 1 747 1136 926 1306
cbl-lyxdbj-800g 1 911 1109 1108 1292
cbl-lyxdbj-300g 1 1088 1121 1267 1268
cbl-lyxdbj-300g 1 1085 1000 1276 1147
cbl-lyxdbj-300g 1 1253 1097 1444 1256
cbl-lyxdbj-300g 1 1250 977 1453 1139
cbl-lyxdbj-300g 1 1417 939 1626 1115
cbl-lyxdbj-300g 1 1420 1071 1641 1233
cbl-lyxdbj-300g 1 1600 889 1808 1077
cbl-lyxdbj-300g 1 1620 1042 1835 1209
