cbl-lyxtmj-300g 1 58 1286 338 1565
cbl-lyxtmj-300g 1 317 1156 626 1421
cbl-lyxtmj-300g 1 311 1347 620 1603
cbl-lyxtmj-300g 1 129 850 367 1047
cbl-lyxtmj-800g 1 1000 1050 1332 1318
cbl-lyxtmj-800g 1 1005 1256 1326 1515
cbl-lyxtmj-800g 1 1244 1039 1564 1300
cbl-lyxtmj-800g 1 1273 1242 1547 1489
cbl-lyxdbj-300g 1 564 1144 853 1383
cbl-lyxdbj-300g 1 573 1327 844 1553
cbl-lyxdbj-300g 1 794 1133 1058 1362
cbl-lyxdbj-300g 1 814 1318 1064 1530
cbl-lyxdbj-800g 1 1450 1015 1782 1271
cbl-lyxdbj-800g 1 1482 1221 1761 1462
cbl-lyxdbj-800g 1 1673 1003 1920 1262
cbl-lyxdbj-800g 1 1697 1200 1920 1436
