wdm-wjxjy-500ml 1 626 122 689 331
wdm-wjxjy-500ml 1 679 125 739 335
wdm-wjxjy-500ml 1 731 133 785 337
wdm-wjxjy-500ml 1 778 135 837 337
wdm-wjxjy-500ml 1 826 145 881 345
wdm-wjxjy-500ml 1 872 148 926 348
wdm-btlcjy-500ml 1 916 154 972 352
wdm-btlcjy-500ml 1 960 158 1014 352
wdm-btlcjy-500ml 1 1003 166 1056 356
wdm-btlcjy-500ml 1 1045 173 1095 362
wdm-btlcjy-500ml 1 1087 173 1135 358
wdm-btlcjy-500ml 1 1124 179 1176 360
wdm-zphy-510g 1 1162 183 1208 360
wdm-zphy-510g 1 1199 185 1241 364
wdm-zphy-510g 1 1231 185 1274 368
wdm-zphy-510g 1 1264 187 1306 370
wdm-zphy-510g 1 1293 195 1335 370
wdm-zphy-510g 1 1326 195 1366 368
wdm-cxmc-460ml 1 654 343 701 560
wdm-cxmc-460ml 1 699 352 751 558
wdm-cxmc-460ml 1 743 354 795 562
wdm-cxmc-460ml 1 783 358 831 562
wdm-cxmc-460ml 1 822 356 878 560
wdm-zplj-450ml 1 864 356 916 564
wdm-zplj-450ml 1 908 362 953 560
wdm-zplj-450ml 1 945 364 993 560
wdm-zplj-450ml 1 985 368 1028 554
wdm-zplj-450ml 1 1014 364 1066 564
wdm-zplj-450ml 1 1053 368 1093 556
wdm-zplj-450ml 1 1083 372 1131 556
wdm-zplj-450ml 1 1126 372 1164 552
wdm-spjbsc-500ml 1 1154 381 1201 554
wdm-spjbsc-500ml 1 1193 383 1239 558
wdm-spjbsc-500ml 1 1226 383 1270 550
wdm-spjbsc-500ml 1 1258 383 1301 556
wdm-spjbsc-500ml 1 1291 379 1339 552
lyx-tjjy-500ml 1 647 575 701 768
lyx-tjjy-500ml 1 693 570 747 764
lyx-tjjy-500ml 1 745 573 799 760
lyx-tjjy-500ml 1 793 570 847 754
lyx-tjjy-500ml 1 839 570 889 754
lyx-hsjy-500ml 1 883 570 939 752
lyx-hsjy-500ml 1 924 570 981 756
lyx-hsjy-500ml 1 970 566 1018 741
lyx-hsjy-500ml 1 1010 566 1058 741
lyx-tjyzjy-500ml 1 1049 568 1099 741
lyx-tjyzjy-500ml 1 1089 568 1139 735
lyx-tjyzjy-500ml 1 1128 564 1178 737
wdm-zphy-510g 1 1166 572 1210 735
wdm-zphy-510g 1 1199 570 1245 733
wdm-zphy-510g 1 1235 572 1272 729
wdm-zphy-510g 1 1264 570 1304 729
wdm-wjxjy-800ml 1 622 773 683 956
wdm-wjxjy-800ml 1 681 775 737 952
wdm-wjxjy-800ml 1 728 773 785 945
wdm-wjxjy-800ml 1 768 768 828 939
wdm-wjxjy-800ml 1 820 770 874 931
wdm-wjxjy-800ml 1 864 768 918 927
wdm-wjxjy-800ml 1 908 760 966 923
wdm-wjxjy-800ml 1 614 979 683 1141
wdm-wjxjy-800ml 1 668 970 731 1133
wdm-wjxjy-800ml 1 726 966 781 1122
wdm-wjxjy-800ml 1 779 958 833 1114
wdm-wjxjy-800ml 1 826 945 887 1106
wdm-wjxjy-800ml 1 876 948 928 1095
wdm-btlcjy-1L 1 956 760 1010 914
wdm-btlcjy-1L 1 1003 758 1058 910
wdm-btlcjy-1L 1 1045 754 1099 906
wdm-btlcjy-1L 1 1093 754 1145 902
wdm-btlcjy-1L 1 1135 748 1185 895
wdm-btlcjy-1L 1 1172 747 1229 895
wdm-btlcjy-1L 1 1212 741 1268 889
wdm-btlcjy-1L 1 1253 741 1303 887
wdm-wjxjy-1.3L 1 920 941 981 1091
wdm-wjxjy-1.3L 1 978 935 1043 1079
wdm-wjxjy-1.3L 1 1029 929 1091 1072
wdm-wjxjy-1.3L 1 1079 918 1145 1066
wdm-wjxjy-1.3L 1 1126 916 1191 1054
wdm-wjxjy-1.3L 1 1179 914 1237 1047
wdm-wjxjy-1.3L 1 1224 908 1278 1041
wdm-wjxjy-1.8L 1 633 1156 720 1358
wdm-wjxjy-1.8L 1 706 1147 785 1345
wdm-wjxjy-1.8L 1 778 1133 854 1327
wdm-wjxjy-1.8L 1 843 1120 920 1314
wdm-wjxjy-1.8L 1 910 1112 981 1295
wdm-wjxjy-1.8L 1 970 1102 1049 1283
wdm-wjxjy-1.8L 1 1031 1089 1104 1273
wdm-wjxjy-1.8L 1 1089 1083 1154 1256
wdm-spsc-2L 1 1145 1068 1216 1243
wdm-spsc-2L 1 1199 1058 1264 1233
