wdm-wjxjy-1.8L 1 20 1536 226 1983
wdm-wjxjy-1.8L 1 182 1544 403 1989
wdm-wjxjy-1.8L 1 358 1530 573 1983
wdm-wjxjy-1.8L 1 547 1524 761 1962
wdm-wjxjy-1.8L 1 729 1518 920 1974
wdm-wjxjy-1.8L 1 894 1512 1082 1971
wdm-wjxjy-1.8L 1 1067 1524 1267 1962
wdm-wjxjy-1.8L 1 1232 1553 1438 1994
wdm-wjxjy-1.8L 1 1420 1544 1623 1986
wdm-wjxjy-1.8L 1 167 592 344 989
wdm-wjxjy-1.8L 1 323 606 491 1006
wdm-wjxjy-1.8L 1 467 615 644 994
wdm-wjxjy-1.8L 1 605 600 794 1015
wdm-wjxjy-1.8L 1 758 618 929 1015
wdm-wjxjy-1.8L 1 900 600 1067 994
wdm-wjxjy-1.8L 1 1044 592 1217 994
wdm-wjxjy-1.8L 1 1191 592 1355 989
wdm-wjxjy-1.8L 1 1344 589 1508 983
wdm-wjxjy-1.8L 1 247 274 405 630
wdm-wjxjy-1.8L 1 376 256 541 636
wdm-wjxjy-1.8L 1 508 259 667 633
wdm-wjxjy-1.8L 1 644 253 800 639
wdm-wjxjy-1.8L 1 776 271 941 630
wdm-wjxjy-1.8L 1 911 274 1070 633
wdm-wjxjy-1.8L 1 1050 265 1205 630
wdm-wjxjy-1.8L 1 1173 259 1332 630
wdm-wjxjy-1.8L 1 1308 244 1473 627
