wdm-wjxjy-500ml 1 223 474 370 894
wdm-wjxjy-500ml 1 355 468 488 894
wdm-wjxjy-500ml 1 455 474 576 900
wdm-wjxjy-500ml 1 555 453 688 889
cbl-lyxdbj-500g 1 658 592 838 759
cbl-lyxdbj-500g 1 661 727 844 894
cbl-lyxdbj-500g 1 823 589 1035 756
cbl-lyxdbj-500g 1 817 730 1026 894
wdm-wjxjy-800ml 1 238 968 370 1353
wdm-wjxjy-800ml 1 355 974 479 1377
wdm-wjxjy-800ml 1 453 971 567 1380
wdm-wjxjy-800ml 1 541 977 682 1377
wdm-wjxjy-1.8L 1 664 936 850 1389
wdm-wjxjy-1.8L 1 841 947 1020 1400
wdm-wjxjy-1.8L 1 997 947 1167 1421
wdm-wjxjy-1.8L 1 1158 939 1358 1433
wdm-wjxjy-2L 1 247 1400 426 1827
wdm-wjxjy-2L 1 394 1409 567 1830
wdm-wjxjy-2L 1 541 1424 723 1847
wdm-wjxjy-2L 1 679 1436 873 1871
wdm-wjxjy-2L 1 855 1453 1047 1883
