cbl-hdj-900g 1 531 600 605 736
cbl-hdj-900g 1 592 596 673 736
cbl-lyxtmj-300g 1 598 418 681 483
cbl-lyxtmj-300g 1 601 470 684 538
cbl-lyxtmj-300g 1 537 470 610 535
cbl-lyxtmj-300g 1 534 419 611 484
cbl-lyxtmj-300g 1 466 473 544 541
cbl-lyxtmj-300g 1 469 421 540 486
cbl-lyxdbj-300g 1 401 474 475 544
cbl-lyxdbj-300g 1 401 418 484 489
cbl-lyxdbj-300g 1 337 479 411 547
cbl-lyxdbj-300g 1 331 422 405 492
cbl-lyxdbj-300g 1 266 480 342 550
cbl-lyxdbj-300g 1 262 423 342 494
cbl-lyxdbj-300g 1 197 481 275 552
cbl-lyxdbj-300g 1 195 428 275 493
cbl-lyxdbj-300g 1 130 484 204 550
cbl-lyxdbj-300g 1 124 425 205 496
cbl-lyxdbj-300g 1 58 487 133 550
cbl-lyxdbj-300g 1 50 428 136 496
cbl-lyxdbj-300g 1 147 665 236 750
cbl-lyxdbj-300g 1 224 664 300 748
cbl-hdj-500g 1 287 623 378 697
cbl-hdj-500g 1 289 680 382 748
cbl-hdj-500g 1 369 621 465 693
cbl-hdj-500g 1 373 680 462 739
cbl-hdj-500g 1 452 615 547 684
cbl-hdj-500g 1 456 677 542 741
cbl-lyxtmj-800g 1 508 790 605 880
cbl-lyxtmj-800g 1 514 852 610 944
cbl-lyxtmj-800g 1 436 792 526 886
cbl-lyxtmj-800g 1 437 865 530 948
cbl-lyxtmj-800g 1 356 797 444 887
cbl-lyxtmj-800g 1 355 865 446 947
cbl-lyxdbj-800g 1 275 800 365 893
cbl-lyxdbj-800g 1 275 865 360 954
cbl-lyxdbj-800g 1 191 799 287 896
cbl-lyxdbj-800g 1 189 874 287 957
cbl-lyxdbj-800g 1 105 799 205 899
