wdm-spjbsc-500ml 1 417 547 561 1030
wdm-spjbsc-500ml 1 520 562 664 1027
wdm-zplj-450ml 1 611 542 753 1039
wdm-zplj-450ml 1 714 556 838 1024
wdm-zphy-510g 1 805 603 905 1021
wdm-zphy-510g 1 873 621 961 1012
wdm-zphy-510g 1 935 621 1041 1015
wdm-btlcjy-500ml 1 1011 639 1103 1018
wdm-btlcjy-500ml 1 1082 642 1179 1012
wdm-btlcjy-500ml 1 1158 656 1238 1009
wdm-wjxjy-500ml 1 1211 662 1300 1012
wdm-wjxjy-500ml 1 1267 674 1353 989
wdm-wjxjy-500ml 1 1329 671 1414 980
wdm-wjxjy-800ml 1 1291 1024 1373 1374
wdm-wjxjy-800ml 1 1217 1036 1314 1394
wdm-wjxjy-800ml 1 1129 1036 1253 1421
wdm-btlcjy-1L 1 1061 1053 1164 1433
wdm-btlcjy-1L 1 1000 1062 1097 1459
wdm-btlcjy-1L 1 917 1062 1038 1477
wdm-btlcjy-1L 1 803 1065 953 1494
lyx-tjyzjy-500ml 1 1250 1444 1353 1762
lyx-tjyzjy-500ml 1 1191 1456 1291 1789
lyx-tjjy-500ml 1 1132 1483 1241 1815
lyx-tjjy-500ml 1 1058 1500 1164 1839
lyx-hsjy-500ml 1 1000 1515 1105 1859
lyx-hsjy-500ml 1 935 1542 1055 1897
