wdm-wjxjy-1.3L 1 825 509 929 720
wdm-wjxjy-1.3L 1 743 515 839 720
wdm-wjxjy-1.3L 1 661 515 762 720
wdm-wjxjy-1.8L 1 577 494 685 709
wdm-wjxjy-1.8L 1 490 505 604 712
wdm-wjxjy-1.8L 1 407 505 518 709
wdm-wjxjy-1.8L 1 334 500 444 703
wdm-wjxjy-1.8L 1 253 500 370 694
wdm-wjxjy-500ml 1 176 278 279 460
wdm-wjxjy-500ml 1 232 271 330 460
wdm-btlcjy-500ml 1 286 271 379 461
wdm-btlcjy-500ml 1 334 266 426 457
wdm-spjbsc-500ml 1 388 260 481 461
wdm-spjbsc-500ml 1 440 259 531 459
wdm-spjbsc-500ml 1 503 255 594 456
wdm-cxhy-510g 1 549 251 640 459
wdm-cxhy-510g 1 608 248 684 455
wdm-zplj-450ml 1 658 238 739 457
wdm-zplj-450ml 1 712 241 793 457
wdm-cxmc-460ml 1 767 235 852 457
wdm-cxmc-460ml 1 834 233 916 457
cbl-lyxtmj-300g 1 34 112 144 205
cbl-lyxtmj-300g 1 59 182 162 259
cbl-lyxtmj-300g 1 109 102 212 198
cbl-lyxtmj-300g 1 129 184 231 260
cbl-lyxdbj-300g 1 179 96 289 193
cbl-lyxdbj-300g 1 200 176 304 262
cbl-lyxdbj-300g 1 163 28 271 126
cbl-lyxdbj-800g 1 473 115 612 235
cbl-lyxdbj-800g 1 457 26 608 159
cbl-lyxtmj-800g 1 352 26 493 164
cbl-lyxtmj-800g 1 375 126 503 250
cbl-lyxtmj-800g 1 253 56 389 175
cbl-lyxtmj-800g 1 270 146 411 257
