wdm-zplj-450ml 1 379 312 532 821
wdm-zplj-450ml 1 500 321 653 830
wdm-spjbsc-500ml 1 629 359 761 827
wdm-spjbsc-500ml 1 750 380 876 836
wdm-zphy-510g 1 844 389 964 847
wdm-zphy-510g 1 944 409 1055 844
wdm-cxhy-510g 1 1038 415 1150 844
wdm-cxhy-510g 1 1129 433 1238 847
wdm-cxmc-460ml 1 1203 415 1305 853
wdm-cxmc-460ml 1 1270 424 1405 865
lyx-tjjy-500ml 1 1385 439 1491 859
lyx-tjjy-500ml 1 1485 447 1600 856
wdm-btlcjy-500ml 1 1573 471 1700 859
wdm-btlcjy-500ml 1 1670 483 1779 856
wdm-wjxjy-500ml 1 517 968 647 1397
wdm-wjxjy-500ml 1 629 968 773 1394
wdm-wjxjy-800ml 1 1008 900 1141 1371
wdm-wjxjy-800ml 1 1120 900 1241 1356
wdm-btlcjy-1L 1 741 924 903 1400
wdm-btlcjy-1L 1 876 909 1038 1386
wdm-wjxjy-1.3L 1 1220 942 1397 1362
wdm-wjxjy-1.3L 1 1364 944 1517 1350
wdm-wjxjy-1.8L 1 1503 900 1679 1344
cbl-lyxdbj-300g 1 529 1621 717 1794
cbl-lyxdbj-300g 1 538 1747 726 1906
cbl-lyxdbj-800g 1 976 1503 1191 1709
cbl-lyxdbj-800g 1 1005 1668 1185 1850
cbl-lyxdbj-800g 1 1144 1474 1361 1689
cbl-lyxdbj-800g 1 1155 1639 1353 1827
cbl-lyxtmj-300g 1 858 1586 1029 1750
cbl-lyxtmj-300g 1 705 1727 891 1883
cbl-lyxtmj-300g 1 847 1583 1023 1744
cbl-lyxtmj-300g 1 850 1715 1032 1856
cbl-lyxtmj-300g 1 703 1589 867 1771
cbl-lyxtmj-800g 1 1308 1462 1514 1665
cbl-lyxtmj-800g 1 1323 1633 1505 1794
cbl-lyxtmj-800g 1 1464 1444 1682 1642
cbl-lyxtmj-800g 1 1476 1594 1673 1771
