lyx-hsjy-500ml 1 1 189 144 894
lyx-hsjy-500ml 1 82 233 303 939
wdm-zplj-450ml 1 261 259 441 921
wdm-zplj-450ml 1 397 300 582 933
wdm-zplj-450ml 1 505 339 726 933
wdm-btlcjy-500ml 1 626 418 805 950
wdm-btlcjy-500ml 1 741 453 926 950
wdm-cxmc-460ml 1 829 436 1041 968
wdm-cxmc-460ml 1 932 459 1108 950
wdm-spjbsc-500ml 1 997 503 1200 980
wdm-spjbsc-500ml 1 1088 530 1264 983
wdm-zphy-510g 1 1164 550 1329 971
wdm-zphy-510g 1 1223 574 1414 992
wdm-wjxjy-800ml 1 1 1150 91 1765
wdm-wjxjy-800ml 1 41 1150 241 1724
wdm-wjxjy-800ml 1 197 1144 388 1709
wdm-wjxjy-800ml 1 338 1144 517 1668
wdm-wjxjy-800ml 1 453 1133 632 1642
wdm-wjxjy-500ml 1 1097 1177 1238 1509
wdm-wjxjy-500ml 1 1026 1180 1164 1527
wdm-wjxjy-500ml 1 944 1189 1103 1539
wdm-btlcjy-500ml 1 861 1186 1014 1539
wdm-btlcjy-500ml 1 791 1183 926 1562
wdm-spjbsc-500ml 1 697 1189 879 1594
wdm-spjbsc-500ml 1 591 1165 767 1592
wdm-wjxjy-1.3L 1 923 1768 1050 2086
wdm-wjxjy-1.3L 1 820 1815 961 2150
wdm-wjxjy-1.3L 1 697 1856 864 2194
wdm-wjxjy-1.3L 1 617 1859 747 2200
wdm-wjxjy-1.8L 1 500 1909 685 2309
wdm-wjxjy-1.8L 1 350 1956 550 2365
wdm-wjxjy-1.8L 1 176 2003 382 2447
wdm-wjxjy-1.8L 1 1 2068 229 2556
