wdm-wjxjy-1.8L 1 150 2092 355 2536
wdm-wjxjy-1.8L 1 297 2009 500 2427
wdm-wjxjy-1.8L 1 458 1944 638 2344
wdm-wjxjy-1.8L 1 597 1892 755 2271
wdm-wjxjy-1.3L 1 776 1818 923 2162
wdm-wjxjy-1.3L 1 888 1777 1011 2103
wdm-wjxjy-1.3L 1 964 1727 1082 2030
wdm-wjxjy-1.3L 1 697 1836 814 2174
wdm-wjxjy-800ml 1 8 1218 203 1821
wdm-wjxjy-800ml 1 167 1218 335 1759
wdm-wjxjy-800ml 1 311 1203 467 1736
wdm-wjxjy-800ml 1 426 1186 579 1674
wdm-wjxjy-800ml 1 538 1174 688 1650
wdm-wjxjy-500ml 1 1108 1162 1220 1480
wdm-spjbsc-500ml 1 653 1200 782 1594
wdm-spjbsc-500ml 1 753 1197 897 1583
wdm-wjxjy-500ml 1 1053 1168 1153 1503
wdm-wjxjy-500ml 1 967 1180 1103 1518
wdm-btlcjy-500ml 1 900 1150 1014 1521
wdm-btlcjy-500ml 1 844 1189 944 1556
lyx-hsjy-500ml 1 1 347 197 997
lyx-hsjy-500ml 1 176 368 355 1021
wdm-zplj-450ml 1 320 392 482 980
wdm-zplj-450ml 1 441 406 623 994
wdm-zplj-450ml 1 550 442 726 983
wdm-btlcjy-500ml 1 655 497 811 989
wdm-btlcjy-500ml 1 758 518 903 980
wdm-cxmc-460ml 1 844 489 1003 980
wdm-cxmc-460ml 1 941 509 1067 965
wdm-spjbsc-500ml 1 1005 544 1144 983
wdm-spjbsc-500ml 1 1088 544 1214 971
wdm-zphy-510g 1 1200 589 1347 977
wdm-zphy-510g 1 1144 571 1279 983
