wdm-cxmc-460ml 1 1 527 135 1124
wdm-qxmc-460ml 1 103 536 279 1139
wdm-qxmc-460ml 1 247 539 423 1133
wdm-spjbsc-500ml 1 394 562 547 1136
wdm-spjbsc-500ml 1 526 574 697 1136
wdm-spjbsc-500ml 1 667 571 829 1115
wdm-zphy-510g 1 800 577 955 1124
wdm-zphy-510g 1 917 586 1061 1121
wdm-zphy-510g 1 1044 592 1188 1121
wdm-cxhy-510g 1 1164 594 1291 1112
wdm-cxhy-510g 1 1273 600 1397 1112
wdm-wjxjy-500ml 1 1385 609 1529 1092
wdm-wjxjy-500ml 1 1508 609 1641 1089
wdm-btlcjy-500ml 1 1632 609 1776 1103
wdm-btlcjy-500ml 1 1744 612 1888 1077
wdm-wjxjy-800ml 1 8 1192 191 1792
wdm-wjxjy-800ml 1 161 1206 367 1809
wdm-wjxjy-800ml 1 323 1189 511 1780
wdm-wjxjy-800ml 1 476 1168 650 1771
wdm-wjxjy-800ml 1 623 1206 788 1756
wdm-wjxjy-800ml 1 758 1206 911 1733
wdm-wjxjy-800ml 1 888 1203 1047 1730
wdm-wjxjy-800ml 1 1014 1186 1167 1730
wdm-wjxjy-800ml 1 1144 1168 1300 1715
wdm-wjxjy-800ml 1 1276 1165 1450 1697
wdm-wjxjy-1L 1 1411 1186 1588 1694
wdm-wjxjy-1L 1 1544 1177 1711 1674
wdm-wjxjy-1L 1 1653 1171 1832 1665
wdm-wjxjy-1L 1 1791 1171 1920 1639
wdm-cxmc-1.3L 1 120 1889 338 2386
wdm-cxmc-1.3L 1 314 1862 523 2353
wdm-wjxjy-1.8L 1 1147 1736 1364 2224
wdm-wjxjy-1.8L 1 1314 1718 1517 2203
wdm-wjxjy-2L 1 1500 1697 1705 2174
wdm-wjxjy-2L 1 1653 1686 1867 2153
