cbl-lyxdbj-300g 1 697 156 778 235
cbl-lyxdbj-300g 1 772 150 862 233
cbl-lyxdbj-300g 1 856 152 947 239
cbl-lyxdbj-300g 1 703 260 779 335
cbl-lyxdbj-300g 1 774 256 866 333
cbl-lyxdbj-300g 1 856 252 941 335
cbl-lyxdbj-300g 1 704 320 787 398
cbl-lyxdbj-300g 1 778 320 870 402
cbl-lyxdbj-300g 1 858 322 945 395
cbl-lyxdbj-300g 1 764 458 866 556
cbl-lyxdbj-300g 1 691 406 772 481
cbl-lyxdbj-300g 1 691 470 774 548
cbl-lyxdbj-300g 1 768 416 849 479
cbl-lyxdbj-300g 1 849 470 922 554
cbl-lyxdbj-300g 1 847 418 916 485
cbl-lyxdbj-800g 1 733 604 826 698
cbl-lyxdbj-800g 1 820 608 929 700
cbl-lyxtmj-800g 1 941 754 1033 847
cbl-lyxtmj-800g 1 1024 760 1112 845
cbl-lyxtmj-800g 1 1020 704 1120 779
cbl-hdj-800g 1 918 606 1008 691
cbl-hdj-800g 1 997 604 1093 691
cbl-hdj-300g 1 912 502 1020 556
cbl-hdj-300g 1 914 462 1022 516
cbl-hdj-300g 1 1006 498 1103 554
cbl-hdj-900g 1 1026 1006 1099 1141
cbl-hdj-900g 1 1087 998 1153 1137
cbl-hdj-900g 1 1143 998 1210 1127
cbl-hdj-900g 1 1195 995 1262 1127
cbl-hdj-900g 1 1249 993 1312 1114
cbl-lhdj-900g 1 1087 854 1158 985
cbl-lhdj-900g 1 1145 858 1210 979
cbl-lhdj-900g 1 1201 852 1270 977
cbl-lhdj-900g 1 1254 848 1322 975
cbl-lyxtmj-300g 1 1078 327 1158 402
cbl-lyxtmj-300g 1 1003 325 1091 406
cbl-lyxtmj-300g 1 931 322 1018 406
cbl-lyxtmj-300g 1 933 254 1014 337
cbl-lyxtmj-300g 1 1010 260 1093 337
cbl-lyxtmj-300g 1 933 158 1024 241
cbl-lyxtmj-300g 1 1012 160 1097 245
cbl-lyxtmj-300g 1 1083 164 1178 245
