lyx-hsjy-500ml 1 103 94 305 877
lyx-hsjy-500ml 1 1 65 141 871
wdm-zplj-450ml 1 282 115 488 880
wdm-zplj-450ml 1 435 153 626 883
wdm-zplj-450ml 1 564 206 785 912
wdm-btlcjy-500ml 1 691 300 879 894
wdm-btlcjy-500ml 1 808 324 985 897
wdm-cxmc-460ml 1 908 309 1123 883
wdm-cxmc-460ml 1 1014 330 1197 912
wdm-spjbsc-500ml 1 1088 383 1279 900
wdm-spjbsc-500ml 1 1182 403 1364 909
wdm-zphy-510g 1 1264 430 1435 900
wdm-zphy-510g 1 1335 450 1520 897
wdm-wjxjy-800ml 1 105 1133 317 1786
wdm-wjxjy-800ml 1 285 1121 473 1724
wdm-wjxjy-800ml 1 432 1100 620 1668
wdm-wjxjy-800ml 1 573 1100 758 1644
wdm-wjxjy-500ml 1 1203 1127 1344 1492
wdm-wjxjy-500ml 1 1132 1133 1267 1500
wdm-wjxjy-500ml 1 1035 1142 1205 1524
wdm-btlcjy-500ml 1 950 1144 1097 1527
wdm-btlcjy-500ml 1 891 1136 1017 1553
wdm-spjbsc-500ml 1 791 1153 964 1592
wdm-spjbsc-500ml 1 697 1142 844 1600
