wdm-wjxjy-500ml 1 247 368 332 721
wdm-wjxjy-500ml 1 320 383 447 733
wdm-wjxjy-500ml 1 417 392 532 739
wdm-wjxjy-500ml 1 517 400 623 750
wdm-wjxjy-500ml 1 600 424 714 759
wdm-wjxjy-500ml 1 697 430 805 765
wdm-btlcjy-500ml 1 791 447 894 783
wdm-btlcjy-500ml 1 873 456 982 780
wdm-btlcjy-500ml 1 958 465 1058 786
wdm-zplj-450ml 1 241 797 335 1183
wdm-zplj-450ml 1 314 797 417 1174
wdm-spjbsc-500ml 1 400 824 508 1180
wdm-spjbsc-500ml 1 491 839 603 1186
lyx-hsjy-500ml 1 576 833 685 1186
lyx-hsjy-500ml 1 676 847 776 1197
lyx-tjjy-500ml 1 761 850 867 1194
lyx-tjjy-500ml 1 858 856 961 1203
lyx-tjjy-500ml 1 944 874 1044 1197
lyx-tjyzjy-500ml 1 1026 877 1135 1200
lyx-tjyzjy-500ml 1 1111 883 1214 1209
lyx-tjyzjy-500ml 1 1197 889 1300 1206
lyx-tjyzjy-500ml 1 1276 892 1379 1221
wdm-wjxjy-500ml 1 1355 912 1447 1227
wdm-wjxjy-500ml 1 1420 909 1532 1209
wdm-wjxjy-500ml 1 1497 924 1611 1209
wdm-cxmc-460ml 1 253 1294 361 1642
wdm-cxmc-460ml 1 344 1300 447 1653
wdm-cxmc-460ml 1 426 1306 526 1650
wdm-cxmc-460ml 1 514 1300 608 1644
wdm-qxmc-460ml 1 588 1300 697 1639
wdm-qxmc-460ml 1 673 1303 767 1642
wdm-qxmc-460ml 1 744 1303 838 1650
wdm-cxhy-510g 1 823 1315 917 1644
wdm-cxhy-510g 1 897 1324 991 1639
wdm-cxhy-510g 1 953 1327 1047 1633
wdm-cxhy-510g 1 1029 1330 1120 1639
wdm-zphy-510g 1 1100 1330 1179 1630
wdm-zphy-510g 1 1158 1333 1241 1630
wdm-zphy-510g 1 1223 1330 1314 1633
wdm-wjxjy-800ml 1 1285 1283 1376 1630
wdm-wjxjy-800ml 1 1361 1283 1458 1627
wdm-wjxjy-800ml 1 1438 1294 1535 1630
wdm-wjxjy-800ml 1 1508 1286 1623 1630
wdm-cxmc-1.3L 1 244 1697 400 2059
wdm-cxmc-1.3L 1 379 1703 529 2056
wdm-cxmc-1.3L 1 517 1700 653 2047
wdm-btlcjy-1L 1 641 1689 758 2021
wdm-btlcjy-1L 1 738 1686 858 2018
wdm-wjxjy-1.8L 1 829 1680 973 2006
wdm-wjxjy-1.8L 1 961 1674 1120 2000
wdm-wjxjy-1.3L 1 1085 1680 1223 2000
wdm-wjxjy-1.3L 1 1188 1683 1317 1989
wdm-wjxjy-1.3L 1 1300 1677 1426 1977
wdm-wjxjy-1.3L 1 1405 1677 1535 1980
wdm-spsc-2L 1 1058 2030 1191 2397
