wdm-wjxjy-3.78L 1 1032 671 1247 1053
wdm-wjxjy-1L 1 685 686 779 983
wdm-wjxjy-1L 1 614 683 711 971
wdm-wjxjy-1L 1 517 674 620 971
wdm-wjxjy-1L 1 467 668 555 953
wdm-wjxjy-1L 1 400 659 491 950
wdm-btlcjy-1L 1 747 680 847 992
wdm-btlcjy-1L 1 817 686 920 1006
wdm-btlcjy-1L 1 908 703 1023 1021
wdm-qxmc-460ml 1 1214 727 1303 1036
wdm-qxmc-460ml 1 1288 724 1405 1050
wdm-qxmc-460ml 1 1388 733 1500 1056
cbl-lhdj-900g 1 1132 365 1255 603
cbl-lhdj-900g 1 1035 365 1150 609
cbl-hdj-900g 1 935 368 1047 600
cbl-hdj-900g 1 855 368 961 600
cbl-hdj-900g 1 776 368 879 594
cbl-hdj-900g 1 694 374 803 592
cbl-hdj-900g 1 620 371 720 583
cbl-hdj-900g 1 538 377 650 586
cbl-hdj-900g 1 461 371 564 580
cbl-hdj-900g 1 411 377 497 577
wdm-cxmc-1.3L 1 1317 1162 1453 1474
wdm-cxmc-1.3L 1 1211 1153 1347 1447
wdm-cxmc-1.3L 1 1108 1133 1247 1418
wdm-wjxjy-1.8L 1 1003 1097 1147 1406
wdm-wjxjy-1.8L 1 903 1080 1038 1365
wdm-wjxjy-1.8L 1 803 1071 929 1356
wdm-wjxjy-1.8L 1 711 1044 826 1333
wdm-wjxjy-1.8L 1 623 1030 741 1309
wdm-wjxjy-1.8L 1 467 1003 597 1268
