wdm-wjxjy-800ml 1 153 486 314 965
wdm-wjxjy-800ml 1 273 486 441 977
wdm-wjxjy-800ml 1 391 483 553 977
wdm-wjxjy-1L 1 517 503 658 971
wdm-wjxjy-1L 1 632 509 791 959
wdm-wjxjy-1L 1 773 500 923 956
wdm-wjxjy-1L 1 888 500 1032 947
wdm-wjxjy-1L 1 1014 500 1155 947
wdm-wjxjy-1L 1 1132 489 1267 944
wdm-wjxjy-1.3L 1 1388 506 1555 933
wdm-cxmc-1.3L 1 1244 512 1417 933
wdm-cxmc-1.3L 1 1338 1121 1517 1527
wdm-cxmc-1.3L 1 1205 1124 1370 1521
wdm-cxmc-1.3L 1 1058 1136 1232 1518
wdm-wjxjy-1.8L 1 894 1118 1091 1533
wdm-wjxjy-1.8L 1 741 1118 941 1524
wdm-wjxjy-2L 1 588 1089 773 1539
wdm-wjxjy-2L 1 423 1094 626 1559
wdm-wjxjy-2L 1 250 1097 461 1550
