cbl-lyxdbj-300g 1 100 1483 364 1724
cbl-lyxdbj-300g 1 100 1624 355 1862
cbl-lyxdbj-300g 1 332 1456 576 1683
cbl-lyxdbj-300g 1 314 1597 570 1818
cbl-lyxtmj-300g 1 526 1600 732 1780
cbl-lyxtmj-300g 1 532 1439 755 1647
cbl-lyxtmj-300g 1 691 1559 882 1733
cbl-lyxtmj-300g 1 700 1412 908 1615
cbl-lyxtmj-800g 1 850 1380 1088 1571
cbl-lyxtmj-800g 1 844 1506 1061 1706
cbl-lyxdbj-800g 1 1026 1489 1214 1683
cbl-lyxdbj-800g 1 1041 1362 1258 1539
cbl-lyxdbj-800g 1 1176 1462 1353 1644
cbl-lyxdbj-800g 1 1205 1350 1405 1506
