cbl-lyxdbj-300g 1 791 152 981 337
cbl-lyxdbj-300g 1 810 285 1001 464
cbl-lyxdbj-300g 1 956 125 1170 327
cbl-lyxdbj-300g 1 978 270 1174 445
cbl-lyxdbj-800g 1 418 93 658 316
cbl-lyxdbj-800g 1 476 268 703 460
cbl-lyxtmj-300g 1 1153 95 1353 295
cbl-lyxtmj-300g 1 1160 235 1349 433
cbl-lyxtmj-300g 1 1337 60 1570 275
cbl-lyxtmj-300g 1 1331 212 1560 414
cbl-lyxtmj-800g 1 603 72 845 300
cbl-lyxtmj-800g 1 643 266 860 458
wdm-wjxjy-800ml 1 570 733 714 997
wdm-wjxjy-800ml 1 651 731 793 1006
wdm-wjxjy-800ml 1 743 735 870 1008
wdm-wjxjy-800ml 1 833 731 958 1018
wdm-wjxjy-800ml 1 920 733 1045 1027
wdm-wjxjy-800ml 1 1014 739 1133 1025
wdm-wjxjy-800ml 1 1110 739 1222 1033
wdm-wjxjy-800ml 1 1208 739 1329 1045
wdm-wjxjy-800ml 1 1304 735 1416 1006
wdm-wjxjy-800ml 1 1370 745 1497 1072
wdm-wjxjy-800ml 1 1318 1079 1435 1354
wdm-btlcjy-1L 1 472 739 639 999
wdm-btlcjy-1L 1 387 739 554 993
wdm-wjxjy-1.8L 1 833 1054 997 1310
wdm-wjxjy-1.8L 1 958 1039 1104 1293
wdm-wjxjy-1.8L 1 1087 1049 1233 1310
wdm-wjxjy-1.8L 1 1206 1060 1358 1304
wdm-wjxjy-1.8L 1 749 1029 883 1270
wdm-wjxjy-1.8L 1 635 1018 789 1264
wdm-wjxjy-1.8L 1 526 1008 689 1245
