wdm-spjbsc-500ml 1 1253 627 1500 1347
wdm-spjbsc-500ml 1 1103 568 1311 1274
wdm-cxmc-460ml 1 1441 656 1717 1403
wdm-cxmc-460ml 1 1611 709 1908 1515
wdm-zplj-450ml 1 982 524 1161 1197
wdm-zplj-450ml 1 855 480 1053 1130
wdm-zplj-450ml 1 767 456 932 1074
wdm-zphy-510g 1 676 447 855 1027
wdm-zphy-510g 1 576 430 755 983
wdm-zphy-510g 1 497 409 679 959
wdm-wjxjy-500ml 1 426 394 603 912
wdm-btlcjy-500ml 1 370 377 526 862
wdm-btlcjy-500ml 1 305 350 473 833
wdm-wjxjy-800ml 1 1079 1309 1247 1662
wdm-wjxjy-800ml 1 950 1218 1117 1612
wdm-wjxjy-800ml 1 838 1142 1005 1536
wdm-wjxjy-800ml 1 738 1071 903 1494
wdm-wjxjy-800ml 1 676 1036 811 1409
wdm-wjxjy-800ml 1 591 983 761 1365
lyx-tjjy-500ml 1 1188 1377 1364 1756
lyx-tjjy-500ml 1 1276 1439 1494 1874
lyx-hsjy-500ml 1 1444 1527 1661 1930
lyx-hsjy-500ml 1 1567 1624 1803 2062
