wdm-cxhy-510g 1 338 680 417 980
wdm-cxhy-510g 1 385 668 444 980
wdm-cxhy-510g 1 414 662 485 986
wdm-cxhy-510g 1 458 642 547 980
wdm-cxhy-510g 1 511 642 597 977
wdm-btlcjy-1L 1 573 612 685 980
wdm-btlcjy-1L 1 647 594 750 980
wdm-btlcjy-1L 1 720 574 847 977
wdm-spjbsc-500ml 1 811 586 929 983
wdm-spjbsc-500ml 1 891 565 997 986
wdm-spjbsc-500ml 1 970 565 1091 986
wdm-wjxjy-1.3L 1 1055 542 1220 1000
wdm-wjxjy-1.3L 1 1188 503 1373 994
wdm-wjxjy-1.3L 1 1332 471 1541 989
wdm-wjxjy-1.3L 1 1503 439 1729 977
wdm-wjxjy-1L 1 1464 1015 1626 1497
wdm-wjxjy-1L 1 1344 1015 1503 1468
wdm-wjxjy-1L 1 1232 1012 1394 1450
wdm-wjxjy-1L 1 1120 1012 1264 1433
wdm-wjxjy-1L 1 1044 1006 1173 1409
wdm-wjxjy-800ml 1 953 1009 1091 1406
wdm-wjxjy-800ml 1 864 1009 985 1389
wdm-wjxjy-800ml 1 800 1006 905 1380
wdm-wjxjy-800ml 1 726 1012 835 1365
wdm-cxmc-1.3L 1 391 1009 508 1303
wdm-cxmc-1.3L 1 461 1006 594 1324
wdm-spjbsc-1.3L 1 553 997 676 1339
wdm-spjbsc-1.3L 1 632 1024 758 1350
cbl-lyxdbj-300g 1 414 1400 538 1515
cbl-lyxdbj-300g 1 423 1489 529 1597
cbl-lyxdbj-300g 1 488 1415 564 1527
cbl-lyxdbj-300g 1 482 1500 579 1612
cbl-lyxdbj-500g 1 538 1403 673 1547
cbl-lyxdbj-500g 1 614 1427 770 1565
cbl-lyxdbj-500g 1 547 1515 655 1639
cbl-lyxdbj-500g 1 620 1521 738 1659
cbl-lyxdbj-800g 1 708 1515 885 1686
cbl-lyxdbj-800g 1 797 1544 991 1724
