wdm-wjxjy-1.3L 1 366 452 465 692
wdm-wjxjy-1.3L 1 295 441 387 673
wdm-wjxjy-1.3L 1 231 428 323 645
wdm-wjxjy-1.3L 1 169 410 262 622
wdm-wjxjy-1.3L 1 133 394 210 597
wdm-wjxjy-1.3L 1 102 380 181 574
wdm-wjxjy-1.3L 1 442 431 531 661
wdm-wjxjy-1.3L 1 508 405 600 635
wdm-wjxjy-1.3L 1 575 393 668 610
wdm-wjxjy-1.3L 1 630 363 710 576
wdm-wjxjy-1.3L 1 318 706 429 948
wdm-wjxjy-1.3L 1 395 690 484 905
wdm-wjxjy-1.3L 1 275 676 359 902
wdm-wjxjy-1.3L 1 455 660 550 871
wdm-wjxjy-1.3L 1 520 631 604 851
wdm-wjxjy-1.3L 1 575 609 663 821
wdm-wjxjy-1.3L 1 236 650 304 858
wdm-wjxjy-1.3L 1 181 618 272 829
wdm-wjxjy-1.3L 1 146 587 220 789
