cbl-lyxtmj-800g 1 64 1294 223 1436
cbl-lyxtmj-800g 1 200 1297 370 1442
cbl-lyxtmj-800g 1 353 1292 497 1442
cbl-lyxtmj-800g 1 61 1403 229 1542
cbl-lyxtmj-800g 1 197 1412 361 1539
cbl-lyxtmj-800g 1 344 1409 494 1544
cbl-lyxdbj-800g 1 285 1524 467 1686
cbl-lyxdbj-800g 1 317 1644 479 1789
cbl-lyxdbj-800g 1 29 1650 179 1803
cbl-lyxdbj-800g 1 317 1768 479 1897
cbl-lyxdbj-800g 1 167 1777 323 1903
cbl-lyxdbj-800g 1 23 1765 188 1909
wdm-wjxjy-1.8L 1 847 839 988 1162
wdm-wjxjy-1.8L 1 964 850 1117 1159
wdm-wjxjy-1.8L 1 1076 844 1226 1168
wdm-wjxjy-1.8L 1 853 1118 1014 1465
wdm-wjxjy-1.8L 1 976 1118 1155 1480
wdm-wjxjy-1.8L 1 1123 1112 1279 1459
wdm-wjxjy-1.8L 1 1203 830 1344 1139
wdm-wjxjy-1.8L 1 1320 836 1461 1144
wdm-wjxjy-1.8L 1 1438 827 1573 1144
wdm-wjxjy-1.8L 1 1261 1136 1403 1468
wdm-wjxjy-1.8L 1 1388 1118 1532 1477
wdm-wjxjy-1.8L 1 1511 1121 1664 1474
wdm-wjxjy-1.8L 1 1500 1465 1647 1765
wdm-wjxjy-1.8L 1 1373 1462 1520 1783
wdm-wjxjy-1.8L 1 1267 1468 1397 1777
wdm-wjxjy-1.8L 1 870 1465 994 1762
wdm-wjxjy-1.8L 1 979 1465 1129 1765
wdm-wjxjy-1.8L 1 1105 1456 1258 1756
wdm-wjxjy-1.8L 1 858 1800 1008 2089
wdm-wjxjy-1.8L 1 979 1815 1135 2092
wdm-wjxjy-1.8L 1 1108 1794 1264 2086
wdm-wjxjy-1.8L 1 1261 1771 1394 2077
wdm-wjxjy-1.8L 1 1364 1792 1517 2071
wdm-wjxjy-1.8L 1 1497 1777 1647 2059
wdm-wjxjy-1.3L 1 732 912 861 1203
wdm-wjxjy-1.3L 1 635 906 755 1192
wdm-wjxjy-1.3L 1 523 903 650 1197
wdm-wjxjy-1.3L 1 476 1192 632 1533
wdm-wjxjy-1.3L 1 597 1189 747 1527
wdm-wjxjy-1.3L 1 717 1183 867 1503
wdm-wjxjy-1.3L 1 485 1515 620 1818
wdm-wjxjy-1.3L 1 605 1518 744 1812
wdm-wjxjy-1.3L 1 723 1506 850 1803
wdm-wjxjy-1.3L 1 500 1836 629 2121
wdm-wjxjy-1.3L 1 611 1830 764 2112
wdm-wjxjy-1.3L 1 729 1824 847 2094
