lyx-hsjy-500ml 1 1 1 214 562
lyx-tjyzjy-500ml 1 135 1 400 542
lyx-tjyzjy-500ml 1 326 1 582 547
lyx-tjjy-500ml 1 505 1 723 556
lyx-tjjy-500ml 1 650 1 847 550
wdm-qxmc-460ml 1 808 1 958 556
wdm-qxmc-460ml 1 911 1 1053 556
wdm-qxmc-460ml 1 1026 1 1150 542
wdm-cxmc-460ml 1 1111 1 1226 553
wdm-cxmc-460ml 1 1191 21 1308 550
wdm-cxmc-460ml 1 1305 33 1394 550
wdm-cxmc-460ml 1 1388 47 1476 544
wdm-zplj-450ml 1 1467 59 1547 544
wdm-zplj-450ml 1 1526 62 1635 553
wdm-zplj-450ml 1 1603 74 1697 539
wdm-wjxjy-1L 1 1 630 182 1306
wdm-wjxjy-1L 1 117 612 373 1256
wdm-wjxjy-1L 1 317 618 544 1224
wdm-btlcjy-1L 1 491 609 691 1194
wdm-btlcjy-1L 1 629 597 817 1165
wdm-btlcjy-1L 1 779 600 947 1142
wdm-zphy-510g 1 917 624 1061 1124
wdm-zphy-510g 1 1017 630 1138 1097
wdm-zphy-510g 1 1111 624 1223 1089
wdm-cxhy-510g 1 1203 618 1308 1056
wdm-btlcjy-500ml 1 1288 624 1400 1056
wdm-btlcjy-500ml 1 1379 615 1494 1036
wdm-btlcjy-500ml 1 1464 618 1558 1021
wdm-wjxjy-500ml 1 1541 615 1629 997
wdm-wjxjy-500ml 1 1600 612 1691 983
wdm-wjxjy-800ml 1 1523 1024 1626 1368
wdm-wjxjy-800ml 1 1441 1056 1555 1403
wdm-wjxjy-800ml 1 1335 1077 1467 1439
wdm-wjxjy-800ml 1 1238 1097 1361 1477
wdm-wjxjy-800ml 1 1132 1124 1264 1509
wdm-wjxjy-800ml 1 1026 1144 1161 1544
wdm-wjxjy-800ml 1 908 1159 1070 1589
wdm-wjxjy-800ml 1 791 1194 958 1644
wdm-wjxjy-800ml 1 661 1212 838 1668
wdm-wjxjy-800ml 1 497 1253 700 1730
wdm-wjxjy-800ml 1 344 1280 555 1777
wdm-wjxjy-800ml 1 179 1318 408 1821
wdm-wjxjy-800ml 1 1 1362 211 1894
wdm-cxmc-1.3L 1 344 1824 605 2309
wdm-cxmc-1.3L 1 173 1894 429 2397
wdm-wjxjy-1.3L 1 603 1747 805 2194
wdm-wjxjy-1L 1 861 1665 1017 2068
wdm-wjxjy-1L 1 976 1618 1126 2018
wdm-wjxjy-1L 1 1088 1562 1223 1959
wdm-wjxjy-1L 1 1185 1544 1308 1909
wdm-wjxjy-1L 1 1273 1506 1400 1874
wdm-wjxjy-1L 1 1364 1477 1473 1827
wdm-wjxjy-1L 1 1438 1444 1535 1780
wdm-wjxjy-1L 1 1517 1418 1635 1756
