wdm-wjxjy-1.8L 1 144 1509 364 1830
wdm-wjxjy-1.8L 1 305 1533 505 1850
wdm-wjxjy-1.8L 1 455 1565 641 1886
wdm-wjxjy-1.8L 1 597 1592 800 1924
wdm-wjxjy-1.3L 1 758 1609 932 1930
wdm-wjxjy-1.3L 1 903 1639 1082 1959
wdm-wjxjy-1.3L 1 1038 1659 1232 1992
wdm-spjbsc-500ml 1 1517 1236 1700 1662
wdm-spjbsc-500ml 1 1405 1221 1573 1644
wdm-cxhy-510g 1 1300 1221 1444 1618
wdm-cxhy-510g 1 1208 1224 1335 1615
wdm-cxhy-510g 1 1114 1206 1238 1603
wdm-zplj-450ml 1 1008 1189 1138 1606
wdm-zplj-450ml 1 905 1186 1047 1594
wdm-zplj-450ml 1 805 1171 944 1594
wdm-btlcjy-500ml 1 711 1194 853 1565
wdm-btlcjy-500ml 1 605 1189 744 1565
wdm-wjxjy-500ml 1 491 1186 644 1562
wdm-wjxjy-500ml 1 394 1177 538 1547
wdm-wjxjy-800ml 1 273 1089 447 1527
wdm-wjxjy-800ml 1 176 1112 353 1512
