wdm-wjxjy-800ml 1 712 531 879 954
wdm-wjxjy-800ml 1 849 558 1003 972
wdm-wjxjy-800ml 1 983 570 1131 956
wdm-wjxjy-800ml 1 1103 568 1281 985
wdm-wjxjy-800ml 1 1239 579 1429 1000
wdm-wjxjy-1.3L 1 420 964 601 1270
wdm-wjxjy-1.3L 1 562 973 731 1279
wdm-wjxjy-1.3L 1 706 991 878 1287
wdm-wjxjy-1.8L 1 839 1008 1018 1327
wdm-wjxjy-1.8L 1 981 1039 1178 1360
wdm-wjxjy-1.8L 1 1147 1020 1341 1329
wdm-wjxjy-1.8L 1 1303 918 1493 1272
wdm-wjxjy-1.8L 1 1422 927 1660 1289
cbl-hdj-900g 1 764 1 999 439
cbl-lyxtmj-300g 1 953 183 1249 483
cbl-lyxtmj-300g 1 949 1 1272 260
cbl-lyxdbj-300g 1 1231 185 1558 498
cbl-lyxdbj-300g 1 1262 1 1610 293
