cbl-lyxtmj-800g 1 294 471 514 639
cbl-lyxtmj-800g 1 464 450 685 639
cbl-lyxtmj-800g 1 635 442 853 624
cbl-lyxtmj-800g 1 817 430 1041 618
cbl-lyxtmj-800g 1 1011 442 1214 606
cbl-lyxtmj-800g 1 323 612 532 783
cbl-lyxtmj-800g 1 494 609 685 771
cbl-lyxtmj-800g 1 658 594 858 762
cbl-lyxtmj-800g 1 791 571 1005 765
cbl-lyxtmj-800g 1 1023 568 1229 759
cbl-lyxtmj-800g 1 264 753 491 939
cbl-lyxtmj-800g 1 435 750 647 933
cbl-lyxtmj-800g 1 614 744 841 930
cbl-lyxtmj-800g 1 808 727 1029 921
cbl-lyxtmj-800g 1 997 718 1235 909
cbl-lyxtmj-800g 1 297 897 503 1071
cbl-lyxtmj-800g 1 458 906 667 1080
cbl-lyxtmj-800g 1 620 892 841 1062
cbl-lyxtmj-800g 1 829 877 1058 1068
cbl-lyxtmj-800g 1 1008 859 1232 1056
cbl-lyxtmj-800g 1 826 1024 1044 1197
cbl-lyxtmj-800g 1 1000 1024 1217 1200
cbl-lyxtmj-800g 1 853 1144 1047 1333
cbl-lyxtmj-800g 1 1011 1147 1244 1336
cbl-lyxtmj-800g 1 658 1180 876 1356
cbl-lyxtmj-800g 1 500 1197 700 1347
cbl-lyxtmj-800g 1 341 1180 547 1342
cbl-lyxtmj-800g 1 361 1294 555 1459
cbl-lyxtmj-800g 1 520 1289 729 1468
cbl-lyxtmj-800g 1 685 1294 891 1477
cbl-lyxtmj-800g 1 1035 1271 1232 1465
cbl-lyxtmj-800g 1 1053 1392 1253 1592
cbl-lyxtmj-800g 1 888 1430 1079 1571
cbl-lyxdbj-800g 1 391 1409 573 1571
cbl-lyxdbj-800g 1 541 1430 732 1577
cbl-lyxdbj-800g 1 694 1412 897 1594
cbl-lyxdbj-800g 1 1255 1156 1455 1359
cbl-lyxdbj-800g 1 1238 1312 1441 1497
cbl-lyxdbj-800g 1 1238 1430 1435 1639
