wdm-btlcjy-500ml 1 479 739 564 1044
wdm-btlcjy-500ml 1 547 744 626 1044
wdm-btlcjy-500ml 1 614 744 694 1047
wdm-wjxjy-500ml 1 667 747 767 1068
wdm-wjxjy-500ml 1 735 744 829 1080
wdm-wjxjy-500ml 1 808 747 905 1086
wdm-wjxjy-500ml 1 879 753 976 1089
wdm-spjbsc-500ml 1 950 739 1055 1109
wdm-spjbsc-500ml 1 1029 733 1147 1121
wdm-spjbsc-500ml 1 1111 739 1235 1139
lyx-hsjy-500ml 1 1200 730 1341 1156
lyx-hsjy-500ml 1 1300 739 1435 1159
lyx-hsjy-500ml 1 1403 736 1553 1165
wdm-btlcjy-1L 1 503 1144 597 1480
wdm-btlcjy-1L 1 579 1150 670 1492
wdm-btlcjy-1L 1 644 1162 747 1509
wdm-btlcjy-1L 1 717 1177 826 1536
wdm-wjxjy-800ml 1 794 1174 905 1568
wdm-wjxjy-800ml 1 879 1186 1003 1577
wdm-wjxjy-800ml 1 970 1197 1088 1600
wdm-wjxjy-800ml 1 1058 1218 1197 1642
wdm-spjbsc-1.3L 1 503 1497 611 1800
wdm-spjbsc-1.3L 1 579 1533 697 1836
wdm-spjbsc-1.3L 1 664 1556 791 1868
wdm-spjbsc-1.3L 1 758 1577 885 1900
wdm-wjxjy-1.3L 1 838 1621 994 1950
wdm-wjxjy-1.3L 1 955 1656 1114 2003
