wdm-zplj-450ml 1 651 1 753 287
lyx-tjjy-500ml 1 618 323 718 627
lyx-tjjy-500ml 1 708 331 797 627
lyx-tjjy-500ml 1 789 335 874 625
wdm-zphy-510g 1 866 343 947 629
wdm-zphy-510g 1 926 339 1012 633
wdm-zphy-510g 1 991 339 1078 643
wdm-cxmc-460ml 1 618 660 697 933
wdm-cxmc-460ml 1 687 666 762 920
wdm-cxmc-460ml 1 749 658 829 931
wdm-spjbsc-500ml 1 814 673 891 923
wdm-spjbsc-500ml 1 881 673 958 923
wdm-spjbsc-500ml 1 945 672 1026 925
wdm-spjbsc-500ml 1 1004 668 1089 927
wdm-spjbsc-500ml 1 1066 673 1158 929
wdm-wjxjy-500ml 1 1133 672 1218 929
wdm-wjxjy-500ml 1 1193 683 1291 923
wdm-btlcjy-500ml 1 1254 677 1360 918
wdm-btlcjy-500ml 1 1320 679 1429 922
wdm-btlcjy-500ml 1 1385 677 1489 925
wdm-wjxjy-1.8L 1 645 958 764 1204
wdm-wjxjy-1.8L 1 753 962 876 1183
wdm-wjxjy-1.8L 1 866 956 991 1191
