wdm-zplj-450ml 1 1535 553 1794 1356
wdm-zplj-450ml 1 1376 547 1635 1297
wdm-zplj-450ml 1 1326 533 1550 1242
wdm-btlcjy-500ml 1 1170 592 1376 1218
wdm-btlcjy-500ml 1 1070 589 1235 1165
wdm-wjxjy-500ml 1 982 565 1138 1142
wdm-wjxjy-500ml 1 911 544 1050 1097
wdm-wjxjy-500ml 1 797 562 955 1071
wdm-wjxjy-800ml 1 720 462 864 1050
wdm-wjxjy-800ml 1 641 465 785 1024
wdm-wjxjy-800ml 1 576 459 714 992
wdm-wjxjy-800ml 1 505 462 641 980
wdm-wjxjy-800ml 1 423 456 564 959
wdm-zphy-510g 1 614 1042 732 1439
wdm-zphy-510g 1 688 1083 808 1465
wdm-cxhy-510g 1 741 1115 858 1494
wdm-cxhy-510g 1 808 1121 932 1527
wdm-cxhy-510g 1 891 1153 1026 1568
wdm-cxmc-460ml 1 958 1197 1097 1618
wdm-cxmc-460ml 1 1038 1236 1185 1671
wdm-cxmc-460ml 1 1114 1274 1285 1739
wdm-spjbsc-500ml 1 1214 1303 1391 1794
wdm-spjbsc-500ml 1 1320 1350 1508 1874
wdm-spjbsc-500ml 1 1447 1409 1664 1942
wdm-wjxjy-1.3L 1 1305 1959 1558 2412
wdm-wjxjy-1.3L 1 1150 1839 1379 2294
wdm-wjxjy-1.3L 1 1029 1756 1253 2177
wdm-wjxjy-1.8L 1 905 1653 1117 2077
wdm-wjxjy-1.8L 1 732 1533 941 1906
wdm-wjxjy-1.8L 1 635 1474 826 1833
wdm-wjxjy-1.8L 1 550 1394 705 1750
