wdm-spjbsc-500ml 1 100 442 270 968
wdm-spjbsc-500ml 1 244 444 397 959
wdm-zphy-510g 1 370 462 514 971
wdm-zphy-510g 1 476 483 608 986
lyx-hsjy-500ml 1 591 474 735 977
wdm-btlcjy-500ml 1 714 518 850 986
wdm-btlcjy-500ml 1 838 530 973 997
wdm-btlcjy-500ml 1 947 533 1123 992
lyx-tjjy-500ml 1 1064 509 1214 989
lyx-tjjy-500ml 1 1194 515 1329 1003
lyx-tjjy-500ml 1 1311 524 1455 1006
wdm-cxmc-460ml 1 1417 518 1576 1009
wdm-cxmc-460ml 1 1520 524 1697 1003
wdm-zplj-450ml 1 1632 524 1797 1015
wdm-wjxjy-800ml 1 191 1962 320 2353
wdm-wjxjy-800ml 1 297 1962 429 2350
wdm-wjxjy-800ml 1 408 1959 535 2359
wdm-wjxjy-800ml 1 511 1956 650 2342
wdm-wjxjy-800ml 1 617 1956 758 2342
wdm-wjxjy-800ml 1 723 1959 853 2342
wdm-wjxjy-1.8L 1 832 1947 997 2321
wdm-wjxjy-1.8L 1 985 1942 1164 2324
wdm-wjxjy-1.8L 1 1129 1909 1323 2336
wdm-wjxjy-1.8L 1 1279 1924 1447 2309
wdm-wjxjy-1.8L 1 1414 1924 1594 2292
