wdm-wjxjy-800ml 1 285 227 444 712
wdm-wjxjy-800ml 1 426 250 582 727
wdm-wjxjy-800ml 1 550 265 694 736
wdm-wjxjy-800ml 1 673 277 803 742
wdm-wjxjy-1.8L 1 773 353 935 765
wdm-wjxjy-1.8L 1 903 389 1097 783
cbl-lyxtmj-800g 1 800 1606 991 1803
cbl-lyxtmj-800g 1 791 1730 982 1921
cbl-lyxtmj-300g 1 1111 1671 1261 1815
cbl-lyxtmj-300g 1 1103 1765 1253 1900
cbl-lyxdbj-800g 1 958 1600 1144 1789
cbl-lyxdbj-800g 1 950 1733 1126 1909
cbl-lyxdbj-300g 1 1229 1665 1376 1803
cbl-lyxdbj-300g 1 1232 1765 1364 1903
cbl-lyxdbj-300g 1 1350 1662 1497 1809
cbl-lyxdbj-300g 1 1341 1747 1485 1897
