wdm-btlcjy-1L 1 52 194 136 463
wdm-btlcjy-1L 1 126 202 201 458
wdm-btlcjy-1L 1 191 212 273 463
wdm-btlcjy-1L 1 263 215 337 455
wdm-wjxjy-800ml 1 326 200 402 467
wdm-wjxjy-800ml 1 389 210 469 463
wdm-wjxjy-800ml 1 453 215 529 464
wdm-wjxjy-800ml 1 513 219 575 463
wdm-wjxjy-800ml 1 565 223 633 460
wdm-wjxjy-800ml 1 621 222 691 464
wdm-spjbsc-500ml 1 78 480 147 699
wdm-spjbsc-500ml 1 139 479 204 689
wdm-cxmc-460ml 1 189 480 252 686
wdm-cxmc-460ml 1 243 476 297 684
wdm-cxmc-460ml 1 282 483 342 680
wdm-zplj-450ml 1 336 484 391 680
wdm-zplj-450ml 1 376 477 431 674
wdm-cxhy-510g 1 420 480 469 674
wdm-cxhy-510g 1 460 477 514 677
wdm-zphy-510g 1 501 479 552 668
wdm-zphy-510g 1 537 481 587 664
wdm-zphy-510g 1 573 476 624 660
wdm-zphy-510g 1 613 480 672 661
wdm-wjxjy-500ml 1 34 718 102 909
wdm-wjxjy-500ml 1 91 718 158 900
wdm-wjxjy-500ml 1 144 712 207 887
wdm-wjxjy-500ml 1 195 707 255 886
wdm-btlcjy-500ml 1 246 700 310 883
lyx-tjjy-500ml 1 300 697 358 874
lyx-tjjy-500ml 1 350 694 407 868
lyx-tjjy-500ml 1 398 694 452 863
lyx-hsjy-500ml 1 446 686 501 857
wdm-spjbsc-1.3L 1 489 686 568 848
wdm-spjbsc-1.3L 1 552 681 631 848
wdm-spsc-2L 1 208 906 298 1093
wdm-cxmc-1.3L 1 137 925 223 1109
wdm-cxmc-1.3L 1 59 932 147 1119
wdm-wjxjy-1.3L 1 363 887 443 1068
wdm-wjxjy-1.3L 1 427 883 500 1060
wdm-wjxjy-1.3L 1 492 877 562 1044
wdm-wjxjy-1.3L 1 553 864 627 1034
