wdm-wjxjy-1.8L 1 594 483 747 839
wdm-wjxjy-1.8L 1 726 474 885 830
wdm-wjxjy-1.8L 1 867 471 1029 827
wdm-wjxjy-1.3L 1 1005 486 1158 824
wdm-wjxjy-1.3L 1 1135 471 1285 827
wdm-wjxjy-1.3L 1 1261 468 1423 824
wdm-wjxjy-1.3L 1 1405 492 1514 821
wdm-wjxjy-1.3L 1 1500 489 1614 818
wdm-zplj-450ml 1 735 962 832 1283
wdm-zplj-450ml 1 811 965 920 1294
wdm-cxhy-510g 1 903 977 991 1292
wdm-cxhy-510g 1 973 974 1061 1294
wdm-wjxjy-500ml 1 1038 980 1144 1289
wdm-wjxjy-500ml 1 1126 980 1232 1286
wdm-btlcjy-500ml 1 1220 977 1317 1294
wdm-btlcjy-500ml 1 1294 971 1403 1283
