cbl-lyxdbj-800g 1 528 127 674 268
cbl-lyxdbj-800g 1 528 248 678 373
cbl-lyxdbj-800g 1 664 248 808 379
cbl-lyxdbj-800g 1 666 141 806 268
cbl-lyxdbj-800g 1 820 250 958 373
cbl-lyxdbj-800g 1 806 145 956 266
cbl-lyxdbj-800g 1 954 250 1104 375
cbl-lyxdbj-800g 1 951 156 1091 272
cbl-lyxdbj-800g 1 1095 248 1241 379
cbl-lyxdbj-800g 1 1079 131 1256 268
cbl-lyxtmj-800g 1 1229 247 1370 379
cbl-lyxtmj-800g 1 1345 248 1504 385
cbl-lyxtmj-800g 1 1349 145 1522 268
cbl-lyxtmj-800g 1 1214 154 1345 275
cbl-lyxtmj-800g 1 1203 452 1353 579
cbl-lyxtmj-800g 1 1326 452 1481 575
cbl-lyxtmj-300g 1 556 491 672 579
cbl-lyxtmj-300g 1 549 400 672 504
cbl-lyxtmj-300g 1 654 491 781 583
cbl-lyxtmj-300g 1 656 400 768 504
cbl-lyxdbj-300g 1 766 487 876 581
cbl-lyxdbj-300g 1 756 404 874 504
cbl-lyxdbj-300g 1 866 495 983 575
cbl-lyxdbj-300g 1 866 400 981 504
cbl-lyxdbj-500g 1 974 473 1097 581
cbl-lyxdbj-500g 1 979 391 1108 495
cbl-hdj-500g 1 1097 481 1224 577
cbl-hdj-500g 1 1091 393 1235 500
wdm-wjxjy-500ml 1 566 598 654 843
wdm-wjxjy-500ml 1 633 604 724 843
wdm-wjxjy-500ml 1 703 597 793 848
wdm-btlcjy-500ml 1 774 597 851 841
wdm-btlcjy-500ml 1 843 602 922 835
wdm-zplj-450ml 1 908 597 991 841
wdm-zplj-450ml 1 978 597 1056 841
wdm-zplj-450ml 1 1045 600 1129 835
wdm-zphy-510g 1 1122 597 1195 837
wdm-zphy-510g 1 1191 597 1266 845
wdm-cxmc-460ml 1 1253 595 1343 845
wdm-cxmc-460ml 1 1306 598 1389 843
wdm-cxmc-460ml 1 1374 591 1460 852
lyx-tjjy-500ml 1 620 858 710 1102
lyx-tjjy-500ml 1 699 866 779 1100
wdm-cxhy-510g 1 760 862 837 1102
wdm-cxhy-510g 1 820 862 891 1102
wdm-spjbsc-500ml 1 879 848 956 1093
wdm-spjbsc-500ml 1 939 860 1024 1108
wdm-wjxjy-1.3L 1 1010 856 1122 1089
wdm-wjxjy-1.3L 1 1093 854 1222 1123
wdm-wjxjy-1.3L 1 1208 860 1274 1079
wdm-wjxjy-800ml 1 1337 1125 1414 1372
wdm-wjxjy-800ml 1 1270 1131 1349 1370
wdm-wjxjy-800ml 1 1176 1122 1276 1377
wdm-wjxjy-800ml 1 1118 1123 1216 1377
wdm-wjxjy-1.8L 1 939 1129 1058 1400
wdm-wjxjy-1.8L 1 728 1127 845 1397
