cbl-lyxdbj-300g 1 420 1044 555 1183
cbl-lyxdbj-300g 1 438 1153 553 1277
cbl-lyxdbj-500g 1 594 1044 761 1206
cbl-lyxdbj-500g 1 694 1056 858 1227
cbl-lyxdbj-500g 1 597 1171 729 1306
cbl-lyxdbj-500g 1 697 1183 838 1324
cbl-lyxtmj-300g 1 505 1062 632 1200
cbl-lyxtmj-300g 1 511 1168 641 1280
cbl-hdj-500g 1 788 1027 976 1174
cbl-hdj-500g 1 805 1133 973 1262
cbl-hdj-500g 1 817 1215 979 1356
cbl-hdj-800g 1 926 1071 1144 1268
cbl-hdj-800g 1 947 1227 1129 1383
cbl-hdj-800g 1 1076 1092 1308 1297
cbl-hdj-800g 1 1100 1244 1285 1421
cbl-lyxdbj-800g 1 1238 1112 1476 1336
cbl-lyxdbj-800g 1 1247 1277 1473 1459
cbl-lyxtmj-800g 1 1438 1144 1703 1368
cbl-lyxtmj-800g 1 1432 1300 1676 1503
