cbl-lyxdbj-300g 1 367 989 532 1136
cbl-lyxdbj-300g 1 361 865 553 1021
cbl-lyxdbj-800g 1 208 830 435 997
cbl-lyxdbj-800g 1 223 962 408 1142
wdm-wjxjy-800ml 1 270 1192 403 1621
wdm-wjxjy-800ml 1 373 1192 529 1636
wdm-zplj-450ml 1 641 1230 770 1662
cbl-hdj-900g 1 932 812 1103 1136
cbl-hdj-900g 1 1070 803 1247 1130
wdm-wjxjy-1.3L 1 753 1703 941 2115
wdm-wjxjy-1.3L 1 585 1680 779 2097
wdm-wjxjy-1.3L 1 423 1668 617 2083
wdm-wjxjy-2L 1 279 1650 476 2050
wdm-btlcjy-500ml 1 1226 1765 1361 2186
wdm-btlcjy-500ml 1 1367 1794 1517 2209
