wdm-wjxjy-1.8L 1 351 481 462 754
wdm-wjxjy-1.8L 1 429 477 545 760
wdm-wjxjy-1.8L 1 526 462 660 766
wdm-wjxjy-1.8L 1 633 458 735 760
wdm-btlcjy-500ml 1 712 495 795 770
wdm-btlcjy-500ml 1 783 491 868 775
wdm-wjxjy-500ml 1 856 485 933 768
wdm-wjxjy-500ml 1 922 475 1016 770
wdm-wjxjy-500ml 1 1003 479 1103 773
wdm-wjxjy-800ml 1 1083 422 1197 777
wdm-wjxjy-800ml 1 1174 414 1289 775
wdm-wjxjy-800ml 1 1272 400 1393 775
cbl-lyxdbj-300g 1 1264 847 1401 964
cbl-lyxdbj-800g 1 1728 822 1920 977
cbl-lyxtmj-800g 1 1553 810 1737 960
cbl-lyxtmj-800g 1 1547 935 1737 1079
cbl-lyxtmj-800g 1 1389 812 1560 952
cbl-lyxtmj-800g 1 1383 922 1562 1070
