cbl-lyxtmj-800g 1 14 924 403 1274
cbl-lyxtmj-800g 1 82 1136 453 1465
cbl-lyxtmj-800g 1 317 844 655 1174
cbl-lyxtmj-800g 1 364 1059 703 1347
cbl-lyxtmj-800g 1 582 777 885 1080
cbl-lyxtmj-800g 1 617 983 917 1256
cbl-lyxdbj-800g 1 817 721 1111 1006
cbl-lyxdbj-800g 1 858 936 1117 1186
cbl-lyxdbj-800g 1 1029 680 1273 939
cbl-lyxdbj-800g 1 1064 868 1297 1112
cbl-lyxdbj-800g 1 1226 630 1503 892
cbl-lyxdbj-800g 1 1235 827 1479 1056
cbl-hdj-800g 1 1403 594 1667 836
cbl-hdj-800g 1 1429 780 1626 1000
cbl-hdj-800g 1 1576 556 1808 789
cbl-hdj-800g 1 1582 753 1797 942
