wdm-wjxjy-800ml 1 573 739 682 1183
wdm-wjxjy-800ml 1 655 747 761 1197
wdm-wjxjy-800ml 1 717 742 829 1206
wdm-wjxjy-800ml 1 782 736 897 1233
wdm-wjxjy-800ml 1 853 750 976 1265
wdm-wjxjy-500ml 1 935 847 1067 1286
wdm-wjxjy-500ml 1 1035 850 1164 1294
wdm-wjxjy-500ml 1 1111 859 1238 1333
wdm-btlcjy-500ml 1 1188 874 1335 1362
wdm-btlcjy-500ml 1 1297 877 1458 1397
wdm-zplj-450ml 1 1429 842 1620 1442
wdm-zplj-450ml 1 1488 850 1676 1471
wdm-zplj-450ml 1 1623 856 1844 1503
wdm-zphy-510g 1 738 1271 847 1609
wdm-zphy-510g 1 811 1289 894 1636
wdm-cxmc-460ml 1 864 1300 964 1677
wdm-cxmc-460ml 1 923 1330 1035 1712
wdm-cxmc-460ml 1 1005 1353 1117 1747
wdm-cxmc-460ml 1 1076 1386 1191 1786
wdm-cxmc-460ml 1 1153 1394 1264 1836
wdm-cxmc-460ml 1 1229 1433 1364 1886
wdm-spjbsc-500ml 1 1320 1468 1482 1947
wdm-spjbsc-500ml 1 1420 1509 1603 2003
wdm-spjbsc-500ml 1 1553 1553 1741 2053
