wdm-wjxjy-1.8L 1 258 1950 482 2397
wdm-wjxjy-1.8L 1 485 1906 723 2321
wdm-wjxjy-1.8L 1 697 1859 935 2274
wdm-wjxjy-800ml 1 1300 1294 1476 1724
wdm-wjxjy-800ml 1 1182 1306 1379 1730
wdm-spjbsc-500ml 1 1085 1333 1258 1747
wdm-spjbsc-500ml 1 991 1350 1161 1753
wdm-zplj-450ml 1 888 1368 1055 1768
wdm-zplj-450ml 1 782 1383 938 1794
wdm-zplj-450ml 1 682 1386 835 1818
wdm-cxmc-460ml 1 567 1389 726 1850
wdm-cxmc-460ml 1 438 1392 600 1865
wdm-btlcjy-500ml 1 308 1450 461 1897
wdm-btlcjy-500ml 1 155 1468 338 1930
