cbl-lyxtmj-300g 1 979 742 1244 959
cbl-lyxtmj-300g 1 988 892 1217 1103
cbl-lyxtmj-800g 1 1314 653 1614 912
cbl-lyxtmj-800g 1 1303 844 1561 1077
cbl-lyxtmj-800g 1 1517 647 1782 897
cbl-lyxtmj-800g 1 1505 844 1732 1068
cbl-lyxdbj-300g 1 1170 736 1403 944
cbl-lyxdbj-300g 1 1167 900 1376 1103
wdm-cxmc-460ml 1 147 1227 341 1718
wdm-cxmc-460ml 1 303 1239 476 1692
wdm-btlcjy-500ml 1 438 1221 608 1668
wdm-btlcjy-500ml 1 576 1206 720 1615
wdm-btlcjy-500ml 1 691 1194 876 1603
wdm-zphy-510g 1 820 1171 991 1583
wdm-zphy-510g 1 935 1165 1085 1544
wdm-spjbsc-500ml 1 1041 1130 1200 1521
wdm-spjbsc-500ml 1 1147 1130 1303 1509
wdm-spjbsc-500ml 1 1244 1112 1391 1494
wdm-wjxjy-500ml 1 1344 1097 1497 1453
wdm-wjxjy-500ml 1 1438 1100 1591 1433
wdm-wjxjy-800ml 1 94 1762 291 2209
wdm-wjxjy-800ml 1 247 1753 432 2168
wdm-wjxjy-800ml 1 397 1712 564 2124
wdm-wjxjy-1.3L 1 538 1677 738 2065
wdm-wjxjy-1.3L 1 703 1653 891 2012
wdm-wjxjy-1.3L 1 838 1606 1032 1968
wdm-wjxjy-1.8L 1 994 1568 1200 1903
wdm-wjxjy-1.8L 1 1144 1533 1314 1859
wdm-wjxjy-1.8L 1 1279 1500 1467 1821
