cbl-lyxdbj-300g 1 1641 994 1853 1168
cbl-lyxdbj-300g 1 1644 859 1861 1030
cbl-lyxdbj-300g 1 1450 1018 1658 1186
cbl-lyxdbj-300g 1 1453 883 1661 1050
cbl-lyxdbj-300g 1 1267 1036 1476 1197
cbl-lyxdbj-300g 1 1282 918 1464 1062
cbl-lyxdbj-300g 1 1105 927 1291 1074
cbl-lyxdbj-300g 1 1105 1047 1291 1192
cbl-lyxdbj-800g 1 905 1030 1129 1200
cbl-lyxdbj-800g 1 735 1036 938 1209
cbl-lyxdbj-800g 1 591 1050 782 1221
cbl-lyxtmj-800g 1 441 1065 611 1221
cbl-lyxtmj-800g 1 294 1074 467 1224
cbl-lyxtmj-800g 1 167 1077 323 1233
cbl-lyxtmj-800g 1 82 1321 255 1483
cbl-lyxtmj-800g 1 61 1442 211 1618
cbl-lyxtmj-800g 1 205 1321 385 1486
cbl-lyxtmj-800g 1 176 1450 355 1621
cbl-lyxdbj-800g 1 335 1327 567 1500
cbl-lyxdbj-800g 1 323 1453 503 1636
cbl-lyxtmj-300g 1 476 1374 644 1524
cbl-lyxtmj-300g 1 458 1492 635 1644
cbl-lyxtmj-300g 1 617 1380 800 1542
cbl-lyxtmj-300g 1 600 1500 770 1656
cbl-lyxtmj-300g 1 761 1377 955 1542
cbl-lyxtmj-300g 1 738 1503 944 1674
cbl-lyxdbj-300g 1 1370 1386 1582 1559
cbl-lyxdbj-300g 1 1370 1539 1585 1721
cbl-lyxdbj-300g 1 1597 1383 1832 1574
cbl-lyxdbj-300g 1 1582 1533 1832 1739
cbl-hdj-300g 1 1144 1486 1397 1621
cbl-hdj-300g 1 1123 1577 1397 1706
cbl-hdj-300g 1 917 1477 1173 1603
cbl-hdj-300g 1 905 1556 1164 1686
