cbl-lyxtmj-300g 1 951 52 1058 150
cbl-lyxtmj-300g 1 954 137 1058 229
cbl-lyxtmj-300g 1 1053 47 1156 148
cbl-lyxtmj-300g 1 1049 133 1162 231
cbl-lyxtmj-300g 1 1154 45 1264 145
cbl-lyxtmj-300g 1 1151 131 1268 223
cbl-lyxdbj-300g 1 929 316 1037 414
cbl-lyxdbj-300g 1 1029 316 1149 408
cbl-lyxdbj-300g 1 1137 310 1251 406
cbl-lyxdbj-300g 1 1139 233 1254 329
cbl-lyxdbj-300g 1 947 525 1047 625
cbl-lyxdbj-300g 1 945 437 1045 545
cbl-lyxdbj-300g 1 1045 523 1147 623
cbl-lyxdbj-300g 1 1043 439 1151 539
cbl-lyxdbj-300g 1 1141 523 1249 623
cbl-lyxdbj-300g 1 1143 439 1251 535
cbl-hdj-500g 1 908 660 1024 748
cbl-hdj-500g 1 906 729 1022 818
cbl-hdj-500g 1 1018 662 1135 748
cbl-hdj-500g 1 1016 735 1133 814
cbl-hdj-500g 1 1129 662 1251 748
cbl-hdj-500g 1 1126 731 1249 816
cbl-hdj-800g 1 908 839 1024 943
cbl-hdj-800g 1 1016 843 1133 945
cbl-hdj-800g 1 1128 837 1247 948
cbl-hdj-800g 1 912 904 1026 1016
cbl-hdj-800g 1 1014 908 1131 1029
cbl-hdj-800g 1 1131 916 1245 1025
cbl-lyxdbj-800g 1 912 1031 1004 1114
cbl-lyxdbj-800g 1 906 1087 1006 1189
cbl-lyxdbj-800g 1 1001 1097 1108 1195
cbl-lyxdbj-800g 1 1003 1031 1116 1118
cbl-lyxdbj-800g 1 1106 1093 1218 1200
cbl-lyxdbj-800g 1 1106 1033 1226 1129
cbl-lyxtmj-800g 1 908 1197 1014 1291
cbl-lyxtmj-800g 1 910 1256 1016 1362
cbl-lyxtmj-800g 1 1012 1206 1114 1295
cbl-lyxtmj-800g 1 1004 1256 1118 1364
cbl-lyxtmj-800g 1 1106 1212 1216 1285
cbl-lyxtmj-800g 1 1101 1264 1204 1356
cbl-hdj-900g 1 641 1193 720 1341
cbl-hdj-900g 1 708 1197 787 1350
cbl-hdj-900g 1 768 1200 849 1360
cbl-hdj-900g 1 841 1204 922 1362
