wdm-wjxjy-1.8L 1 573 561 697 825
wdm-wjxjy-1.8L 1 453 551 576 813
wdm-wjxjy-1.8L 1 350 560 466 812
wdm-wjxjy-1.8L 1 253 565 368 818
wdm-wjxjy-1.8L 1 178 552 284 789
wdm-wjxjy-1.8L 1 84 547 197 786
wdm-wjxjy-1.8L 1 516 812 634 1057
wdm-wjxjy-1.8L 1 611 810 720 1039
wdm-wjxjy-1.8L 1 446 802 549 1015
wdm-wjxjy-1.8L 1 358 803 465 1038
wdm-wjxjy-1.8L 1 269 799 373 1028
wdm-wjxjy-1.8L 1 187 784 284 1009
wdm-wjxjy-1.8L 1 100 777 204 994
wdm-spjbsc-500ml 1 511 155 550 280
wdm-spjbsc-500ml 1 481 157 517 277
wdm-spjbsc-500ml 1 453 160 487 281
wdm-spjbsc-500ml 1 426 160 465 281
wdm-cxhy-510g 1 375 165 408 284
wdm-cxhy-510g 1 353 167 384 280
wdm-cxhy-510g 1 331 171 358 284
wdm-cxhy-510g 1 308 170 337 289
