cbl-lyxdbj-300g 1 167 318 376 491
cbl-lyxdbj-300g 1 185 477 382 627
cbl-lyxdbj-300g 1 361 336 561 500
cbl-lyxdbj-300g 1 370 480 573 639
cbl-lyxdbj-300g 1 561 347 755 515
cbl-lyxdbj-300g 1 558 494 755 653
cbl-lyxljj-300g 1 311 703 505 853
cbl-lyxljj-300g 1 146 844 329 986
cbl-lyxljj-300g 1 317 839 505 991
cbl-lyxtmj-300g 1 499 844 670 980
cbl-lyxtmj-300g 1 655 715 826 853
cbl-lyxtmj-300g 1 658 847 823 986
cbl-lyxtmj-800g 1 196 1127 408 1300
cbl-lyxtmj-800g 1 405 1118 614 1294
cbl-lyxtmj-800g 1 605 1100 799 1286
cbl-lyxdbj-800g 1 249 1403 458 1600
cbl-lyxdbj-800g 1 455 1391 655 1571
cbl-lyxdbj-800g 1 640 1383 838 1583
cbl-hdj-300g 1 238 1683 435 1789
cbl-hdj-300g 1 243 1762 440 1856
cbl-hdj-300g 1 238 1830 440 1924
cbl-lyxdbj-300g 1 435 1662 590 1806
cbl-lyxdbj-300g 1 438 1771 596 1915
cbl-lyxdbj-300g 1 585 1647 746 1797
cbl-lyxdbj-300g 1 582 1750 752 1897
cbl-lyxdbj-300g 1 743 1636 899 1780
cbl-lyxdbj-300g 1 740 1741 902 1886
cbl-hdj-900g 1 888 1624 1029 1886
cbl-hdj-900g 1 1020 1618 1146 1877
cbl-hdj-900g 1 1138 1612 1273 1865
cbl-hdj-900g 1 1264 1606 1388 1853
cbl-hdj-900g 1 1373 1600 1493 1847
cbl-hdj-900g 1 1479 1606 1611 1836
