wdm-wjxjy-800ml 1 173 1074 308 1409
wdm-wjxjy-800ml 1 258 1086 390 1418
wdm-wjxjy-800ml 1 338 1083 470 1427
wdm-wjxjy-800ml 1 429 1077 543 1430
wdm-wjxjy-800ml 1 532 1115 638 1391
wdm-wjxjy-800ml 1 614 1121 732 1391
wdm-wjxjy-800ml 1 711 1124 826 1397
wdm-wjxjy-800ml 1 808 1118 914 1400
wdm-wjxjy-800ml 1 946 1127 1055 1436
wdm-wjxjy-800ml 1 1046 1136 1155 1453
wdm-wjxjy-800ml 1 1149 1144 1258 1439
wdm-wjxjy-800ml 1 1252 1147 1367 1439
wdm-wjxjy-800ml 1 1382 1153 1505 1491
wdm-wjxjy-800ml 1 1485 1165 1623 1509
wdm-wjxjy-800ml 1 1593 1180 1743 1521
wdm-wjxjy-800ml 1 1711 1177 1867 1530
wdm-wjxjy-800ml 1 264 680 361 924
wdm-wjxjy-800ml 1 335 671 455 936
wdm-wjxjy-800ml 1 426 674 526 933
wdm-wjxjy-800ml 1 499 671 611 944
wdm-wjxjy-800ml 1 623 644 708 891
wdm-wjxjy-800ml 1 696 653 793 912
wdm-wjxjy-800ml 1 785 656 879 915
wdm-wjxjy-800ml 1 867 647 982 921
wdm-wjxjy-800ml 1 970 668 1076 933
wdm-wjxjy-800ml 1 1070 662 1167 930
wdm-wjxjy-800ml 1 1164 650 1270 927
wdm-wjxjy-800ml 1 1264 644 1373 930
wdm-wjxjy-800ml 1 1393 636 1517 924
wdm-wjxjy-800ml 1 1496 633 1632 927
wdm-wjxjy-800ml 1 1611 636 1740 924
wdm-wjxjy-800ml 1 1726 630 1861 950
