cbl-lyxdbj-800g 0.8267779350280762 765 2044 974 2262
cbl-lyxdbj-800g 0.793837308883667 553 1912 730 2119
wdm-spjbsc-500ml 0.7825717926025391 1644 1587 1849 2184
wdm-spjbsc-500ml 0.7811586856842041 1510 1556 1701 2142
wdm-cxmc-460ml 0.751473069190979 1032 1459 1162 1924
wdm-cxmc-460ml 0.7496471405029297 948 1430 1060 1888
wdm-qxmc-460ml 0.7433907389640808 712 1381 811 1777
wdm-wjxjy-800ml 0.9209968447685242 1194 819 1372 1445
wdm-wjxjy-800ml 0.8020586371421814 1684 794 1911 1523
wdm-wjxjy-800ml 0.9256189465522766 1497 803 1716 1509
wdm-wjxjy-800ml 0.9307606816291809 1337 803 1533 1471
wdm-wjxjy-800ml 0.8737889528274536 1062 827 1225 1405
wdm-wjxjy-800ml 0.8620955944061279 647 845 772 1319
wdm-wjxjy-800ml 0.8868540525436401 947 836 1096 1377
wdm-wjxjy-800ml 0.8759974837303162 836 835 973 1352
wdm-wjxjy-800ml 0.8631613254547119 741 836 872 1336
wdm-wjxjy-1.3L 0.7403765916824341 767 216 977 796
