wdm-wjxjy-1.8L 0.673543393611908 927 1630 1100 2001
wdm-wjxjy-1.8L 0.6415677070617676 791 1575 953 1929
wdm-wjxjy-1.3L 0.7135024666786194 684 1538 826 1881
wdm-wjxjy-1.3L 0.6693026423454285 599 1509 722 1833
wdm-cxhy-510g 0.6876355409622192 1575 1426 1738 1848
wdm-zphy-510g 0.668991208076477 1297 1345 1437 1742
wdm-cxmc-1.3L 0.6526813507080078 173 1324 272 1594
wdm-btlcjy-1L 0.815459668636322 1013 1232 1150 1638
wdm-wjxjy-1L 0.7654789686203003 914 1210 1034 1598
wdm-wjxjy-800ml 0.841543436050415 828 1182 943 1553
wdm-wjxjy-800ml 0.7706956267356873 746 1154 857 1518
wdm-spjbsc-500ml 0.766771674156189 1009 785 1137 1205
wdm-spjbsc-500ml 0.747485876083374 920 782 1037 1179
wdm-wjxjy-500ml 0.6674862504005432 538 355 631 694
