wdm-wjxjy-800ml 0.9118351340293884 935 1431 1095 1960
wdm-wjxjy-800ml 0.9030370712280273 811 1426 956 1937
wdm-wjxjy-800ml 0.9285789132118225 690 1411 831 1914
wdm-wjxjy-800ml 0.9213880300521851 586 1399 718 1898
wdm-wjxjy-800ml 0.9137742519378662 478 1400 609 1885
wdm-wjxjy-800ml 0.9160161018371582 375 1396 504 1869
wdm-wjxjy-800ml 0.8966772556304932 288 1391 407 1850
cbl-lyxdbj-300g 0.8878506422042847 931 1140 1131 1312
cbl-lyxdbj-300g 0.9051443338394165 1111 1129 1324 1316
cbl-lyxdbj-300g 0.8502296209335327 942 988 1133 1158
cbl-lyxdbj-300g 0.8308290243148804 1316 973 1520 1152
cbl-lyxdbj-300g 0.8549340963363647 1113 966 1326 1155
cbl-hdj-300g 0.8369045257568359 1233 508 1524 651
cbl-hdj-300g 0.8408031463623047 1227 403 1530 547
