wdm-spjbsc-500ml 0.7372339963912964 947 448 1056 820
wdm-spjbsc-500ml 0.7275559902191162 1048 428 1159 816
wdm-btlcjy-500ml 0.7580152750015259 837 443 953 820
wdm-cxhy-510g 0.7145029902458191 1372 424 1490 819
wdm-spjbsc-500ml 0.6909542083740234 1151 428 1266 817
wdm-spjbsc-500ml 0.6935267448425293 1263 415 1378 815
wdm-wjxjy-800ml 0.9066224098205566 496 406 627 829
wdm-wjxjy-800ml 0.8740240335464478 383 406 512 820
wdm-wjxjy-800ml 0.9086047410964966 612 397 738 828
wdm-wjxjy-800ml 0.8496007323265076 727 398 856 822
