wdm-wjxjy-500ml 0.7773787975311279 527 635 653 968
wdm-wjxjy-500ml 0.6827841997146606 618 597 729 913
wdm-wjxjy-800ml 0.8283156156539917 693 514 815 856
wdm-wjxjy-800ml 0.8641220927238464 789 487 889 814
wdm-wjxjy-800ml 0.8515979051589966 866 459 956 764
wdm-wjxjy-800ml 0.8145591020584106 930 431 1012 723
wdm-wjxjy-1L 0.8604359030723572 997 405 1083 683
wdm-wjxjy-1L 0.8682158589363098 1121 354 1195 613
wdm-wjxjy-1L 0.8878291845321655 1062 381 1141 651
cbl-lyxdbj-800g 0.6943308115005493 1287 151 1412 280
