cbl-hdj-900g 0.9064679741859436 418 1239 587 1579
cbl-hdj-900g 0.9072035551071167 563 1219 714 1538
cbl-hdj-900g 0.9113031625747681 694 1202 840 1504
cbl-hdj-900g 0.9027659893035889 820 1190 964 1479
cbl-hdj-900g 0.874961793422699 933 1167 1066 1448
cbl-hdj-900g 0.9147622585296631 1036 1160 1182 1423
cbl-hdj-900g 0.8658639192581177 1147 1142 1276 1396
cbl-hdj-900g 0.8981436491012573 1238 1122 1372 1384
cbl-hdj-900g 0.9091992974281311 1414 1092 1556 1340
cbl-lyxdbj-300g 0.8230822682380676 240 931 422 1097
