wdm-wjxjy-1.3L 0.6395900845527649 209 1360 314 1592
wdm-wjxjy-1.3L 0.6589070558547974 310 1344 407 1578
wdm-wjxjy-1.3L 0.6633935570716858 219 1101 314 1314
wdm-wjxjy-1.3L 0.6838849782943726 309 1100 400 1318
wdm-wjxjy-800ml 0.7382029294967651 761 594 838 823
wdm-wjxjy-800ml 0.7695813179016113 828 591 911 826
wdm-wjxjy-800ml 0.7383550405502319 776 289 852 552
wdm-wjxjy-800ml 0.7930494546890259 706 286 782 547
wdm-wjxjy-800ml 0.830488920211792 639 281 717 542
wdm-wjxjy-800ml 0.7146784067153931 572 272 652 535
