wdm-wjxjy-500ml 0.8295809030532837 1301 642 1448 1196
wdm-wjxjy-500ml 0.8696919083595276 1177 637 1337 1204
wdm-wjxjy-800ml 0.8314622640609741 1655 638 1830 1179
wdm-zphy-510g 0.8152085542678833 1056 627 1205 1210
wdm-wjxjy-800ml 0.8686591386795044 1416 593 1601 1198
wdm-zphy-510g 0.844059944152832 924 579 1085 1220
wdm-qxmc-460ml 0.6810972690582275 765 530 945 1223
wdm-btlcjy-500ml 0.7651203870773315 383 516 613 1210
wdm-qxmc-460ml 0.7161645889282227 583 485 787 1202
wdm-btlcjy-500ml 0.8086668252944946 172 473 420 1208
wdm-spjbsc-500ml 0.6667089462280273 0 406 240 1187
