cbl-hdj-900g 0.8483331799507141 1116 1975 1316 2299
cbl-hdj-900g 0.8653210997581482 898 1924 1091 2275
cbl-hdj-900g 0.8577998876571655 717 1921 916 2246
cbl-hdj-900g 0.861311674118042 552 1911 736 2228
cbl-lhdj-900g 0.8777779936790466 361 1901 561 2200
cbl-lhdj-900g 0.9159104228019714 201 1874 388 2176
cbl-hdj-900g 0.8215844631195068 1478 1582 1674 1907
cbl-hdj-900g 0.8651318550109863 983 1533 1167 1835
cbl-hdj-900g 0.8782224059104919 824 1526 1001 1813
cbl-hdj-900g 0.833834171295166 672 1519 847 1806
cbl-lhdj-900g 0.917371928691864 518 1520 686 1783
cbl-lhdj-900g 0.927509069442749 371 1504 531 1775
cbl-lhdj-900g 0.8819572925567627 229 1495 386 1773
cbl-hdj-900g 0.8393071889877319 1343 1214 1519 1496
cbl-hdj-900g 0.8349789381027222 1177 1212 1349 1504
cbl-lhdj-900g 0.8885307312011719 557 1196 713 1444
