wdm-wjxjy-800ml 0.8279456496238708 536 1780 640 2084
wdm-wjxjy-800ml 0.8037569522857666 447 1776 552 2089
wdm-wjxjy-500ml 0.7836474776268005 1375 1232 1481 1565
wdm-wjxjy-500ml 0.8109418153762817 1464 1233 1575 1558
wdm-wjxjy-1L 0.9016527533531189 922 1219 1054 1592
wdm-wjxjy-1L 0.8622229099273682 811 1215 938 1594
wdm-wjxjy-800ml 0.7902175188064575 378 1211 517 1603
wdm-wjxjy-800ml 0.8050997853279114 596 1209 728 1606
wdm-wjxjy-800ml 0.8363484740257263 486 1208 623 1612
wdm-wjxjy-1L 0.9115350842475891 1037 1213 1165 1587
wdm-wjxjy-1L 0.9257935285568237 1148 1211 1281 1581
wdm-wjxjy-1L 0.8751873970031738 1270 1212 1395 1571
wdm-wjxjy-800ml 0.8338881731033325 706 1203 832 1589
cbl-hdj-900g 0.8574773073196411 285 831 440 1123
cbl-hdj-900g 0.8675910830497742 424 825 579 1126
wdm-btlcjy-500ml 0.8043569326400757 658 745 778 1112
wdm-cxhy-510g 0.7889939546585083 1429 700 1543 1087
cbl-lyxdbj-300g 0.7848720550537109 577 421 747 573
cbl-lyxdbj-300g 0.7816833853721619 384 275 583 443
cbl-lyxtmj-300g 0.8147087097167969 1063 271 1250 435
cbl-lyxdbj-300g 0.8680078387260437 207 271 407 446
cbl-lyxtmj-300g 0.8065720200538635 1230 267 1420 433
