lyx-tjyzjy-500ml 0.4681389629840851 932 1123 995 1293
wdm-cxhy-510g 0.5079026222229004 1162 836 1237 1079
wdm-zphy-510g 0.48018133640289307 1292 836 1369 1074
wdm-zphy-510g 0.6409336924552917 1221 834 1301 1081
wdm-cxhy-510g 0.5011132955551147 755 821 818 1068
wdm-wjxjy-500ml 0.7342633008956909 807 805 886 1073
lyx-tjyzjy-500ml 0.5369123220443726 1248 398 1338 628
lyx-tjyzjy-500ml 0.5531885027885437 1090 392 1167 625
lyx-tjyzjy-500ml 0.5381032228469849 1162 389 1243 627
lyx-tjyzjy-500ml 0.534152626991272 1017 385 1097 625
lyx-tjyzjy-500ml 0.48221355676651 935 376 1018 609
