cbl-hdj-900g 0.7973227500915527 498 1138 609 1341
cbl-hdj-900g 0.7870221138000488 397 1127 511 1330
cbl-lyxtmj-300g 0.7338747382164001 371 947 516 1075
cbl-lyxdbj-300g 0.6951368451118469 268 947 394 1062
cbl-lyxdbj-800g 0.7065482139587402 125 912 282 1054
cbl-lyxdbj-300g 0.7742478251457214 266 854 396 972
cbl-lyxdbj-800g 0.7510464191436768 118 810 288 946
wdm-btlcjy-500ml 0.6833609342575073 925 69 1031 426
lyx-tjyzjy-500ml 0.7398139834403992 1302 44 1415 439
wdm-wjxjy-1.3L 0.7326375842094421 357 56 509 417
wdm-wjxjy-1.3L 0.7448252439498901 487 46 636 420
wdm-wjxjy-500ml 0.7317277193069458 821 23 938 421
wdm-wjxjy-800ml 0.8011853694915771 614 20 735 414
wdm-wjxjy-800ml 0.7159082293510437 716 21 832 417
