wdm-wjxjy-1.8L 0.68662029504776 659 1003 811 1333
wdm-wjxjy-1.8L 0.6835776567459106 536 998 682 1318
wdm-wjxjy-1.3L 0.6594330072402954 418 991 558 1305
wdm-wjxjy-1.3L 0.6619415283203125 304 983 437 1289
wdm-wjxjy-1.3L 0.6603867411613464 81 965 217 1265
wdm-cxmc-1.3L 0.681398868560791 690 656 837 959
wdm-cxmc-1.3L 0.7826363444328308 818 657 960 970
wdm-cxmc-1.3L 0.6609498262405396 459 649 589 947
wdm-cxmc-1.3L 0.6814779043197632 579 645 715 953
wdm-wjxjy-1.8L 0.6724733114242554 73 611 245 924
wdm-wjxjy-1L 0.9327893853187561 599 303 696 585
wdm-wjxjy-1L 0.9305959939956665 514 293 607 581
wdm-wjxjy-1L 0.9275901317596436 339 296 437 569
wdm-wjxjy-1L 0.9269222021102905 429 289 517 573
