wdm-zphy-510g 0.780680775642395 564 558 646 847
wdm-zphy-510g 0.7856712937355042 639 559 717 844
wdm-zphy-510g 0.7898726463317871 712 553 794 850
wdm-zphy-510g 0.8041664361953735 485 550 571 848
wdm-zphy-510g 0.7691265344619751 406 546 494 848
wdm-cxhy-510g 0.7598330974578857 1332 532 1420 848
wdm-cxhy-510g 0.781383752822876 1263 521 1349 845
wdm-cxhy-510g 0.7920808792114258 1113 519 1201 845
wdm-zphy-510g 0.7377313375473022 1035 520 1122 842
wdm-cxhy-510g 0.801673412322998 1187 519 1277 845
wdm-zphy-510g 0.7660889029502869 959 510 1047 841
wdm-zphy-510g 0.7709202766418457 793 506 887 845
wdm-cxhy-510g 0.7269036769866943 877 498 972 844
