cbl-hdj-900g 0.840228796005249 1341 969 1487 1232
wdm-wjxjy-800ml 0.882806658744812 1234 875 1360 1230
wdm-wjxjy-800ml 0.8712754249572754 1123 871 1241 1237
wdm-wjxjy-800ml 0.8887318968772888 1018 861 1138 1237
wdm-wjxjy-800ml 0.8934035301208496 789 872 914 1233
wdm-wjxjy-800ml 0.8903549909591675 905 859 1027 1235
wdm-wjxjy-800ml 0.9149991273880005 676 863 807 1238
cbl-lyxdbj-300g 0.8481265902519226 802 405 983 563
cbl-lyxdbj-300g 0.8502703905105591 974 400 1156 557
cbl-lyxdbj-300g 0.752032995223999 632 373 825 556
