cbl-lyxtmj-300g 0.7837851643562317 1147 1991 1342 2184
cbl-lyxtmj-300g 0.8163886070251465 977 1975 1172 2146
cbl-hdj-900g 0.8469552993774414 1669 1888 1872 2280
cbl-hdj-900g 0.8750951290130615 1493 1867 1691 2262
cbl-lyxdbj-300g 0.7579402923583984 438 1888 587 2039
cbl-lyxtmj-300g 0.7832814455032349 1151 1857 1342 2042
cbl-lyxtmj-300g 0.8400086164474487 984 1836 1174 2017
wdm-wjxjy-500ml 0.7469562292098999 391 1196 483 1526
wdm-wjxjy-500ml 0.7553428411483765 317 1197 408 1523
wdm-spjbsc-500ml 0.7622988224029541 1174 1142 1304 1601
wdm-wjxjy-800ml 0.7842187881469727 213 679 323 1060
wdm-wjxjy-800ml 0.7816284894943237 295 664 405 1056
wdm-wjxjy-800ml 0.8357802629470825 444 627 557 1045
wdm-wjxjy-800ml 0.8765712976455688 526 599 662 1045
wdm-wjxjy-1L 0.9093006253242493 650 601 794 1031
wdm-wjxjy-1L 0.9372469186782837 761 588 905 1023
wdm-wjxjy-1L 0.8823933005332947 873 576 1026 1005
