wdm-wjxjy-500ml 0.6222498416900635 784 1648 872 1908
wdm-zphy-510g 0.6291370391845703 716 1635 797 1900
wdm-qxmc-460ml 0.5846569538116455 1471 962 1552 1242
lyx-tjjy-500ml 0.6965024471282959 847 967 937 1246
lyx-tjyzjy-500ml 0.758392870426178 927 964 1019 1248
wdm-qxmc-460ml 0.6264114379882812 1395 962 1476 1252
lyx-tjyzjy-500ml 0.673757791519165 1091 962 1182 1245
wdm-zplj-450ml 0.6160262227058411 1170 962 1256 1250
wdm-spjbsc-500ml 0.6669008731842041 1315 953 1402 1260
lyx-tjyzjy-500ml 0.7682629823684692 1006 962 1098 1245
wdm-spjbsc-500ml 0.6707062721252441 1244 959 1328 1256
lyx-tjyzjy-500ml 0.6150691509246826 1202 652 1283 902
wdm-cxhy-510g 0.6790002584457397 820 618 902 917
wdm-cxhy-510g 0.7152124643325806 889 614 972 917
lyx-tjyzjy-500ml 0.6203804612159729 1283 613 1376 907
