wdm-cxmc-1.3L 0.7374749183654785 551 1310 649 1507
wdm-cxmc-1.3L 0.7348911762237549 735 1303 835 1496
wdm-cxmc-1.3L 0.7181119918823242 823 1299 914 1498
wdm-cxmc-1.3L 0.7145558595657349 900 1294 991 1493
lyx-tjjy-1L 0.7904796004295349 317 1069 391 1290
lyx-tjjy-1L 0.7807110548019409 385 1064 459 1288
lyx-tjjy-1L 0.768070638179779 455 1062 528 1288
lyx-tjjy-1L 0.7699138522148132 525 1056 597 1285
lyx-tjyzjy-500ml 0.758568525314331 674 806 740 1017
lyx-tjyzjy-500ml 0.7520414590835571 303 804 370 1026
lyx-tjyzjy-500ml 0.7588967084884644 364 802 431 1024
lyx-tjyzjy-500ml 0.7826770544052124 493 803 559 1022
lyx-hsjy-500ml 0.7863812446594238 968 803 1036 1019
lyx-tjyzjy-500ml 0.7579652667045593 429 801 497 1022
lyx-hsjy-500ml 0.8087649345397949 848 799 916 1017
lyx-tjyzjy-500ml 0.7704789638519287 614 802 681 1019
lyx-tjyzjy-500ml 0.8104859590530396 551 802 621 1024
lyx-hsjy-500ml 0.8242251873016357 908 798 974 1019
wdm-cxhy-510g 0.75313401222229 724 541 791 770
lyx-tjjy-500ml 0.7426646947860718 972 543 1042 772
wdm-cxhy-510g 0.7410498857498169 621 543 686 764
lyx-tjjy-500ml 0.7970132827758789 912 538 984 773
wdm-cxhy-510g 0.7986144423484802 672 540 735 765
lyx-tjjy-500ml 0.8200672268867493 850 538 925 770
lyx-tjyzjy-500ml 0.7286825180053711 786 536 854 767
