wdm-qxmc-460ml 0.6825083494186401 73 863 205 1277
wdm-qxmc-460ml 0.6980829238891602 173 866 294 1265
wdm-qxmc-460ml 0.6343982219696045 272 866 387 1252
wdm-cxmc-1.3L 0.6385601758956909 602 845 765 1211
wdm-cxmc-1.3L 0.6206767559051514 471 839 616 1226
wdm-cxmc-1.3L 0.612341046333313 743 834 890 1211
wdm-qxmc-460ml 0.7080351114273071 46 330 175 781
wdm-cxmc-460ml 0.633287787437439 782 326 889 748
wdm-cxmc-460ml 0.6237640380859375 689 324 793 749
wdm-qxmc-460ml 0.6955156922340393 362 324 474 764
wdm-qxmc-460ml 0.6523772478103638 468 315 583 758
wdm-qxmc-460ml 0.7265088558197021 265 317 378 765
wdm-qxmc-460ml 0.762309730052948 152 319 274 774
wdm-cxmc-460ml 0.6708279848098755 581 318 696 755
