cbl-hdj-900g 0.8016544580459595 1311 1995 1488 2341
cbl-hdj-900g 0.7705173492431641 1155 1982 1331 2328
wdm-wjxjy-1.8L 0.749138593673706 907 1874 1112 2323
wdm-wjxjy-1.8L 0.743272066116333 424 1875 647 2319
wdm-cxhy-510g 0.769246518611908 1169 1291 1309 1777
wdm-qxmc-460ml 0.7782071828842163 1055 1287 1187 1765
wdm-qxmc-460ml 0.7886343002319336 937 1268 1071 1771
wdm-cxmc-1.3L 0.7516611218452454 1435 1252 1686 1799
wdm-wjxjy-800ml 0.8285969495773315 502 1217 681 1789
wdm-wjxjy-800ml 0.8526250720024109 347 1217 527 1784
wdm-wjxjy-800ml 0.8546015024185181 194 1212 383 1777
wdm-wjxjy-800ml 0.8155108690261841 51 1207 231 1775
wdm-wjxjy-500ml 0.7632376551628113 1554 578 1727 1109
wdm-wjxjy-500ml 0.7490677833557129 1394 565 1565 1113
wdm-wjxjy-1L 0.8828624486923218 278 540 480 1120
wdm-wjxjy-1L 0.9052859544754028 772 539 980 1111
wdm-wjxjy-1L 0.8468332290649414 435 539 629 1119
wdm-wjxjy-1L 0.8841977715492249 74 532 310 1131
wdm-wjxjy-1L 0.8728058934211731 591 527 800 1123
wdm-wjxjy-1L 0.9017500877380371 1170 525 1377 1129
wdm-wjxjy-1L 0.8853974342346191 999 526 1211 1131
