wdm-qxmc-460ml 0.7054733633995056 843 429 894 627
wdm-qxmc-460ml 0.7294292449951172 801 422 855 625
wdm-qxmc-460ml 0.701194703578949 757 422 811 624
lyx-tjjy-500ml 0.6994813680648804 574 412 635 621
lyx-hsjy-500ml 0.7382614612579346 522 404 584 619
lyx-tjjy-500ml 0.7913283109664917 461 396 529 618
lyx-tjjy-500ml 0.8516318202018738 398 389 466 618
lyx-tjjy-500ml 0.772794246673584 335 379 400 610
lyx-tjyzjy-500ml 0.836514949798584 267 376 339 608
lyx-tjyzjy-500ml 0.9051586985588074 193 366 267 600
lyx-tjyzjy-500ml 0.9126815795898438 110 358 186 600
lyx-tjyzjy-500ml 0.8621935248374939 34 342 110 593
wdm-wjxjy-1L 0.7885888814926147 747 191 808 397
wdm-wjxjy-1L 0.8937015533447266 692 180 760 389
wdm-wjxjy-1L 0.8942615985870361 631 164 707 376
wdm-wjxjy-800ml 0.72078937292099 517 130 587 360
