cbl-hdj-900g 0.7535609006881714 1027 1816 1146 2064
cbl-lyxdbj-800g 0.7679733037948608 814 1694 989 1889
wdm-spjbsc-500ml 0.7603623867034912 1208 1395 1312 1759
wdm-spjbsc-500ml 0.7545990347862244 1133 1374 1228 1728
wdm-spjbsc-500ml 0.764896035194397 1050 1354 1144 1694
wdm-spjbsc-500ml 0.7893359661102295 969 1330 1060 1668
wdm-spjbsc-500ml 0.7327739000320435 889 1314 980 1650
wdm-cxhy-510g 0.7315373420715332 1131 897 1233 1292
wdm-cxhy-510g 0.8185211420059204 1042 886 1145 1273
wdm-cxhy-510g 0.7920488715171814 960 873 1065 1259
wdm-cxhy-510g 0.724303126335144 824 852 916 1220
wdm-btlcjy-500ml 0.7713893055915833 480 841 570 1152
wdm-wjxjy-500ml 0.7687122821807861 1067 328 1194 787
wdm-wjxjy-500ml 0.8337708711624146 1176 310 1307 789
wdm-wjxjy-500ml 0.7749924659729004 968 318 1095 782
wdm-wjxjy-500ml 0.7921696901321411 1282 307 1409 791
wdm-wjxjy-800ml 0.8892228007316589 583 289 705 755
wdm-wjxjy-800ml 0.8435903787612915 489 310 617 758
wdm-wjxjy-800ml 0.8614234924316406 673 279 796 759
wdm-wjxjy-800ml 0.8262206315994263 763 274 890 767
