wdm-wjxjy-800ml 0.7034361958503723 1006 1039 1073 1247
wdm-wjxjy-500ml 0.743705153465271 948 1038 1015 1245
wdm-wjxjy-800ml 0.7543319463729858 1065 1038 1132 1246
wdm-wjxjy-800ml 0.850943922996521 1245 1034 1319 1251
wdm-wjxjy-800ml 0.8363586068153381 1184 1036 1252 1249
wdm-wjxjy-800ml 0.7975468635559082 1124 1038 1190 1249
wdm-wjxjy-500ml 0.714375376701355 890 822 952 1019
wdm-btlcjy-500ml 0.7488679885864258 995 817 1057 1021
wdm-wjxjy-500ml 0.7122337818145752 942 819 1003 1021
wdm-wjxjy-1L 0.7512953281402588 1096 811 1162 1019
wdm-wjxjy-1L 0.7767237424850464 1221 805 1292 1014
wdm-wjxjy-1L 0.9069878458976746 1159 805 1230 1019
wdm-cxhy-510g 0.7812899947166443 1299 579 1356 789
wdm-spjbsc-500ml 0.6754958033561707 909 578 967 789
wdm-spjbsc-500ml 0.7551514506340027 859 579 917 793
wdm-cxhy-510g 0.7851742506027222 1251 578 1307 791
wdm-spjbsc-500ml 0.7560698986053467 810 577 869 795
wdm-cxhy-510g 0.6681367754936218 1155 577 1212 788
wdm-cxmc-460ml 0.662986159324646 1103 572 1160 793
wdm-cxmc-460ml 0.6676777005195618 1006 572 1064 792
