wdm-wjxjy-1.8L 0.7242377996444702 992 1061 1155 1399
wdm-wjxjy-800ml 0.8574113249778748 1361 656 1502 1043
wdm-wjxjy-800ml 0.8690265417098999 1267 651 1401 1045
wdm-wjxjy-800ml 0.8414340019226074 1162 641 1290 1045
wdm-wjxjy-800ml 0.8290738463401794 1059 636 1185 1042
wdm-wjxjy-800ml 0.881924033164978 958 631 1084 1036
wdm-wjxjy-500ml 0.8214812278747559 627 164 734 551
wdm-wjxjy-1L 0.9357753396034241 1367 148 1544 595
wdm-wjxjy-1L 0.9241054058074951 1249 147 1413 586
wdm-wjxjy-500ml 0.8030439615249634 529 158 639 544
wdm-wjxjy-1L 0.9022365212440491 1134 135 1287 580
wdm-wjxjy-1L 0.9112697839736938 1016 130 1161 574
wdm-wjxjy-1L 0.9265182614326477 853 112 1013 568
