lyx-tjjy-1L 0.6606910228729248 144 952 230 1232
lyx-hsjy-500ml 0.7224876880645752 249 928 341 1220
lyx-tjjy-1L 0.7216013073921204 354 929 443 1212
lyx-hsjy-500ml 0.7094254493713379 343 513 449 836
wdm-zphy-510g 0.7879707217216492 791 504 881 821
wdm-zphy-510g 0.8226170539855957 706 507 794 821
wdm-zphy-510g 0.7863266468048096 625 505 712 816
wdm-zphy-510g 0.6712580919265747 543 503 633 822
lyx-hsjy-1L 0.7018764019012451 588 87 700 463
lyx-hsjy-1L 0.6893028020858765 696 87 815 458
lyx-hsjy-1L 0.7093002796173096 479 82 595 467
lyx-hsjy-1L 0.7197152376174927 361 72 487 460
