wdm-wjxjy-1L 0.8933584690093994 775 651 834 824
wdm-btlcjy-1L 0.7442918419837952 617 648 676 812
wdm-wjxjy-1L 0.91502845287323 723 647 781 819
wdm-wjxjy-1L 0.8767398595809937 670 647 726 815
wdm-btlcjy-1L 0.8313696384429932 560 645 617 815
wdm-btlcjy-1L 0.8154491186141968 509 643 567 813
lyx-hsjy-1L 0.7350150346755981 394 636 448 806
lyx-tjjy-500ml 0.7830101251602173 388 452 439 613
lyx-tjjy-500ml 0.7907426357269287 341 453 392 612
lyx-tjjy-500ml 0.7618549466133118 204 451 254 608
lyx-tjjy-500ml 0.8350828886032104 294 452 346 612
lyx-tjjy-500ml 0.835803210735321 249 451 299 610
wdm-wjxjy-500ml 0.8225512504577637 815 239 873 411
wdm-wjxjy-500ml 0.8370844721794128 769 243 824 409
lyx-tjyzjy-500ml 0.8202232122421265 223 240 273 410
wdm-wjxjy-500ml 0.8689639568328857 721 238 776 408
wdm-wjxjy-500ml 0.8305001854896545 675 237 727 406
lyx-tjyzjy-500ml 0.7603800296783447 318 237 369 408
lyx-tjyzjy-500ml 0.8367242813110352 269 237 322 410
