wdm-cxmc-1.3L 0.6629049777984619 464 980 541 1162
wdm-wjxjy-800ml 0.8346465826034546 277 971 347 1179
wdm-wjxjy-800ml 0.8014023303985596 339 968 406 1171
wdm-wjxjy-1.3L 0.6514305472373962 310 745 397 936
wdm-wjxjy-1.3L 0.6408268213272095 474 746 546 928
wdm-wjxjy-1.3L 0.6634997725486755 396 744 476 931
wdm-wjxjy-500ml 0.7291834354400635 313 526 369 710
lyx-hsjy-500ml 0.6868830919265747 481 526 538 708
wdm-wjxjy-500ml 0.6762465834617615 368 525 425 707
lyx-hsjy-500ml 0.7715093493461609 421 523 480 711
lyx-tjyzjy-500ml 0.7180479168891907 482 298 543 493
lyx-tjyzjy-500ml 0.7431138753890991 425 285 483 488
lyx-tjjy-500ml 0.8249526023864746 373 286 432 488
lyx-tjjy-500ml 0.7817507386207581 317 279 378 484
