cbl-lyxdbj-300g 0.8724956512451172 28 1682 265 1934
cbl-hdj-900g 0.7952938079833984 209 1603 408 1951
cbl-hdj-900g 0.8128314018249512 355 1560 549 1889
wdm-wjxjy-500ml 0.8103678226470947 1136 609 1249 977
wdm-wjxjy-500ml 0.7834987640380859 1222 603 1326 964
wdm-wjxjy-800ml 0.8694033622741699 568 563 738 1066
wdm-wjxjy-800ml 0.8711572885513306 699 558 851 1048
wdm-wjxjy-800ml 0.8242164254188538 929 561 1069 1006
wdm-wjxjy-800ml 0.8699466586112976 813 553 960 1022
wdm-cxhy-510g 0.732369065284729 1402 561 1524 924
