wdm-wjxjy-800ml 0.8515798449516296 184 853 345 1200
wdm-wjxjy-800ml 0.8853068947792053 318 826 458 1148
wdm-wjxjy-800ml 0.8489528298377991 434 807 556 1113
wdm-wjxjy-800ml 0.7529782056808472 541 785 651 1084
wdm-wjxjy-800ml 0.7472503185272217 739 763 831 1004
wdm-wjxjy-800ml 0.753468930721283 821 754 912 983
wdm-wjxjy-800ml 0.7858696579933167 896 731 981 957
wdm-wjxjy-800ml 0.7634069919586182 1030 683 1111 919
wdm-wjxjy-800ml 0.8032183051109314 1095 680 1168 902
wdm-wjxjy-800ml 0.8386046886444092 506 356 647 781
wdm-wjxjy-800ml 0.8647414445877075 665 358 789 746
wdm-wjxjy-800ml 0.9161407947540283 770 336 890 726
wdm-wjxjy-800ml 0.904000997543335 867 324 973 703
wdm-wjxjy-800ml 0.8837082386016846 943 314 1051 678
wdm-wjxjy-800ml 0.8382806181907654 1032 316 1150 665
wdm-wjxjy-800ml 0.8422996401786804 1122 311 1230 650
wdm-wjxjy-800ml 0.8157133460044861 1257 308 1343 595
cbl-hdj-900g 0.819347620010376 393 204 550 454
wdm-wjxjy-800ml 0.8696005344390869 205 312 391 839
