wdm-wjxjy-500ml 0.7894792556762695 1336 708 1498 1184
wdm-wjxjy-500ml 0.8159236907958984 1199 705 1352 1167
wdm-wjxjy-500ml 0.8366290926933289 1084 704 1226 1155
wdm-wjxjy-500ml 0.7736151218414307 964 700 1100 1146
wdm-wjxjy-800ml 0.707105278968811 834 685 982 1142
wdm-wjxjy-800ml 0.8547070026397705 701 644 850 1131
wdm-wjxjy-800ml 0.918248176574707 566 600 720 1135
wdm-wjxjy-800ml 0.8751771450042725 438 597 584 1115
wdm-wjxjy-800ml 0.8624253273010254 308 580 459 1110
wdm-wjxjy-800ml 0.862325131893158 166 557 324 1095
cbl-hdj-900g 0.7642972469329834 944 265 1143 591
cbl-hdj-900g 0.7661586999893188 785 256 978 585
cbl-hdj-900g 0.731472373008728 610 249 795 572
