lyx-tjjy-1L 0.6449509859085083 524 1395 599 1623
lyx-tjjy-1L 0.7503646612167358 455 1394 531 1617
lyx-tjjy-1L 0.7693438529968262 257 1392 331 1611
lyx-tjjy-1L 0.7732573747634888 363 1389 442 1614
lyx-tjjy-1L 0.6746201515197754 186 1385 264 1612
wdm-spjbsc-500ml 0.661215603351593 558 1122 648 1351
lyx-tjjy-1L 0.7107812762260437 257 1113 331 1335
lyx-tjjy-1L 0.6740196943283081 322 1107 390 1321
lyx-tjyzjy-500ml 0.6962580680847168 397 849 456 1049
lyx-tjyzjy-500ml 0.7830790281295776 337 846 395 1046
lyx-tjyzjy-500ml 0.7288509607315063 277 841 339 1047
wdm-spjbsc-500ml 0.6749272346496582 501 595 563 801
lyx-tjyzjy-500ml 0.6756276488304138 220 590 286 799
lyx-tjyzjy-500ml 0.8114566206932068 328 591 395 802
lyx-tjyzjy-500ml 0.8030862808227539 274 593 337 799
lyx-tjyzjy-500ml 0.6417474746704102 473 405 520 553
lyx-tjjy-500ml 0.698088526725769 430 402 478 552
lyx-tjjy-500ml 0.6796760559082031 382 403 431 551
lyx-tjyzjy-500ml 0.6302290558815002 512 400 561 550
