wdm-wjxjy-800ml 0.8531205654144287 531 824 649 1174
wdm-wjxjy-800ml 0.8035928010940552 425 836 546 1170
wdm-wjxjy-800ml 0.81964510679245 633 829 749 1165
wdm-wjxjy-800ml 0.8461126685142517 304 822 448 1169
wdm-wjxjy-800ml 0.8583067655563354 735 826 851 1148
wdm-wjxjy-800ml 0.8677515983581543 833 819 953 1145
wdm-wjxjy-800ml 0.8441768884658813 922 817 1050 1137
wdm-wjxjy-800ml 0.8702112436294556 1017 817 1148 1135
wdm-wjxjy-800ml 0.8964695930480957 1110 815 1245 1130
wdm-wjxjy-800ml 0.877109706401825 1280 799 1433 1117
