wdm-wjxjy-800ml 0.7864397764205933 1105 2039 1253 2384
wdm-wjxjy-800ml 0.8690340518951416 1002 2016 1147 2355
wdm-wjxjy-800ml 0.8240891695022583 887 1992 1037 2306
wdm-wjxjy-800ml 0.828469455242157 786 1966 929 2273
wdm-wjxjy-1L 0.8232438564300537 1471 1736 1646 2088
wdm-wjxjy-1L 0.8222572803497314 1318 1685 1473 2051
cbl-lyxtmj-300g 0.8257218599319458 1300 905 1531 1105
cbl-lyxdbj-300g 0.8242479562759399 196 842 398 1018
cbl-lyxdbj-300g 0.8138852119445801 338 830 532 1010
cbl-lyxdbj-300g 0.8018945455551147 465 771 711 981
cbl-lyxtmj-300g 0.811255693435669 855 765 1082 973
cbl-lyxtmj-300g 0.8146220445632935 1047 747 1290 958
cbl-hdj-900g 0.8536977767944336 349 178 564 534
cbl-hdj-900g 0.8350348472595215 666 95 928 520
cbl-hdj-900g 0.8614886999130249 1012 88 1247 447
cbl-hdj-900g 0.8098533749580383 1205 25 1429 435
