wdm-wjxjy-800ml 0.8379379510879517 1193 1021 1293 1308
wdm-wjxjy-800ml 0.7639093399047852 1117 1009 1215 1290
wdm-wjxjy-1.3L 0.7305841445922852 757 996 864 1241
wdm-wjxjy-1L 0.8643108606338501 684 992 773 1234
wdm-wjxjy-1L 0.8589482307434082 621 989 709 1230
wdm-wjxjy-1L 0.7999882102012634 562 983 647 1221
wdm-wjxjy-1L 0.8570802211761475 786 596 883 875
wdm-wjxjy-1L 0.8963086605072021 859 593 949 875
wdm-wjxjy-500ml 0.7288012504577637 477 590 567 860
wdm-wjxjy-1L 0.928068995475769 1194 577 1299 897
wdm-wjxjy-1L 0.9312147498130798 1111 581 1211 888
wdm-wjxjy-1L 0.9207329750061035 930 583 1032 885
wdm-wjxjy-1L 0.9293367862701416 1022 580 1124 885
wdm-spjbsc-500ml 0.7953597903251648 766 129 878 433
wdm-btlcjy-1L 0.7250335216522217 1053 33 1182 397
wdm-btlcjy-1L 0.8429363965988159 1147 19 1270 398
