cbl-lyxdbj-300g 0.9034234285354614 676 339 812 462
cbl-lyxdbj-300g 0.8798375129699707 258 326 451 485
cbl-lyxdbj-300g 0.8506187796592712 546 334 706 464
cbl-lyxdbj-300g 0.8338324427604675 418 330 581 471
cbl-lyxdbj-300g 0.8833572268486023 533 224 677 342
cbl-lyxdbj-300g 0.9018998146057129 650 228 774 343
cbl-lyxdbj-300g 0.9131600856781006 405 208 552 341
cbl-lyxdbj-300g 0.8574062585830688 255 198 414 339
cbl-lyxdbj-300g 0.8910846710205078 516 121 648 233
cbl-lyxdbj-300g 0.8761650919914246 378 101 528 222
