wdm-wjxjy-800ml 0.9036389589309692 978 676 1101 1039
cbl-lyxdbj-300g 0.8922706842422485 883 469 1058 608
cbl-lyxdbj-300g 0.7750025987625122 1035 462 1183 598
cbl-lyxdbj-300g 0.8493533134460449 1034 361 1180 485
cbl-lyxdbj-300g 0.8813368082046509 889 359 1057 490
cbl-lyxdbj-300g 0.8390299677848816 1160 355 1300 481
cbl-hdj-900g 0.9010103344917297 1343 321 1472 572
wdm-wjxjy-800ml 0.8455168008804321 697 229 815 625
wdm-wjxjy-800ml 0.8048047423362732 591 220 713 638
wdm-wjxjy-800ml 0.9381150007247925 155 137 345 683
wdm-wjxjy-800ml 0.9145560264587402 0 129 205 700
wdm-wjxjy-800ml 0.9186782836914062 454 149 610 653
wdm-wjxjy-800ml 0.9334158897399902 307 143 482 668
