wdm-wjxjy-1.8L 0.6470677852630615 560 1080 703 1360
wdm-wjxjy-1.8L 0.6814000606536865 674 1076 821 1357
wdm-wjxjy-1.3L 0.7152784466743469 699 759 820 1048
wdm-wjxjy-1.3L 0.6817825436592102 601 764 717 1050
wdm-btlcjy-1L 0.7042699456214905 560 404 664 715
wdm-wjxjy-800ml 0.8170862197875977 784 389 873 704
wdm-wjxjy-800ml 0.8229383230209351 654 387 755 707
wdm-wjxjy-500ml 0.6677761077880859 528 48 617 338
wdm-btlcjy-500ml 0.7633244395256042 691 47 778 340
wdm-wjxjy-500ml 0.6895272135734558 605 39 690 338
wdm-btlcjy-500ml 0.7691935300827026 770 42 857 325
