wdm-wjxjy-500ml 0.7594122886657715 690 175 762 408
wdm-spjbsc-500ml 0.7954678535461426 756 170 832 403
wdm-wjxjy-500ml 0.8586146831512451 623 167 699 406
wdm-spjbsc-500ml 0.8362195491790771 823 158 902 406
wdm-spjbsc-500ml 0.7843197584152222 895 151 975 407
wdm-wjxjy-1.3L 0.7508447170257568 283 149 402 410
wdm-wjxjy-1.8L 0.7490460872650146 175 136 298 409
wdm-wjxjy-800ml 0.7893198728561401 544 131 628 401
wdm-wjxjy-800ml 0.8235734701156616 387 128 477 404
wdm-wjxjy-800ml 0.8708776831626892 462 126 550 404
