cbl-hdj-900g 0.8236968517303467 612 883 776 1180
cbl-hdj-900g 0.8125351667404175 738 859 875 1135
cbl-hdj-900g 0.8167378902435303 849 826 977 1081
cbl-hdj-900g 0.8257042765617371 946 798 1061 1032
cbl-lyxdbj-800g 0.7721371650695801 660 476 898 690
cbl-lyxdbj-500g 0.7275487780570984 1013 488 1149 622
cbl-lyxdbj-800g 0.7778914570808411 856 480 1046 648
cbl-lyxdbj-800g 0.7609245181083679 1125 480 1225 602
cbl-lyxtmj-300g 0.7577989101409912 1201 374 1301 487
cbl-lyxdbj-800g 0.7577016353607178 657 316 901 521
cbl-lyxdbj-300g 0.7806719541549683 914 251 1030 350
