cbl-lyxdbj-300g 0.8934339284896851 518 844 688 977
cbl-lyxdbj-300g 0.8925600647926331 353 834 538 988
cbl-lyxdbj-300g 0.9146848917007446 519 716 693 864
cbl-lyxdbj-300g 0.8751816153526306 346 702 548 871
wdm-wjxjy-800ml 0.8096110224723816 1080 662 1170 948
wdm-wjxjy-800ml 0.7779293060302734 1015 660 1102 952
wdm-wjxjy-800ml 0.7991570234298706 982 267 1098 624
wdm-wjxjy-800ml 0.8494554758071899 849 238 976 618
wdm-wjxjy-800ml 0.9169391989707947 746 216 869 613
wdm-wjxjy-800ml 0.8984911441802979 645 190 769 597
wdm-wjxjy-800ml 0.9176180362701416 521 156 666 592
wdm-wjxjy-800ml 0.8844878673553467 380 136 545 589
