cbl-lyxdbj-300g 0.9134849905967712 991 669 1237 894
cbl-lyxdbj-300g 0.9110807180404663 791 662 1021 870
cbl-lyxtmj-300g 0.8163086175918579 435 657 640 848
cbl-lyxdbj-800g 0.8133279085159302 1526 599 1889 968
cbl-lyxtmj-300g 0.8389124870300293 387 521 600 720
cbl-lyxdbj-300g 0.8891807794570923 561 504 819 735
cbl-lyxtmj-300g 0.8725821375846863 246 510 438 704
cbl-lyxtmj-300g 0.8651540279388428 91 509 299 701
cbl-lyxdbj-300g 0.8664458990097046 811 447 1043 661
cbl-lyxdbj-300g 0.9156697988510132 1016 447 1269 662
