wdm-wjxjy-800ml 0.8024535775184631 867 1541 982 1917
wdm-wjxjy-800ml 0.8602706789970398 768 1537 880 1915
wdm-wjxjy-800ml 0.8618667721748352 671 1540 783 1909
wdm-wjxjy-800ml 0.8534178137779236 568 1530 681 1905
wdm-wjxjy-800ml 0.8579193353652954 1269 1089 1391 1477
wdm-zphy-510g 0.7879460453987122 1163 693 1260 1055
wdm-cxhy-510g 0.7851497530937195 904 684 1007 1059
wdm-btlcjy-500ml 0.8311218023300171 448 681 559 1057
wdm-qxmc-460ml 0.8046904802322388 728 666 828 1058
wdm-wjxjy-800ml 0.7853045463562012 1453 601 1590 1067
wdm-wjxjy-800ml 0.8993443846702576 413 112 547 578
wdm-wjxjy-800ml 0.9154903292655945 639 103 775 580
wdm-wjxjy-800ml 0.8725945949554443 298 106 437 579
wdm-wjxjy-800ml 0.9166229367256165 522 108 657 577
wdm-wjxjy-800ml 0.9048740863800049 752 106 887 580
wdm-wjxjy-800ml 0.9249392747879028 868 95 1007 581
wdm-wjxjy-800ml 0.8837746381759644 1103 94 1238 575
wdm-wjxjy-800ml 0.9183033108711243 983 90 1121 577
wdm-wjxjy-800ml 0.8899402618408203 1219 90 1355 570
wdm-wjxjy-800ml 0.9100764393806458 1342 88 1479 569
wdm-wjxjy-800ml 0.9233669638633728 1454 92 1588 566
