cbl-lyxdbj-300g 0.7471890449523926 945 2044 1092 2177
cbl-hdj-900g 0.8105850219726562 1324 1981 1458 2262
cbl-lyxtmj-300g 0.7806543111801147 562 1961 722 2113
cbl-lyxtmj-300g 0.742077112197876 434 1843 583 1983
wdm-spjbsc-500ml 0.7479991912841797 1372 1582 1480 1902
wdm-spjbsc-500ml 0.7153488397598267 1200 1562 1301 1885
wdm-spjbsc-500ml 0.7706735134124756 1283 1566 1384 1893
wdm-cxhy-510g 0.7701396942138672 799 1521 888 1832
wdm-wjxjy-1L 0.9097342491149902 1400 1148 1530 1529
wdm-wjxjy-1L 0.9265343546867371 1295 1139 1422 1524
wdm-wjxjy-1L 0.8838790655136108 1188 1136 1307 1515
wdm-wjxjy-800ml 0.8054372072219849 1086 1120 1201 1495
wdm-btlcjy-1L 0.7835384011268616 797 1126 907 1474
wdm-wjxjy-800ml 0.7787957191467285 988 1114 1098 1482
wdm-btlcjy-1L 0.8437674045562744 694 1119 804 1468
wdm-wjxjy-500ml 0.790503203868866 526 1125 617 1442
wdm-btlcjy-1L 0.7337914705276489 607 1114 708 1451
wdm-wjxjy-500ml 0.7854099273681641 819 224 922 573
wdm-wjxjy-500ml 0.775609016418457 730 227 833 572
wdm-wjxjy-500ml 0.7411978840827942 641 219 746 576
wdm-wjxjy-800ml 0.730170726776123 337 190 452 578
wdm-wjxjy-800ml 0.7266381978988647 433 180 549 574
