wdm-wjxjy-1L 0.749722957611084 1477 559 1526 708
cbl-lyxdbj-300g 0.7245255708694458 800 446 867 505
cbl-lyxtmj-300g 0.6896365880966187 332 439 412 506
cbl-lyxdbj-300g 0.7734215259552002 680 435 760 503
cbl-lyxdbj-300g 0.7362707853317261 611 433 693 504
cbl-lyxdbj-300g 0.7271409034729004 460 429 548 503
wdm-wjxjy-500ml 0.7616094350814819 989 374 1035 529
wdm-wjxjy-500ml 0.7724308371543884 1030 376 1073 532
wdm-wjxjy-500ml 0.7626124024391174 1064 375 1108 530
wdm-wjxjy-500ml 0.7043501138687134 1475 362 1520 531
wdm-wjxjy-500ml 0.7471606135368347 1128 364 1177 526
cbl-lyxtmj-300g 0.6970933675765991 332 388 408 451
cbl-lyxtmj-300g 0.7423297762870789 264 386 342 452
wdm-wjxjy-500ml 0.7121130228042603 1373 354 1423 528
wdm-wjxjy-500ml 0.7306263446807861 1306 354 1357 528
wdm-wjxjy-500ml 0.7025114297866821 1262 352 1315 531
cbl-lyxdbj-300g 0.7501406669616699 681 381 758 448
cbl-lyxdbj-300g 0.7335432767868042 609 377 693 446
cbl-lyxdbj-300g 0.7312319278717041 798 359 865 422
cbl-lyxdbj-300g 0.6908664107322693 742 361 812 423
