wdm-wjxjy-1L 0.9051699042320251 862 1072 933 1296
wdm-wjxjy-1L 0.9119628071784973 922 1066 1002 1292
lyx-tjjy-500ml 0.8621845245361328 130 835 209 1091
lyx-tjjy-500ml 0.896027684211731 207 833 286 1087
lyx-tjjy-500ml 0.8753352761268616 285 831 364 1082
lyx-tjjy-500ml 0.8778263330459595 362 830 441 1075
lyx-tjjy-500ml 0.8548175096511841 436 825 512 1066
lyx-tjyzjy-500ml 0.8360166549682617 767 814 833 1040
lyx-tjyzjy-500ml 0.8623833060264587 828 814 893 1037
lyx-tjyzjy-500ml 0.8366531133651733 886 812 954 1033
cbl-lyxdbj-300g 0.8144528865814209 207 334 332 440
cbl-lyxtmj-300g 0.8321815133094788 963 324 1057 416
cbl-lyxtmj-300g 0.8275180459022522 880 316 975 408
cbl-hdj-900g 0.9047612547874451 612 275 709 457
cbl-hdj-900g 0.9144982099533081 526 270 625 452
cbl-hdj-900g 0.8823869824409485 436 256 543 444
cbl-lyxdbj-300g 0.8847498297691345 206 240 330 350
cbl-lyxdbj-300g 0.8698351383209229 89 229 214 343
