wdm-wjxjy-1L 0.8675498962402344 934 1610 1051 1962
wdm-wjxjy-1L 0.8852958679199219 1034 1603 1149 1951
wdm-wjxjy-1L 0.8777363300323486 1138 1605 1251 1947
wdm-wjxjy-1L 0.9046878814697266 1239 1602 1350 1934
wdm-wjxjy-800ml 0.838175892829895 1337 1589 1454 1921
wdm-wjxjy-800ml 0.8414268493652344 1443 1583 1560 1905
wdm-wjxjy-800ml 0.7998197078704834 831 1208 954 1568
wdm-wjxjy-800ml 0.8589257001876831 942 1204 1069 1562
wdm-wjxjy-800ml 0.8686647415161133 1058 1204 1181 1555
wdm-wjxjy-800ml 0.9013687372207642 1170 1190 1292 1555
wdm-wjxjy-800ml 0.8945427536964417 1281 1186 1394 1552
wdm-wjxjy-800ml 0.9058941006660461 1379 1181 1493 1553
wdm-wjxjy-800ml 0.8910300135612488 1477 1180 1587 1544
wdm-wjxjy-800ml 0.8673384189605713 1572 1174 1681 1539
wdm-btlcjy-500ml 0.77042555809021 735 801 846 1171
wdm-wjxjy-500ml 0.7972958087921143 1612 806 1718 1145
wdm-wjxjy-500ml 0.8119642734527588 1524 807 1624 1150
wdm-wjxjy-500ml 0.7826677560806274 1649 440 1738 732
wdm-wjxjy-500ml 0.8036003112792969 1576 438 1663 738
wdm-wjxjy-500ml 0.7681613564491272 1499 430 1587 734
wdm-wjxjy-500ml 0.7822648286819458 1269 426 1356 729
wdm-wjxjy-500ml 0.7818856239318848 1346 424 1434 731
wdm-cxhy-510g 0.8012034296989441 645 318 750 715
wdm-cxhy-510g 0.7783476114273071 551 317 654 713
