wdm-spjbsc-500ml 0.7680596709251404 788 815 878 1118
wdm-cxhy-510g 0.7523471117019653 977 794 1053 1064
wdm-wjxjy-1L 0.8647598028182983 1147 757 1226 1021
wdm-wjxjy-1L 0.8191037178039551 1206 750 1281 1005
wdm-wjxjy-1L 0.8564003109931946 1262 742 1342 994
wdm-wjxjy-500ml 0.7781099677085876 595 498 693 797
wdm-wjxjy-500ml 0.7612941861152649 682 494 771 790
wdm-wjxjy-500ml 0.7395666837692261 756 494 837 776
wdm-wjxjy-500ml 0.7469476461410522 901 499 978 761
wdm-wjxjy-500ml 0.8015426397323608 826 497 910 771
wdm-btlcjy-500ml 0.7440019249916077 1024 487 1096 744
wdm-wjxjy-1L 0.7708429098129272 1173 465 1249 725
wdm-wjxjy-1L 0.8671474456787109 1233 464 1306 721
wdm-wjxjy-1.3L 0.7398056983947754 1204 177 1293 437
wdm-wjxjy-800ml 0.757025957107544 986 105 1075 426
wdm-wjxjy-800ml 0.8671156167984009 909 89 1003 420
wdm-wjxjy-800ml 0.860749363899231 831 77 924 413
wdm-wjxjy-800ml 0.9068303108215332 757 58 853 412
wdm-wjxjy-800ml 0.906786322593689 665 34 770 416
wdm-wjxjy-800ml 0.8379082679748535 559 17 674 413
