cbl-lyxtmj-300g 0.7560228109359741 1581 1651 1777 1817
cbl-lyxtmj-300g 0.7816040515899658 1413 1640 1607 1810
cbl-lyxdbj-300g 0.8376593589782715 1227 1619 1413 1793
cbl-lyxdbj-300g 0.8527222871780396 1062 1615 1243 1787
cbl-lyxtmj-300g 0.79591965675354 1589 1530 1795 1698
cbl-lyxtmj-300g 0.7843024730682373 1437 1528 1631 1695
wdm-btlcjy-500ml 0.779790461063385 1402 595 1560 1065
wdm-btlcjy-500ml 0.7917230129241943 1270 586 1425 1052
wdm-wjxjy-800ml 0.7317949533462524 1522 536 1686 1062
wdm-wjxjy-800ml 0.8301423788070679 1649 519 1831 1077
wdm-qxmc-460ml 0.7036258578300476 469 481 599 1014
wdm-qxmc-460ml 0.7250133752822876 224 476 366 1004
wdm-qxmc-460ml 0.7479243278503418 348 475 484 1002
