wdm-wjxjy-1.3L 0.7156761884689331 1466 1673 1702 2232
wdm-wjxjy-1.3L 0.701973557472229 1260 1651 1480 2195
wdm-wjxjy-1.3L 0.6933794021606445 1050 1620 1275 2193
wdm-wjxjy-1.3L 0.7134547829627991 856 1607 1061 2172
wdm-wjxjy-1.3L 0.7535005807876587 650 1603 855 2150
wdm-wjxjy-1.3L 0.740702748298645 456 1585 651 2118
wdm-wjxjy-1.3L 0.6856762170791626 258 1568 460 2106
wdm-wjxjy-1.8L 0.7078220248222351 1396 1095 1631 1609
wdm-wjxjy-1.3L 0.6886864900588989 1200 1082 1424 1600
wdm-wjxjy-1.3L 0.7469621300697327 1012 1075 1233 1591
wdm-wjxjy-1.3L 0.7146399617195129 826 1066 1042 1578
wdm-wjxjy-1.3L 0.7035207152366638 640 1062 852 1563
wdm-wjxjy-1.8L 0.6861684918403625 449 1044 667 1556
