wdm-wjxjy-800ml 0.793114423751831 482 1106 576 1415
wdm-wjxjy-500ml 0.7577908039093018 993 807 1056 978
wdm-wjxjy-800ml 0.7761940360069275 760 801 829 979
wdm-wjxjy-800ml 0.7904749512672424 703 800 772 979
wdm-wjxjy-500ml 0.7817506194114685 428 592 487 779
wdm-btlcjy-500ml 0.7666069269180298 319 588 382 781
wdm-wjxjy-500ml 0.8199451565742493 479 589 539 778
wdm-wjxjy-500ml 0.7869479656219482 533 586 592 775
wdm-wjxjy-1L 0.8195823431015015 583 580 647 775
wdm-wjxjy-1L 0.834205150604248 762 579 826 777
wdm-wjxjy-1L 0.8837397694587708 702 578 768 779
wdm-wjxjy-1L 0.8809635639190674 640 578 707 777
wdm-wjxjy-500ml 0.759506344795227 873 573 935 782
cbl-lyxtmj-300g 0.780916690826416 686 490 775 565
cbl-lyxtmj-300g 0.8226464986801147 678 425 768 505
cbl-hdj-900g 0.7906442880630493 997 401 1071 567
cbl-lyxdbj-300g 0.7706472277641296 537 361 629 436
lyx-hsjy-500ml 0.7869606018066406 965 105 1027 334
lyx-hsjy-500ml 0.7498887777328491 791 105 854 329
lyx-hsjy-500ml 0.8009878396987915 850 106 912 330
lyx-hsjy-500ml 0.8122298717498779 910 105 971 331
wdm-cxhy-510g 0.7549434900283813 342 54 407 308
