wdm-wjxjy-800ml 0.7863665819168091 679 1946 864 2383
wdm-wjxjy-1.8L 0.7568472623825073 848 1917 1081 2378
wdm-wjxjy-800ml 0.8393768668174744 525 1936 703 2386
wdm-wjxjy-800ml 0.8105998635292053 368 1920 543 2374
wdm-wjxjy-1.8L 0.7535881996154785 1089 1899 1333 2390
wdm-qxmc-460ml 0.748802900314331 55 1392 188 1868
wdm-cxhy-510g 0.7860091328620911 785 1391 913 1848
wdm-qxmc-460ml 0.7796609401702881 172 1373 312 1865
wdm-cxhy-510g 0.7862414121627808 657 1373 790 1853
wdm-wjxjy-800ml 0.8911759853363037 1399 1381 1560 1842
wdm-wjxjy-800ml 0.7516290545463562 1134 1373 1280 1840
wdm-wjxjy-800ml 0.893743097782135 1264 1380 1416 1848
wdm-wjxjy-800ml 0.8853219747543335 1537 1377 1686 1840
wdm-wjxjy-800ml 0.8414443731307983 1673 1362 1832 1848
cbl-lyxdbj-300g 0.8696845769882202 255 1125 477 1297
cbl-hdj-900g 0.891019344329834 706 966 888 1303
cbl-hdj-900g 0.8321011662483215 539 959 724 1298
