wdm-wjxjy-500ml 0.7834004759788513 1547 1003 1599 1184
wdm-wjxjy-500ml 0.7755522131919861 1505 998 1558 1184
wdm-wjxjy-500ml 0.7605461478233337 1455 993 1516 1184
wdm-wjxjy-500ml 0.784981369972229 1008 967 1074 1202
wdm-wjxjy-500ml 0.7532107830047607 1064 968 1130 1198
cbl-lyxdbj-300g 0.8557024598121643 674 836 766 913
cbl-lyxdbj-300g 0.7660857439041138 829 833 921 912
cbl-lyxdbj-300g 0.8109302520751953 672 773 764 849
wdm-zphy-510g 0.7537577748298645 1228 715 1280 910
wdm-zphy-510g 0.7648243308067322 1274 713 1330 911
wdm-zphy-510g 0.7826789617538452 1188 713 1238 908
wdm-wjxjy-1L 0.7946867346763611 1412 701 1478 908
wdm-wjxjy-1L 0.8269176483154297 1469 699 1532 909
wdm-wjxjy-1L 0.7893626689910889 1528 696 1591 909
wdm-wjxjy-1L 0.9035719633102417 972 688 1043 917
wdm-wjxjy-1L 0.8803293704986572 898 688 976 898
wdm-wjxjy-1L 0.7951253056526184 1569 458 1631 661
wdm-wjxjy-1L 0.8662818074226379 1424 454 1485 661
wdm-wjxjy-1L 0.8478119969367981 1486 454 1545 664
wdm-wjxjy-800ml 0.7578766942024231 1097 427 1168 653
wdm-wjxjy-500ml 0.8034345507621765 969 420 1037 648
wdm-wjxjy-500ml 0.8095503449440002 914 416 981 645
wdm-wjxjy-800ml 0.7833833694458008 853 415 926 641
