wdm-wjxjy-1L 0.7566250562667847 816 953 910 1174
wdm-wjxjy-1.8L 0.6646638512611389 698 883 813 1102
wdm-wjxjy-800ml 0.8096323609352112 1088 617 1206 1006
wdm-wjxjy-800ml 0.8485988974571228 1003 600 1109 971
wdm-wjxjy-800ml 0.8863141536712646 869 559 964 903
wdm-wjxjy-800ml 0.82838374376297 799 547 888 872
wdm-wjxjy-1L 0.9041071534156799 640 507 733 796
wdm-wjxjy-800ml 0.8364863991737366 937 575 1032 932
wdm-wjxjy-1L 0.9089623689651489 547 482 638 761
cbl-hdj-900g 0.7697016596794128 1594 254 1864 642
