cbl-hdj-900g 0.7720139026641846 513 1936 729 2220
cbl-hdj-900g 0.7929645776748657 725 1928 934 2205
cbl-hdj-900g 0.780282735824585 1149 1910 1376 2191
cbl-hdj-900g 0.9320565462112427 476 1352 707 1798
cbl-hdj-900g 0.8850529193878174 1101 1359 1357 1783
cbl-hdj-900g 0.910248875617981 697 1339 930 1782
cbl-hdj-900g 0.9053184986114502 879 1338 1128 1779
cbl-hdj-900g 0.8890442848205566 1295 1349 1550 1773
cbl-hdj-900g 0.8686098456382751 1472 1353 1734 1755
cbl-hdj-900g 0.9047574996948242 1366 856 1596 1253
cbl-hdj-900g 0.8641670346260071 1182 849 1401 1245
cbl-hdj-900g 0.8662492036819458 831 838 1048 1244
