wdm-wjxjy-800ml 0.8040138483047485 1190 1067 1268 1276
wdm-wjxjy-800ml 0.8258150815963745 1133 1048 1205 1253
wdm-wjxjy-800ml 0.804697573184967 1082 1032 1151 1233
wdm-wjxjy-800ml 0.7292085886001587 1026 1006 1093 1210
wdm-wjxjy-1L 0.9156736731529236 978 739 1055 960
wdm-wjxjy-1L 0.8478549122810364 893 715 963 926
wdm-wjxjy-1L 0.8446797132492065 832 702 901 910
wdm-wjxjy-1L 0.8125488758087158 772 693 842 892
wdm-wjxjy-800ml 0.8015760183334351 625 672 684 852
wdm-wjxjy-800ml 0.8618670701980591 671 680 739 869
wdm-wjxjy-800ml 0.7566141486167908 580 668 639 843
wdm-cxhy-510g 0.7641103863716125 718 441 772 657
wdm-cxhy-510g 0.7203521132469177 681 443 730 647
wdm-cxhy-510g 0.7331201434135437 642 443 695 642
wdm-btlcjy-500ml 0.7421990633010864 667 180 726 401
wdm-wjxjy-500ml 0.7885715961456299 544 184 601 391
wdm-spjbsc-500ml 0.7388600707054138 753 169 814 409
wdm-spjbsc-500ml 0.7509792447090149 806 162 872 410
