wdm-wjxjy-1L 0.8782656788825989 626 2204 742 2525
wdm-wjxjy-1L 0.8810840845108032 430 2198 534 2521
wdm-wjxjy-1L 0.8954426646232605 513 2199 625 2530
wdm-wjxjy-800ml 0.8051166534423828 1416 1818 1526 2153
wdm-wjxjy-800ml 0.8556175231933594 1323 1820 1428 2155
wdm-wjxjy-800ml 0.8692785501480103 1230 1814 1337 2155
wdm-wjxjy-800ml 0.8400322198867798 1143 1810 1247 2153
wdm-wjxjy-800ml 0.8273305892944336 1052 1807 1156 2149
wdm-wjxjy-800ml 0.8248282670974731 879 1808 979 2144
wdm-wjxjy-800ml 0.8593848943710327 966 1806 1070 2146
wdm-wjxjy-800ml 0.8531623482704163 619 1803 721 2128
wdm-wjxjy-800ml 0.8262934684753418 532 1800 634 2134
wdm-wjxjy-800ml 0.8026435375213623 708 1804 808 2128
wdm-wjxjy-800ml 0.8302786350250244 446 1799 546 2137
lyx-tjjy-500ml 0.799216628074646 1184 1454 1281 1776
lyx-hsjy-500ml 0.817980170249939 1356 1454 1456 1776
lyx-tjjy-500ml 0.7958623170852661 1267 1461 1365 1773
wdm-wjxjy-500ml 0.8118929266929626 670 1069 762 1356
wdm-btlcjy-500ml 0.841170608997345 1352 1062 1449 1359
wdm-wjxjy-500ml 0.8141089677810669 1012 1060 1108 1355
wdm-btlcjy-500ml 0.8178631067276001 1445 1059 1543 1362
wdm-btlcjy-500ml 0.8342688083648682 1268 1058 1362 1358
wdm-wjxjy-500ml 0.8179486989974976 922 1062 1017 1357
wdm-wjxjy-500ml 0.8208282589912415 839 1058 933 1357
wdm-qxmc-460ml 0.7985658645629883 1200 567 1295 915
wdm-wjxjy-500ml 0.8030576705932617 403 258 482 519
wdm-wjxjy-800ml 0.8478991985321045 839 137 948 511
wdm-wjxjy-800ml 0.8843977451324463 934 123 1049 511
wdm-wjxjy-800ml 0.8562159538269043 1036 116 1155 506
wdm-wjxjy-800ml 0.8811277151107788 1353 106 1474 507
wdm-wjxjy-800ml 0.8492977619171143 1142 108 1264 502
wdm-wjxjy-800ml 0.8829747438430786 1246 102 1368 506
wdm-wjxjy-800ml 0.8846398591995239 1455 96 1577 510
