wdm-wjxjy-1.8L 0.6748323440551758 870 955 987 1184
wdm-wjxjy-1.8L 0.6952083110809326 753 950 874 1179
wdm-cxmc-1.3L 0.6697116494178772 1074 949 1196 1161
wdm-wjxjy-500ml 0.7058336734771729 1135 681 1213 914
wdm-wjxjy-500ml 0.6856465339660645 1200 680 1283 911
wdm-spjbsc-500ml 0.7393261790275574 1010 674 1085 919
wdm-spjbsc-500ml 0.7042672634124756 880 671 956 928
wdm-btlcjy-500ml 0.7967201471328735 1328 676 1422 911
wdm-spjbsc-500ml 0.7341138124465942 946 672 1020 922
wdm-btlcjy-500ml 0.7777485847473145 1262 677 1355 912
wdm-cxmc-460ml 0.6799092292785645 753 667 827 926
wdm-cxmc-460ml 0.6683933138847351 691 669 764 924
wdm-zphy-510g 0.6641128659248352 1002 355 1078 633
wdm-zphy-510g 0.7363816499710083 934 354 1009 631
wdm-zphy-510g 0.66376131772995 865 347 943 628
lyx-tjjy-500ml 0.8284430503845215 709 331 799 627
lyx-tjjy-500ml 0.7706753611564636 624 329 712 629
