lyx-tjjy-500ml 0.7288393378257751 1283 1466 1472 1866
wdm-wjxjy-800ml 0.9074958562850952 956 1228 1111 1600
wdm-wjxjy-800ml 0.8131779432296753 593 998 731 1339
wdm-wjxjy-800ml 0.8954809904098511 842 1171 992 1527
wdm-wjxjy-800ml 0.8559866547584534 744 1106 892 1472
wdm-spjbsc-500ml 0.6708842515945435 1443 700 1699 1411
wdm-spjbsc-500ml 0.8342766165733337 1244 641 1484 1351
wdm-zphy-510g 0.7305553555488586 574 437 726 959
wdm-zphy-510g 0.6969997882843018 437 420 588 885
wdm-wjxjy-500ml 0.7013426423072815 318 391 449 797
