wdm-wjxjy-500ml 0.7430331707000732 1059 1216 1188 1639
wdm-wjxjy-500ml 0.737558901309967 877 1185 991 1579
wdm-wjxjy-500ml 0.7433065176010132 791 1181 899 1557
wdm-btlcjy-1L 0.8067084550857544 713 1181 820 1542
wdm-btlcjy-1L 0.7928829193115234 641 1169 744 1521
wdm-btlcjy-1L 0.8009830713272095 571 1163 668 1504
wdm-btlcjy-1L 0.7586854696273804 500 1155 601 1487
wdm-wjxjy-500ml 0.7346240878105164 734 772 821 1086
lyx-hsjy-500ml 0.8588323593139648 1409 741 1542 1180
lyx-hsjy-500ml 0.8808602094650269 1302 734 1424 1162
wdm-spjbsc-500ml 0.7669677734375 1027 746 1130 1131
lyx-hsjy-500ml 0.7918840646743774 1205 734 1322 1147
wdm-spjbsc-500ml 0.7920616269111633 1110 740 1225 1148
wdm-btlcjy-500ml 0.7232040166854858 547 753 630 1061
wdm-btlcjy-500ml 0.7171582579612732 482 749 567 1055
cbl-lyxdbj-300g 0.7838600277900696 592 174 712 288
cbl-lyxdbj-300g 0.7747316360473633 686 158 803 274
cbl-lyxdbj-300g 0.7419688701629639 495 95 616 209
cbl-lyxdbj-300g 0.7734679579734802 598 78 726 194
