wdm-wjxjy-800ml 0.8280360698699951 1071 1079 1148 1305
wdm-wjxjy-800ml 0.8320329189300537 1202 1078 1280 1307
wdm-wjxjy-800ml 0.8362553715705872 1138 1080 1217 1310
wdm-wjxjy-800ml 0.7686471939086914 946 1079 1022 1303
wdm-wjxjy-800ml 0.8154841065406799 1011 1076 1084 1302
wdm-wjxjy-800ml 0.8151799440383911 1322 1070 1410 1302
wdm-wjxjy-800ml 0.8634768128395081 1262 1076 1347 1308
lyx-tjyzjy-500ml 0.7170393466949463 1157 780 1234 1011
lyx-tjyzjy-500ml 0.7637196183204651 1088 778 1164 1017
lyx-tjjy-500ml 0.7452977895736694 900 773 977 1010
wdm-spjbsc-500ml 0.7128503322601318 764 772 833 1004
wdm-spjbsc-500ml 0.7570995092391968 698 768 770 1000
wdm-btlcjy-500ml 0.8290214538574219 1433 475 1526 728
wdm-btlcjy-500ml 0.7492659091949463 1361 470 1452 730
wdm-zphy-510g 0.7308053970336914 1269 464 1350 731
wdm-zphy-510g 0.7280564308166504 1197 461 1276 727
wdm-cxmc-460ml 0.7537522315979004 1109 460 1192 730
wdm-cxmc-460ml 0.761412501335144 938 460 1023 732
wdm-cxmc-460ml 0.7891258597373962 1029 454 1114 730
cbl-lyxtmj-300g 0.729280948638916 1536 281 1668 404
cbl-lyxdbj-300g 0.7265546321868896 1224 285 1346 395
cbl-lyxdbj-300g 0.7170697450637817 1325 280 1460 394
cbl-lyxtmj-300g 0.7298277020454407 1437 279 1558 396
cbl-lyxdbj-800g 0.7285586595535278 971 262 1114 394
cbl-lyxdbj-300g 0.8252459764480591 1232 197 1377 305
cbl-lyxdbj-500g 0.735323965549469 971 153 1123 283
cbl-lyxdbj-800g 0.7268911600112915 841 153 993 283
