wdm-btlcjy-1L 0.812627911567688 228 868 274 1012
wdm-btlcjy-1L 0.8663967847824097 269 866 312 1005
wdm-btlcjy-1L 0.8454813957214355 306 860 349 998
wdm-btlcjy-1L 0.7548615336418152 343 851 386 989
wdm-wjxjy-800ml 0.8635578155517578 379 843 422 983
wdm-wjxjy-800ml 0.8999062776565552 417 837 458 976
wdm-wjxjy-800ml 0.8417984247207642 452 829 491 967
wdm-wjxjy-800ml 0.8089576959609985 443 685 480 816
wdm-wjxjy-800ml 0.8173156976699829 476 681 513 812
wdm-wjxjy-800ml 0.8206358551979065 508 682 548 807
lyx-hsjy-500ml 0.8133864998817444 166 543 211 685
lyx-hsjy-500ml 0.7588990330696106 124 543 170 686
lyx-hsjy-500ml 0.8085999488830566 208 542 248 682
lyx-tjyzjy-500ml 0.8107566237449646 320 541 360 676
lyx-hsjy-500ml 0.8153373599052429 247 540 288 679
lyx-tjyzjy-500ml 0.8352692723274231 353 541 390 671
lyx-tjjy-500ml 0.7889091968536377 452 539 491 666
lyx-tjjy-500ml 0.7698745727539062 420 538 457 667
lyx-tjyzjy-500ml 0.8537238240242004 386 539 425 670
lyx-tjjy-500ml 0.809299886226654 483 539 524 665
wdm-spjbsc-500ml 0.7567095756530762 494 386 529 521
wdm-zphy-510g 0.7446259260177612 250 382 288 524
wdm-zphy-510g 0.7796061038970947 187 380 224 524
wdm-zphy-510g 0.7657850980758667 154 379 190 524
wdm-zphy-510g 0.7704984545707703 116 376 155 525
