wdm-wjxjy-1.8L 0.7073955535888672 543 1023 688 1280
wdm-wjxjy-1.8L 0.784278929233551 421 1000 566 1280
wdm-wjxjy-1.8L 0.7000415325164795 296 987 435 1270
wdm-wjxjy-1.8L 0.691399097442627 189 954 319 1241
wdm-wjxjy-1.8L 0.7419295310974121 364 824 479 1050
wdm-wjxjy-1.8L 0.7273365259170532 65 541 188 765
wdm-wjxjy-1.8L 0.7010803818702698 256 526 376 780
wdm-wjxjy-1.8L 0.7140871286392212 355 522 475 779
wdm-wjxjy-1.8L 0.6780734062194824 167 520 287 762
wdm-wjxjy-1.8L 0.7211328744888306 166 257 268 477
wdm-wjxjy-1.3L 0.70512455701828 248 258 352 475
wdm-wjxjy-1.3L 0.692939043045044 427 253 514 474
wdm-wjxjy-1.3L 0.7390155792236328 340 246 444 473
