cbl-lhdj-900g 0.561245858669281 235 1691 386 2035
wdm-zphy-510g 0.5640111565589905 1484 1305 1576 1645
wdm-zphy-510g 0.709250807762146 1407 1299 1497 1638
wdm-zphy-510g 0.6509601473808289 1331 1291 1423 1637
wdm-wjxjy-500ml 0.8118610382080078 989 1297 1093 1629
wdm-wjxjy-500ml 0.7798970341682434 1085 1291 1187 1629
wdm-btlcjy-500ml 0.6350131034851074 805 1280 908 1623
wdm-btlcjy-500ml 0.7069140672683716 895 1290 998 1626
wdm-qxmc-460ml 0.5843597054481506 1335 831 1439 1192
wdm-zphy-510g 0.5769397616386414 1311 517 1391 777
lyx-tjyzjy-500ml 0.5931386351585388 76 365 181 724
