wdm-wjxjy-1L 0.9313281774520874 862 1664 1005 2055
wdm-wjxjy-1L 0.9152333736419678 983 1623 1115 2017
wdm-wjxjy-1L 0.900389552116394 1096 1583 1212 1958
wdm-wjxjy-1L 0.9170989394187927 1190 1547 1306 1914
wdm-wjxjy-1L 0.8771748542785645 1280 1520 1387 1874
wdm-wjxjy-1L 0.8703926801681519 1366 1485 1473 1829
wdm-wjxjy-1L 0.856986403465271 1520 1426 1627 1759
wdm-wjxjy-800ml 0.8877048492431641 188 1305 400 1813
wdm-wjxjy-800ml 0.8928263783454895 353 1266 545 1774
wdm-wjxjy-800ml 0.8618490695953369 514 1228 691 1723
wdm-wjxjy-800ml 0.8590747117996216 662 1218 820 1674
wdm-wjxjy-800ml 0.8859314918518066 798 1198 941 1632
wdm-wjxjy-800ml 0.8730828762054443 916 1172 1051 1584
wdm-wjxjy-800ml 0.8712811470031738 1026 1155 1151 1550
wdm-wjxjy-800ml 0.8505955338478088 1128 1130 1249 1508
wdm-wjxjy-800ml 0.8472863435745239 1337 1082 1454 1442
wdm-wjxjy-800ml 0.8679932355880737 1432 1062 1539 1405
wdm-wjxjy-1L 0.9107183218002319 116 636 356 1277
wdm-wjxjy-1L 0.9237263798713684 312 617 546 1237
wdm-btlcjy-1L 0.8464651107788086 646 608 812 1157
wdm-btlcjy-1L 0.8606241941452026 782 616 939 1128
wdm-wjxjy-500ml 0.8184292912483215 1529 634 1625 992
lyx-tjyzjy-500ml 0.8255370855331421 347 0 545 535
