wdm-cxhy-510g 0.6693958640098572 1359 1185 1443 1459
wdm-cxhy-510g 0.6715556383132935 1449 1174 1543 1458
wdm-wjxjy-800ml 0.7037199139595032 864 631 963 937
wdm-wjxjy-500ml 0.6215336322784424 532 626 631 937
wdm-wjxjy-500ml 0.7178363800048828 694 631 787 930
wdm-wjxjy-500ml 0.7427395582199097 613 630 708 929
wdm-wjxjy-1L 0.9120204448699951 979 625 1122 942
wdm-wjxjy-800ml 0.8516365885734558 772 625 876 938
wdm-wjxjy-1L 0.6625963449478149 1377 620 1500 921
wdm-wjxjy-1L 0.764565110206604 1294 626 1405 924
wdm-wjxjy-1L 0.8882040977478027 1205 618 1321 932
wdm-wjxjy-1L 0.9079782366752625 1111 616 1228 935
wdm-spjbsc-500ml 0.6740972399711609 443 604 557 950
wdm-spjbsc-1.3L 0.6445620059967041 263 533 433 934
