wdm-wjxjy-1.3L 828 920 912 1102
wdm-wjxjy-1.3L 899 920 976 1106
wdm-wjxjy-1.3L 964 925 1045 1110
wdm-wjxjy-1.3L 1035 924 1126 1118
wdm-wjxjy-1.3L 1131 927 1214 1120
wdm-wjxjy-1.8L 1201 914 1295 1120
wdm-wjxjy-1.8L 1281 914 1372 1120
wdm-wjxjy-1.8L 1366 916 1456 1116
wdm-wjxjy-1.8L 1445 918 1543 1120
wdm-wjxjy-1.8L 1535 918 1641 1133
wdm-wjxjy-1L 1591 658 1678 870
wdm-wjxjy-1L 1528 660 1612 875
wdm-wjxjy-1L 1464 656 1545 870
wdm-wjxjy-1L 1397 658 1479 868
wdm-wjxjy-500ml 939 679 999 858
wdm-wjxjy-500ml 889 679 951 854
wdm-wjxjy-500ml 843 677 899 856
wdm-wjxjy-500ml 795 677 853 852
wdm-wjxjy-800ml 795 389 870 622
wdm-wjxjy-800ml 853 393 918 616
wdm-wjxjy-800ml 906 393 974 622
wdm-wjxjy-800ml 966 391 1031 618
wdm-wjxjy-800ml 1022 389 1089 624
wdm-wjxjy-800ml 1079 385 1145 622
wdm-wjxjy-800ml 1133 387 1204 620
wdm-wjxjy-800ml 1195 385 1260 622
wdm-wjxjy-800ml 1251 385 1322 622
wdm-wjxjy-800ml 1310 383 1383 622
wdm-wjxjy-800ml 1370 383 1443 618
wdm-wjxjy-800ml 1429 383 1508 624
wdm-wjxjy-800ml 1493 372 1574 622
wdm-wjxjy-800ml 1556 375 1639 616
wdm-wjxjy-800ml 1620 375 1706 610
wdm-cxhy-510g 987 666 1039 862
wdm-cxhy-510g 1031 672 1085 862
wdm-cxhy-510g 1074 668 1128 858
wdm-cxmc-460ml 1116 664 1172 868
wdm-cxmc-460ml 1162 662 1222 870
wdm-cxmc-460ml 1208 662 1262 866
wdm-spjbsc-500ml 1249 674 1314 870
wdm-spjbsc-500ml 1304 672 1360 872
wdm-spjbsc-500ml 1351 674 1410 868
cbl-lyxdbj-300g 506 970 585 1039
cbl-lyxdbj-300g 508 1027 587 1087
cbl-lyxdbj-300g 570 974 647 1043
cbl-lyxdbj-300g 572 1022 649 1089
cbl-lyxdbj-300g 629 972 710 1049
cbl-lyxdbj-300g 635 1035 710 1095
cbl-lyxdbj-500g 437 954 516 1035
cbl-lyxdbj-500g 443 1022 524 1091
cbl-lyxdbj-500g 372 950 464 1033
cbl-lyxdbj-500g 379 1018 456 1081
cbl-lyxdbj-800g 297 872 401 964
cbl-lyxdbj-800g 299 945 397 1024
cbl-lyxdbj-800g 310 1010 399 1083
cbl-lyxdbj-800g 220 872 322 958
cbl-lyxdbj-800g 222 947 318 1018
cbl-lyxdbj-800g 233 999 320 1081
cbl-lyxtmj-300g 697 975 778 1049
cbl-lyxtmj-300g 699 1037 778 1102
cbl-lyxtmj-300g 764 975 841 1060
cbl-lyxtmj-300g 766 1041 841 1106
