cbl-lyxdbj-800g 497 244 661 427
cbl-lyxdbj-800g 500 397 664 586
cbl-lyxdbj-800g 511 556 658 739
cbl-lyxdbj-300g 785 165 955 342
cbl-lyxdbj-300g 773 318 953 494
cbl-lyxdbj-300g 758 453 953 630
cbl-lyxdbj-300g 761 589 932 762
cbl-lyxtmj-300g 914 153 1141 330
cbl-lyxtmj-300g 914 300 1132 494
cbl-lyxtmj-300g 905 447 1114 633
cbl-lyxtmj-300g 903 597 1108 783
cbl-lyxtmj-800g 626 230 826 424
cbl-lyxtmj-800g 632 403 803 589
cbl-lyxtmj-800g 632 565 803 750
wdm-zphy-510g 514 847 605 1206
wdm-zphy-510g 576 859 682 1215
wdm-cxhy-510g 653 886 747 1247
wdm-cxhy-510g 714 889 817 1262
wdm-btlcjy-1L 711 1333 838 1712
wdm-btlcjy-1L 803 1383 941 1759
wdm-btlcjy-1L 897 1409 1026 1812
wdm-btlcjy-500ml 979 1486 1103 1856
wdm-btlcjy-500ml 1055 1524 1197 1918
wdm-spjbsc-1.3L 450 1265 567 1583
wdm-spjbsc-1.3L 376 1239 508 1550
wdm-cxmc-1.3L 517 1292 658 1639
wdm-cxmc-1.3L 614 1324 753 1671
wdm-wjxjy-500ml 1344 1006 1514 1468
wdm-wjxjy-500ml 1464 1018 1653 1512
wdm-wjxjy-800ml 1147 1497 1297 1944
wdm-wjxjy-800ml 1235 1539 1411 2024
wdm-wjxjy-800ml 1355 1589 1538 2083
lyx-tjjy-500ml 926 915 1058 1344
lyx-tjjy-500ml 1017 933 1185 1365
lyx-hsjy-500ml 779 892 900 1283
lyx-hsjy-500ml 853 906 982 1309
lyx-tjyzjy-500ml 1126 947 1273 1397
lyx-tjyzjy-500ml 1229 968 1400 1442
