cbl-lyxtmj-300g 153 195 271 295
cbl-lyxdbj-300g 303 277 410 375
cbl-lyxdbj-300g 310 212 419 295
cbl-lyxdbj-300g 397 216 486 292
cbl-lyxdbj-300g 490 275 595 371
cbl-lyxljj-300g 473 214 590 295
cbl-lyxljj-300g 566 212 658 288
cbl-lyxljj-300g 658 277 753 366
cbl-lyxdbj-500g 695 177 810 279
cbl-lyxdbj-500g 795 179 890 275
cbl-lyxdbj-500g 808 266 888 355
cbl-lyxdbj-500g 871 168 962 268
cbl-lyxdbj-500g 949 171 1038 266
cbl-lyxdbj-500g 949 260 1032 353
wdm-zphy-510g 149 464 240 749
wdm-zphy-510g 199 458 297 740
wdm-zphy-510g 256 449 353 731
wdm-zphy-510g 321 445 412 718
wdm-zphy-510g 366 445 453 705
wdm-btlcjy-500ml 425 451 508 703
wdm-btlcjy-500ml 484 442 571 684
wdm-cxmc-460ml 536 416 614 677
wdm-cxmc-460ml 579 418 656 666
wdm-cxmc-460ml 619 408 701 658
wdm-qxmc-460ml 669 403 745 647
wdm-qxmc-460ml 716 401 777 638
wdm-qxmc-460ml 760 397 825 631
wdm-qxmc-460ml 797 392 856 627
wdm-spjbsc-500ml 840 397 901 614
wdm-spjbsc-500ml 879 390 940 608
wdm-spjbsc-500ml 921 388 982 599
wdm-spjbsc-500ml 962 386 1016 597
lyx-tjjy-500ml 206 775 299 1045
lyx-tjjy-500ml 262 768 364 1018
lyx-tjjy-500ml 325 755 419 999
lyx-tjjy-500ml 406 740 495 981
lyx-tjjy-500ml 466 725 556 968
lyx-tjjy-500ml 525 716 606 942
lyx-tjyzjy-500ml 584 705 662 923
lyx-tjyzjy-500ml 634 690 710 914
lyx-tjyzjy-500ml 686 679 758 892
wdm-zplj-450ml 736 668 797 881
wdm-zplj-450ml 782 655 842 875
wdm-zplj-450ml 816 653 875 858
wdm-wjxjy-500ml 860 649 916 853
wdm-wjxjy-500ml 897 640 949 840
wdm-wjxjy-500ml 929 631 984 818
wdm-wjxjy-500ml 969 625 1021 816
wdm-wjxjy-800ml 251 1064 340 1323
wdm-wjxjy-800ml 308 1049 406 1295
wdm-wjxjy-800ml 373 1023 466 1271
wdm-wjxjy-800ml 438 1005 525 1245
wdm-wjxjy-800ml 497 992 582 1218
wdm-wjxjy-800ml 551 971 634 1195
wdm-wjxjy-800ml 606 949 682 1175
wdm-wjxjy-500ml 664 962 727 1158
wdm-wjxjy-500ml 706 947 764 1134
wdm-wjxjy-500ml 749 936 808 1116
wdm-wjxjy-500ml 786 918 847 1101
wdm-wjxjy-500ml 834 905 884 1086
wdm-wjxjy-500ml 871 895 921 1073
wdm-wjxjy-500ml 906 881 958 1058
wdm-wjxjy-500ml 938 866 988 1038
wdm-wjxjy-500ml 975 853 1025 1025
cbl-hdj-900g 727 1203 801 1353
cbl-hdj-900g 779 1184 849 1329
cbl-hdj-900g 823 1164 895 1299
cbl-lhdj-900g 871 1142 936 1277
cbl-lhdj-900g 914 1121 979 1255
cbl-lhdj-900g 958 1108 1023 1238
