cbl-hdj-900g 876 1683 1044 2041
cbl-hdj-900g 732 1665 900 2009
cbl-lyxdbj-300g 1438 891 1673 1094
cbl-lyxdbj-300g 1667 897 1906 1121
cbl-lyxdbj-300g 1420 1044 1670 1265
cbl-lyxdbj-300g 1644 1086 1879 1291
cbl-lyxdbj-300g 1408 1203 1644 1427
cbl-lyxdbj-300g 1641 1236 1873 1462
wdm-wjxjy-500ml 1270 874 1444 1368
wdm-wjxjy-500ml 1141 865 1294 1350
wdm-wjxjy-500ml 1014 871 1167 1336
wdm-wjxjy-800ml 870 759 1032 1321
wdm-wjxjy-800ml 726 768 882 1312
wdm-wjxjy-800ml 600 768 747 1297
wdm-wjxjy-1.3L 447 803 629 1286
wdm-wjxjy-1.3L 282 803 488 1274
