wdm-wjxjy-800ml 57 1649 325 2354
cbl-lyxdbj-500g 280 1849 580 2154
cbl-lyxdbj-500g 271 2049 616 2354
cbl-lyxdbj-500g 525 1836 821 2122
cbl-lyxdbj-500g 557 2031 834 2308
cbl-lyxdbj-300g 494 817 789 1067
cbl-lyxdbj-300g 507 1027 803 1272
cbl-lyxdbj-300g 539 1254 789 1504
cbl-lyxdbj-300g 775 1022 1048 1281
cbl-lyxdbj-300g 789 1245 1066 1495
cbl-lyxdbj-500g 994 745 1339 1017
cbl-lyxdbj-500g 1030 986 1344 1258
cbl-lyxdbj-500g 1025 1190 1357 1477
cbl-lyxtmj-300g 198 899 462 1131
cbl-lyxtmj-300g 225 1095 471 1317
cbl-lyxtmj-300g 234 1281 480 1513
