wdm-zphy-510g 870 199 943 493
wdm-zphy-510g 912 208 983 489
wdm-spjbsc-500ml 953 212 1024 487
wdm-spjbsc-500ml 1004 208 1085 481
wdm-wjxjy-500ml 1051 243 1118 475
wdm-wjxjy-500ml 1099 237 1164 468
wdm-wjxjy-800ml 1141 216 1214 466
wdm-wjxjy-800ml 1187 216 1249 460
wdm-wjxjy-800ml 1214 220 1270 458
cbl-lyxdbj-300g 1249 510 1299 572
cbl-lyxdbj-300g 1253 564 1295 620
cbl-lyxdbj-300g 1220 514 1262 579
cbl-lyxdbj-300g 1222 568 1264 631
cbl-lyxdbj-300g 1193 522 1231 581
cbl-lyxdbj-300g 1195 575 1229 641
