wdm-cxmc-460ml 600 444 688 783
wdm-cxmc-460ml 658 433 741 792
wdm-cxhy-510g 720 459 803 794
wdm-cxhy-510g 776 465 858 797
wdm-cxhy-510g 838 468 929 812
wdm-zphy-510g 903 447 982 818
wdm-zphy-510g 958 465 1047 830
wdm-spjbsc-500ml 1020 453 1117 830
wdm-spjbsc-500ml 1097 447 1214 836
wdm-spjbsc-500ml 1176 450 1285 842
wdm-spjbsc-500ml 1270 453 1385 847
wdm-btlcjy-500ml 1382 453 1503 859
wdm-btlcjy-500ml 1476 456 1614 877
wdm-wjxjy-1L 1376 930 1529 1356
wdm-wjxjy-1L 1282 927 1426 1315
wdm-wjxjy-1L 1176 909 1311 1294
wdm-wjxjy-1L 1091 889 1214 1265
wdm-wjxjy-1L 1000 880 1117 1250
wdm-wjxjy-1L 891 856 1011 1206
wdm-wjxjy-1L 811 850 926 1180
wdm-wjxjy-500ml 750 883 835 1162
wdm-wjxjy-500ml 682 847 764 1147
wdm-wjxjy-500ml 617 836 705 1142
wdm-wjxjy-500ml 550 839 647 1130
wdm-wjxjy-800ml 467 1203 576 1506
wdm-wjxjy-800ml 550 1194 650 1515
wdm-wjxjy-800ml 617 1230 717 1533
wdm-wjxjy-800ml 697 1221 785 1544
wdm-wjxjy-800ml 753 1265 858 1577
wdm-wjxjy-800ml 841 1262 944 1565
wdm-wjxjy-800ml 888 1292 991 1618
wdm-wjxjy-800ml 950 1315 1053 1650
wdm-wjxjy-1.3L 1029 1356 1161 1683
wdm-wjxjy-1.3L 1144 1374 1294 1724
wdm-wjxjy-1.8L 1244 1386 1420 1762
wdm-wjxjy-1.8L 1385 1409 1535 1789
