wdm-cxmc-460ml 1806 721 1920 1430
wdm-cxmc-460ml 1673 715 1861 1397
wdm-cxmc-460ml 1529 712 1717 1339
wdm-zphy-510g 1438 741 1591 1289
wdm-zphy-510g 1350 744 1485 1253
wdm-cxhy-510g 1276 736 1411 1218
wdm-cxhy-510g 1203 733 1323 1209
wdm-cxhy-510g 1135 730 1241 1191
wdm-spjbsc-500ml 1064 721 1173 1153
wdm-spjbsc-500ml 991 715 1100 1147
wdm-spjbsc-500ml 914 712 1026 1121
wdm-btlcjy-500ml 844 733 947 1103
wdm-btlcjy-500ml 794 721 876 1071
wdm-wjxjy-500ml 735 718 814 1059
wdm-wjxjy-500ml 697 724 770 1027
wdm-wjxjy-500ml 650 712 726 1021
wdm-wjxjy-800ml 638 1062 735 1356
wdm-wjxjy-800ml 694 1094 779 1391
wdm-wjxjy-800ml 753 1121 838 1415
wdm-wjxjy-800ml 808 1127 879 1439
wdm-wjxjy-800ml 856 1150 935 1477
wdm-wjxjy-1L 888 1171 997 1521
wdm-wjxjy-1L 958 1200 1061 1571
wdm-wjxjy-1L 1023 1221 1132 1618
wdm-wjxjy-1L 1070 1253 1203 1677
wdm-wjxjy-1.3L 1153 1294 1332 1753
wdm-wjxjy-1.3L 1279 1330 1497 1833
wdm-wjxjy-1.8L 1429 1394 1700 1953
wdm-wjxjy-1.8L 1617 1483 1906 2053
