wdm-spjbsc-500ml 1101 687 1191 950
wdm-spjbsc-500ml 1045 687 1131 941
wdm-cxmc-460ml 987 675 1083 954
wdm-cxmc-460ml 897 664 1001 950
wdm-cxhy-510g 1158 291 1272 579
wdm-cxhy-510g 1214 297 1328 585
wdm-zphy-510g 1260 308 1376 579
wdm-zphy-510g 1320 310 1426 572
wdm-qxmc-460ml 1162 674 1253 927
wdm-qxmc-460ml 1212 677 1301 943
wdm-wjxjy-500ml 1262 700 1351 933
wdm-wjxjy-500ml 1322 697 1406 929
wdm-wjxjy-500ml 1372 700 1468 922
wdm-wjxjy-500ml 1478 341 1579 593
wdm-wjxjy-500ml 1426 327 1531 591
wdm-wjxjy-500ml 1376 322 1470 574
wdm-btlcjy-1L 366 122 516 525
wdm-btlcjy-1L 476 139 620 541
wdm-wjxjy-800ml 583 152 710 539
wdm-wjxjy-800ml 681 170 808 552
wdm-wjxjy-800ml 776 181 887 550
wdm-wjxjy-800ml 853 199 985 554
wdm-wjxjy-800ml 935 212 1060 566
wdm-wjxjy-800ml 1012 218 1141 577
wdm-wjxjy-800ml 1079 237 1216 585
wdm-wjxjy-1L 337 631 470 968
wdm-wjxjy-1L 443 637 570 968
wdm-wjxjy-1L 539 639 660 956
wdm-wjxjy-1L 631 647 753 958
wdm-wjxjy-1L 729 647 837 958
wdm-wjxjy-1L 808 654 926 972
wdm-spjbsc-1.3L 337 1066 481 1358
wdm-spjbsc-1.3L 454 1064 593 1358
wdm-spjbsc-1.3L 564 1054 699 1345
wdm-wjxjy-1.3L 670 1045 803 1324
wdm-wjxjy-1.3L 772 1033 899 1304
wdm-wjxjy-1.3L 866 1022 987 1289
wdm-wjxjy-1.3L 953 1024 1074 1268
wdm-wjxjy-1.3L 1033 1016 1143 1264
wdm-wjxjy-1.8L 1116 987 1228 1243
wdm-wjxjy-1.8L 1187 977 1306 1220
wdm-wjxjy-1.8L 1272 972 1383 1210
