cbl-lyxdbj-300g 603 1012 714 1118
cbl-lyxdbj-300g 618 1081 728 1177
cbl-lyxdbj-300g 508 1012 616 1120
cbl-lyxdbj-300g 522 1099 631 1183
cbl-lyxdbj-300g 420 1020 524 1125
cbl-lyxdbj-300g 426 1104 539 1183
wdm-wjxjy-800ml 1551 8 1678 435
wdm-wjxjy-800ml 1439 22 1566 445
wdm-wjxjy-800ml 1335 39 1451 450
wdm-wjxjy-800ml 1228 41 1345 450
wdm-wjxjy-800ml 1129 58 1254 458
wdm-wjxjy-800ml 1039 77 1149 466
wdm-wjxjy-800ml 937 91 1062 472
wdm-wjxjy-1L 826 114 966 487
wdm-wjxjy-1L 729 125 864 493
wdm-wjxjy-1L 635 141 776 497
wdm-wjxjy-1L 549 152 683 502
wdm-wjxjy-1.3L 397 179 564 512
wdm-wjxjy-1.3L 293 197 443 522
wdm-wjxjy-1.3L 197 206 343 529
