cbl-hdj-900g 96 1827 302 2153
cbl-hdj-900g 285 1827 479 2147
cbl-hdj-900g 473 1821 655 2133
cbl-hdj-900g 646 1815 835 2133
cbl-hdj-900g 829 1809 1011 2118
cbl-hdj-900g 996 1803 1176 2118
cbl-hdj-900g 1164 1800 1340 2112
cbl-hdj-900g 1329 1797 1499 2106
cbl-hdj-900g 1485 1791 1664 2091
cbl-hdj-900g 1629 1783 1817 2089
cbl-hdj-900g 376 1321 561 1606
cbl-hdj-900g 549 1315 717 1594
cbl-hdj-900g 711 1321 885 1591
cbl-hdj-900g 873 1312 1046 1594
cbl-hdj-900g 479 971 638 1224
cbl-hdj-900g 623 980 782 1230
cbl-hdj-900g 773 980 929 1212
cbl-lhdj-900g 1038 1318 1208 1594
cbl-lhdj-900g 1179 1318 1352 1586
cbl-lhdj-900g 1326 1318 1499 1583
cbl-lhdj-900g 926 986 1088 1224
cbl-lhdj-900g 1067 986 1223 1233
cbl-lhdj-900g 1202 989 1367 1230
