wdm-spjbsc-500ml 847 187 922 456
wdm-spjbsc-500ml 776 187 854 456
wdm-cxhy-510g 720 185 785 458
wdm-cxhy-510g 656 185 724 460
wdm-cxhy-510g 595 179 668 454
wdm-cxhy-510g 524 174 603 456
wdm-cxmc-460ml 914 187 989 458
wdm-cxmc-460ml 981 181 1049 460
wdm-cxmc-460ml 1043 189 1118 458
wdm-wjxjy-1.3L 1110 187 1245 462
wdm-wjxjy-1.3L 1233 187 1368 466
wdm-wjxjy-1.8L 1012 531 1145 818
wdm-wjxjy-1.8L 1145 531 1285 822
wdm-wjxjy-1.8L 1266 527 1385 816
wdm-wjxjy-1L 943 539 1024 812
wdm-wjxjy-1L 864 537 951 816
wdm-wjxjy-1L 785 541 870 824
wdm-wjxjy-1L 703 537 789 822
wdm-wjxjy-1L 618 537 708 820
wdm-wjxjy-1L 539 529 626 824
wdm-wjxjy-800ml 1178 850 1260 1091
wdm-wjxjy-800ml 1101 852 1189 1093
wdm-wjxjy-800ml 1035 850 1116 1089
wdm-wjxjy-800ml 972 856 1047 1087
wdm-wjxjy-800ml 903 858 978 1095
wdm-wjxjy-800ml 826 858 906 1104
wdm-wjxjy-500ml 764 860 839 1102
wdm-wjxjy-500ml 699 858 778 1097
wdm-wjxjy-500ml 629 854 706 1089
wdm-wjxjy-500ml 562 862 637 1099
