cbl-hdj-900g 1361 1591 1523 1900
cbl-hdj-900g 1241 1571 1394 1874
cbl-hdj-900g 1129 1556 1276 1836
cbl-lyxdbj-500g 994 1536 1153 1694
cbl-lyxdbj-500g 994 1659 1147 1812
cbl-lyxdbj-500g 873 1521 1026 1680
cbl-lyxdbj-500g 873 1641 1014 1789
cbl-lyxdbj-500g 767 1515 908 1650
cbl-lyxdbj-500g 761 1627 908 1771
cbl-lyxdbj-300g 270 1450 376 1565
cbl-lyxdbj-300g 347 1465 450 1580
cbl-lyxdbj-300g 350 1553 453 1662
cbl-lyxdbj-300g 329 1368 450 1477
cbl-lyxdbj-300g 470 1377 558 1474
cbl-lyxdbj-300g 538 1377 638 1471
cbl-lyxdbj-300g 620 1389 753 1491
cbl-lyxtmj-300g 585 1512 703 1633
cbl-lyxtmj-300g 676 1618 791 1747
cbl-lyxtmj-300g 679 1527 791 1650
wdm-wjxjy-1.8L 556 1771 694 2077
wdm-wjxjy-1.8L 664 1791 791 2109
wdm-wjxjy-1.8L 764 1830 900 2144
wdm-wjxjy-1.3L 856 1850 997 2200
wdm-wjxjy-1.3L 964 1877 1108 2253
wdm-wjxjy-1.3L 1085 1912 1244 2286
wdm-btlcjy-500ml 273 1000 344 1283
wdm-btlcjy-500ml 326 997 397 1289
wdm-btlcjy-500ml 379 1003 456 1297
wdm-qxmc-460ml 432 983 506 1303
wdm-qxmc-460ml 488 980 564 1306
wdm-qxmc-460ml 544 983 623 1303
wdm-qxmc-460ml 600 974 679 1309
wdm-cxmc-460ml 658 971 741 1315
wdm-cxmc-460ml 720 974 808 1336
wdm-spjbsc-500ml 794 980 888 1327
wdm-spjbsc-500ml 867 977 958 1333
wdm-spjbsc-500ml 947 971 1044 1344
wdm-cxhy-510g 1026 977 1111 1336
wdm-cxhy-510g 1082 971 1176 1344
wdm-zphy-510g 1161 971 1258 1341
wdm-zphy-510g 1235 959 1350 1356
wdm-wjxjy-800ml 1353 377 1508 894
wdm-wjxjy-800ml 1229 400 1376 903
wdm-wjxjy-800ml 1135 418 1256 900
wdm-wjxjy-800ml 1032 441 1156 915
wdm-wjxjy-800ml 935 462 1058 918
wdm-wjxjy-800ml 850 489 958 915
wdm-wjxjy-800ml 764 497 879 930
wdm-wjxjy-800ml 682 524 785 936
wdm-wjxjy-800ml 611 536 703 933
wdm-wjxjy-800ml 529 550 626 953
wdm-wjxjy-800ml 470 568 558 950
wdm-wjxjy-800ml 411 577 497 944
wdm-wjxjy-800ml 341 583 426 950
wdm-wjxjy-500ml 285 644 379 950
wdm-wjxjy-500ml 226 662 306 956
