wdm-wjxjy-800ml 1282 1412 1458 1921
wdm-wjxjy-800ml 1167 1365 1332 1862
wdm-wjxjy-800ml 1429 1580 1626 2056
wdm-wjxjy-800ml 1550 1644 1776 2162
wdm-wjxjy-800ml 414 1444 497 1750
wdm-wjxjy-800ml 447 1474 544 1780
wdm-wjxjy-800ml 505 1500 579 1806
wdm-wjxjy-800ml 550 1539 629 1847
wdm-wjxjy-800ml 588 1562 679 1894
wdm-zphy-510g 644 1606 732 1930
wdm-zphy-510g 697 1633 773 1944
wdm-zphy-510g 726 1665 808 1994
wdm-zphy-510g 782 1692 867 2036
wdm-cxmc-460ml 829 1709 914 2074
wdm-cxmc-460ml 870 1739 964 2130
wdm-cxmc-460ml 935 1783 1038 2174
wdm-spjbsc-500ml 1011 1836 1117 2224
wdm-spjbsc-500ml 1088 1871 1194 2274
wdm-spjbsc-500ml 1158 1930 1276 2356
wdm-spjbsc-500ml 1258 1992 1388 2427
wdm-wjxjy-1L 1061 1347 1205 1806
wdm-wjxjy-1L 970 1312 1103 1753
wdm-wjxjy-1L 897 1286 1005 1694
wdm-wjxjy-1L 811 1262 929 1653
wdm-wjxjy-1L 747 1236 850 1618
wdm-wjxjy-1L 679 1206 785 1574
wdm-wjxjy-1L 617 1197 714 1550
wdm-wjxjy-1L 553 1174 650 1515
wdm-wjxjy-500ml 1314 853 1479 1377
wdm-wjxjy-500ml 1211 850 1355 1333
wdm-wjxjy-500ml 1114 830 1250 1303
wdm-wjxjy-500ml 1032 827 1147 1265
wdm-wjxjy-500ml 961 830 1064 1242
wdm-wjxjy-500ml 873 833 982 1224
wdm-wjxjy-500ml 800 821 894 1194
wdm-wjxjy-1.8L 705 797 829 1180
wdm-wjxjy-1.8L 617 783 747 1159
wdm-wjxjy-1.8L 532 777 647 1133
wdm-wjxjy-1.8L 453 753 576 1115
wdm-wjxjy-1.8L 1341 106 1632 789
wdm-wjxjy-1.8L 1129 144 1364 768
wdm-wjxjy-1.8L 991 189 1182 756
wdm-wjxjy-1.8L 844 212 1038 753
wdm-wjxjy-1.8L 703 244 876 753
cbl-lyxdbj-300g 373 1133 503 1259
cbl-lyxdbj-300g 429 1239 547 1377
cbl-lyxdbj-300g 373 1224 470 1344
cbl-lyxdbj-300g 303 1112 417 1239
cbl-lyxdbj-300g 320 1215 403 1321
cbl-lyxdbj-300g 432 1342 555 1465
cbl-lyxtmj-300g 241 1156 338 1274
cbl-lyxtmj-300g 238 1239 329 1344
