wdm-wjxjy-800ml 751 102 854 431
wdm-wjxjy-800ml 824 119 915 434
wdm-wjxjy-800ml 898 127 985 439
wdm-wjxjy-800ml 963 136 1046 439
wdm-wjxjy-800ml 1027 146 1100 444
wdm-wjxjy-800ml 1083 141 1163 441
wdm-wjxjy-800ml 1132 129 1222 441
wdm-wjxjy-800ml 1188 114 1290 446
wdm-wjxjy-800ml 673 124 744 434
wdm-wjxjy-800ml 544 414 668 841
wdm-wjxjy-800ml 642 429 763 834
wdm-wjxjy-800ml 739 429 844 819
wdm-wjxjy-800ml 822 431 929 802
wdm-wjxjy-800ml 907 436 1010 792
wdm-wjxjy-800ml 988 436 1081 788
wdm-wjxjy-800ml 1056 434 1142 775
wdm-wjxjy-800ml 1122 434 1207 761
wdm-wjxjy-800ml 344 422 417 753
wdm-wjxjy-800ml 385 422 451 766
wdm-wjxjy-800ml 424 419 495 788
wdm-wjxjy-800ml 461 424 527 805
wdm-wjxjy-800ml 505 422 576 827
wdm-wjxjy-800ml 1256 131 1334 453
wdm-wjxjy-800ml 646 856 754 1183
wdm-wjxjy-800ml 727 841 837 1146
wdm-wjxjy-800ml 981 797 1061 1097
wdm-wjxjy-800ml 1044 785 1129 1083
wdm-wjxjy-800ml 1112 775 1190 1044
wdm-wjxjy-1L 1398 192 1466 458
wdm-wjxjy-1L 1495 212 1585 456
