wdm-wjxjy-800ml 253 824 385 1172
wdm-wjxjy-800ml 353 820 483 1174
wdm-wjxjy-800ml 460 824 585 1160
wdm-wjxjy-800ml 556 818 668 1154
wdm-wjxjy-1.8L 589 1189 741 1440
wdm-wjxjy-1.8L 445 1199 610 1440
wdm-wjxjy-1.8L 310 1185 462 1440
wdm-cxhy-510g 999 1 1108 289
wdm-cxhy-510g 1081 1 1195 297
wdm-cxhy-510g 1164 1 1270 299
wdm-cxhy-510g 1237 1 1356 297
wdm-qxmc-460ml 1322 1 1449 297
wdm-qxmc-460ml 1408 1 1524 300
wdm-qxmc-460ml 1483 1 1622 304
wdm-qxmc-460ml 751 1179 831 1424
wdm-qxmc-460ml 816 1172 895 1431
wdm-qxmc-460ml 885 1172 964 1418
wdm-cxhy-510g 951 1174 1028 1414
wdm-cxhy-510g 1016 1168 1099 1406
wdm-cxhy-510g 1074 1164 1151 1400
