wdm-qxmc-460ml 162 116 200 308
wdm-qxmc-460ml 190 122 222 308
wdm-zplj-450ml 211 119 242 319
wdm-zplj-450ml 237 120 277 323
wdm-zplj-450ml 165 332 197 500
wdm-zplj-450ml 190 342 219 512
wdm-zphy-510g 211 356 242 519
wdm-zphy-510g 236 360 270 529
wdm-zphy-510g 260 365 294 536
wdm-cxhy-510g 200 534 228 677
wdm-cxhy-510g 217 543 250 694
wdm-cxhy-510g 245 552 280 705
wdm-cxhy-510g 273 571 317 717
cbl-hdj-900g 299 611 357 746
cbl-hdj-900g 343 629 397 756
cbl-lhdj-900g 379 648 440 772
cbl-lhdj-900g 414 669 482 803
wdm-btlcjy-1L 274 114 320 332
wdm-btlcjy-1L 306 117 353 340
wdm-btlcjy-1L 348 122 411 360
wdm-btlcjy-1L 405 122 468 363
wdm-wjxjy-1.3L 443 136 523 376
wdm-wjxjy-1.3L 508 139 603 389
wdm-wjxjy-1.8L 586 116 714 403
wdm-wjxjy-1.8L 665 114 810 432
wdm-wjxjy-1.8L 793 117 951 449
wdm-wjxjy-500ml 285 380 326 552
wdm-wjxjy-500ml 316 383 356 560
wdm-wjxjy-800ml 348 379 394 579
wdm-wjxjy-800ml 388 386 439 591
wdm-wjxjy-800ml 428 402 480 609
wdm-wjxjy-800ml 471 411 525 620
wdm-wjxjy-800ml 511 426 576 646
wdm-wjxjy-1L 566 434 645 674
wdm-wjxjy-1L 625 454 713 696
wdm-wjxjy-1L 686 472 777 722
wdm-wjxjy-1L 743 488 859 740
cbl-lyxdbj-500g 451 676 557 780
cbl-lyxdbj-300g 450 743 528 832
cbl-lyxtmj-500g 519 706 620 816
cbl-lyxtmj-500g 511 782 611 879
cbl-lyxtmj-500g 220 731 308 803
cbl-lyxtmj-500g 220 786 305 845
