wdm-cxmc-1.3L 1 456 232 924
wdm-cxmc-1.3L 220 462 423 936
wdm-cxmc-1.3L 388 471 597 933
wdm-wjxjy-1.3L 573 453 779 930
wdm-wjxjy-1.3L 747 459 953 947
wdm-cxmc-1.8L 923 433 1141 950
wdm-cxmc-1.8L 1123 444 1355 947
wdm-wjxjy-1.8L 1317 442 1561 947
wdm-wjxjy-1.8L 1517 439 1755 947
wdm-wjxjy-1.8L 1726 430 1920 956
cbl-lyxdbj-300g 29 1130 220 1303
cbl-lyxdbj-300g 41 1277 226 1436
cbl-lyxdbj-300g 200 1147 394 1306
cbl-lyxdbj-300g 197 1286 394 1442
cbl-lyxdbj-500g 394 1115 594 1292
cbl-lyxdbj-500g 379 1253 591 1456
cbl-lyxdbj-500g 570 1115 758 1294
cbl-lyxdbj-500g 573 1274 755 1442
cbl-lyxdbj-800g 738 1097 976 1289
cbl-lyxdbj-800g 741 1256 970 1450
cbl-lyxdbj-800g 958 1100 1167 1294
cbl-lyxdbj-800g 953 1262 1179 1453
cbl-hdj-900g 1155 1133 1347 1471
cbl-hdj-900g 1314 1136 1503 1468
cbl-lhdj-900g 1485 1133 1700 1483
cbl-lhdj-900g 1664 1136 1870 1477
wdm-wjxjy-800ml 135 1486 291 1933
wdm-wjxjy-800ml 244 1494 417 1933
wdm-wjxjy-800ml 379 1500 567 1953
wdm-wjxjy-500ml 505 1506 676 1971
wdm-wjxjy-500ml 635 1512 779 1953
wdm-wjxjy-500ml 753 1515 891 1962
wdm-btlcjy-500ml 879 1518 1041 1983
wdm-btlcjy-500ml 997 1524 1132 1965
wdm-spjbsc-500ml 1105 1527 1258 1986
wdm-spjbsc-500ml 1226 1527 1379 1997
wdm-spjbsc-500ml 1350 1536 1488 2000
wdm-spjbsc-500ml 1467 1542 1611 1997
wdm-spjbsc-500ml 1588 1542 1750 2006
wdm-wjxjy-1L 1653 2077 1841 2512
wdm-wjxjy-1L 1505 2062 1679 2518
wdm-wjxjy-1L 1347 2062 1520 2515
wdm-wjxjy-1L 905 2036 1061 2465
wdm-wjxjy-1L 767 2030 938 2465
wdm-wjxjy-800ml 632 2021 808 2459
wdm-wjxjy-800ml 511 2027 658 2465
wdm-wjxjy-800ml 382 2018 535 2447
wdm-wjxjy-800ml 247 1986 414 2447
wdm-wjxjy-800ml 100 1992 279 2447
wdm-wjxjy-800ml 1 1974 144 2418
