wdm-wjxjy-800ml 167 883 311 1362
wdm-wjxjy-800ml 282 880 426 1359
wdm-wjxjy-800ml 379 865 517 1365
wdm-wjxjy-800ml 485 841 620 1362
wdm-wjxjy-800ml 596 824 729 1356
wdm-wjxjy-800ml 699 794 873 1353
wdm-wjxjy-1L 832 803 1014 1359
wdm-wjxjy-1L 988 780 1173 1356
wdm-wjxjy-1L 1146 747 1349 1374
wdm-wjxjy-1L 1323 727 1546 1368
wdm-wjxjy-1L 1511 683 1752 1368
cbl-lyxdbj-800g 152 1627 376 1833
cbl-lyxdbj-800g 140 1809 355 2015
cbl-lyxdbj-800g 382 1465 614 1647
cbl-lyxdbj-800g 323 1641 582 1853
cbl-lyxdbj-800g 317 1833 458 2033
cbl-lyxdbj-300g 408 1750 605 1939
cbl-lyxdbj-300g 405 1912 588 2100
cbl-lyxdbj-300g 564 1765 788 1974
cbl-lyxdbj-300g 561 1941 779 2133
cbl-lyxdbj-300g 752 1774 985 1994
cbl-lyxdbj-300g 740 1959 961 2162
