wdm-qxmc-460ml 508 762 611 1074
wdm-qxmc-460ml 455 771 553 1074
wdm-cxmc-460ml 573 771 670 1056
wdm-cxmc-460ml 641 753 723 1030
wdm-cxmc-460ml 697 736 782 1036
wdm-cxmc-460ml 750 736 844 1021
wdm-cxmc-460ml 817 736 903 1024
cbl-lyxdbj-300g 1626 694 1711 780
cbl-lyxdbj-300g 1617 774 1697 844
cbl-lyxdbj-300g 1488 571 1597 653
cbl-lyxdbj-300g 1573 550 1641 647
cbl-lyxdbj-300g 1553 633 1641 736
cbl-lyxdbj-300g 1550 709 1635 792
cbl-lyxdbj-300g 1550 774 1632 856
cbl-lyxtmj-300g 1479 644 1576 747
cbl-lyxtmj-300g 1491 724 1576 809
cbl-lyxtmj-300g 1505 800 1582 868
cbl-lyxsrdbj-300g 1438 739 1520 824
cbl-lyxsrdbj-300g 1432 809 1514 877
cbl-lyxsrdbj-300g 1367 668 1470 765
cbl-lyxljj-300g 1353 742 1458 827
cbl-lyxljj-300g 1358 803 1450 894
cbl-lyxdbj-300g 1211 556 1338 668
cbl-lyxdbj-300g 1267 659 1382 771
cbl-lyxdbj-300g 1291 750 1367 842
cbl-lyxdbj-300g 1297 830 1376 912
cbl-hdj-500g 1182 703 1317 806
cbl-hdj-500g 1179 783 1308 880
cbl-hdj-500g 1188 842 1308 936
cbl-hdj-300g 1073 836 1217 918
cbl-hdj-300g 1014 756 1153 850
cbl-lyxtmj-300g 1223 1030 1344 1156
cbl-lyxtmj-300g 1211 1124 1350 1233
wdm-qxmc-460ml 1423 959 1488 1177
wdm-cxmc-460ml 1376 956 1441 1186
cbl-hdj-800g 729 1077 870 1209
cbl-hdj-800g 753 1177 879 1294
cbl-hdj-800g 755 1253 882 1356
cbl-lyxtmj-800g 838 1053 973 1174
cbl-lyxtmj-800g 853 1147 967 1247
cbl-lyxtmj-800g 867 1230 970 1324
cbl-lyxdbj-800g 632 1174 773 1324
cbl-lyxdbj-800g 641 1283 782 1377
cbl-lyxdbj-800g 520 1194 658 1350
cbl-lyxdbj-800g 550 1324 673 1430
wdm-qxmc-460ml 579 1468 673 1712
wdm-qxmc-460ml 688 1421 773 1668
wdm-qxmc-460ml 803 1389 905 1615
wdm-qxmc-460ml 1085 1321 1150 1527
wdm-cxmc-460ml 626 1444 708 1677
wdm-cxmc-460ml 741 1418 820 1636
wdm-cxmc-460ml 861 1371 938 1586
wdm-cxmc-460ml 1041 1327 1100 1539
cbl-lyxdbj-300g 1544 1253 1620 1321
cbl-lyxdbj-300g 1497 1168 1570 1242
cbl-lyxljj-300g 1361 1259 1423 1344
cbl-lyxljj-300g 1358 1330 1417 1406
cbl-lyxljj-300g 1411 1306 1476 1377
cbl-lyxljj-300g 1391 1247 1476 1327
cbl-lyxljj-300g 1408 1356 1479 1421
cbl-lyxtmj-300g 1444 1221 1523 1309
cbl-lyxtmj-300g 1450 1292 1514 1353
