cbl-hdj-900g 223 1180 388 1492
cbl-hdj-900g 370 1180 526 1486
wdm-cxhy-510g 503 1086 620 1480
wdm-cxhy-510g 597 1083 714 1474
wdm-spjbsc-500ml 697 1086 806 1456
wdm-spjbsc-500ml 785 1103 891 1453
cbl-lyxdbj-300g 882 1180 1044 1333
cbl-lyxdbj-300g 879 1297 1038 1442
cbl-lyxdbj-300g 1008 1039 1203 1200
cbl-lyxdbj-300g 1003 1159 1185 1315
cbl-lyxdbj-300g 1006 1289 1173 1439
wdm-wjxjy-1.3L 1135 562 1291 956
wdm-wjxjy-1.3L 1017 539 1179 959
wdm-wjxjy-1.3L 917 527 1044 942
wdm-wjxjy-1.8L 1267 547 1441 959
wdm-wjxjy-1.8L 758 465 958 944
wdm-wjxjy-1.8L 576 442 776 924
wdm-wjxjy-1.8L 394 421 603 921
wdm-wjxjy-1L 256 1603 379 2009
wdm-wjxjy-1L 358 1600 500 1992
wdm-wjxjy-1L 476 1583 594 1962
wdm-wjxjy-1L 585 1568 708 1942
wdm-btlcjy-1L 811 1539 938 1897
wdm-btlcjy-1L 908 1542 1029 1877
wdm-cxmc-1.3L 685 1565 829 1915
wdm-cxmc-1.3L 1029 1521 1176 1839
wdm-cxmc-1.3L 1144 1518 1285 1836
