cbl-hdj-900g 429 1036 585 1336
cbl-hdj-900g 564 1030 708 1315
cbl-lyxdbj-300g 300 1418 464 1577
cbl-lyxdbj-300g 453 1394 617 1544
cbl-lyxdbj-300g 311 1550 482 1680
cbl-lyxdbj-300g 603 1374 750 1521
cbl-lyxdbj-300g 614 1489 753 1633
wdm-wjxjy-1L 688 624 811 1030
wdm-wjxjy-1L 788 621 906 1033
wdm-wjxjy-1L 891 621 1011 1027
wdm-wjxjy-1L 985 624 1088 1015
wdm-wjxjy-1L 1073 630 1185 991
wdm-wjxjy-1L 1167 627 1279 986
wdm-wjxjy-800ml 1247 615 1358 989
wdm-wjxjy-800ml 1338 630 1438 980
wdm-wjxjy-800ml 1417 630 1511 977
wdm-wjxjy-800ml 1488 633 1576 962
wdm-wjxjy-800ml 1564 630 1650 959
