wdm-wjxjy-800ml 410 243 589 789
wdm-wjxjy-800ml 564 233 731 793
wdm-wjxjy-800ml 712 243 870 793
wdm-wjxjy-800ml 851 256 1003 766
wdm-wjxjy-800ml 974 264 1135 745
wdm-wjxjy-500ml 258 324 439 783
wdm-wjxjy-500ml 110 322 318 795
wdm-wjxjy-500ml 1 316 158 789
wdm-btlcjy-500ml 1106 337 1278 764
wdm-btlcjy-500ml 1218 345 1408 766
wdm-spjbsc-500ml 1328 341 1537 770
wdm-spjbsc-500ml 1443 350 1649 772
wdm-spjbsc-500ml 1545 345 1751 775
wdm-qxmc-460ml 1633 327 1862 766
wdm-qxmc-460ml 1729 335 1919 760
wdm-wjxjy-1.3L 124 854 343 1220
wdm-wjxjy-1.3L 306 856 514 1220
wdm-wjxjy-1.3L 479 852 664 1202
wdm-wjxjy-1.3L 653 845 841 1193
wdm-wjxjy-1.3L 822 847 995 1177
wdm-wjxjy-1.3L 966 849 1147 1175
wdm-wjxjy-1.3L 1108 837 1303 1154
wdm-wjxjy-1.3L 1249 839 1451 1152
wdm-wjxjy-1.8L 1397 839 1626 1141
wdm-wjxjy-1.8L 1541 829 1772 1145
