wdm-wjxjy-500ml 120 258 371 909
cbl-lyxdbj-300g 371 453 659 690
cbl-lyxdbj-300g 383 649 661 866
cbl-lyxdbj-300g 598 444 827 646
cbl-lyxdbj-300g 632 617 829 807
cbl-lyxdbj-300g 781 436 976 614
cbl-lyxdbj-300g 800 592 966 768
cbl-lyxtmj-300g 951 429 1127 595
cbl-lyxtmj-300g 949 575 1112 729
cbl-lyxtmj-300g 1093 422 1234 578
cbl-lyxtmj-300g 1085 558 1222 707
cbl-lyxdbj-500g 1127 378 1322 541
cbl-lyxdbj-500g 1200 527 1303 670
cbl-lyxdbj-500g 1288 368 1412 527
cbl-lyxdbj-500g 1276 509 1381 651
cbl-lyxdbj-500g 1385 378 1493 509
cbl-lyxdbj-500g 1356 502 1461 629
cbl-lyxdbj-800g 1459 349 1546 492
cbl-lyxdbj-800g 1432 473 1529 607
