wdm-wjxjy-500ml 161 824 432 1486
wdm-wjxjy-500ml 346 791 585 1421
wdm-wjxjy-500ml 538 747 738 1374
wdm-wjxjy-500ml 685 715 879 1306
wdm-wjxjy-500ml 832 700 996 1250
wdm-wjxjy-500ml 958 668 1111 1209
wdm-wjxjy-500ml 1082 636 1217 1168
wdm-zphy-510g 1205 606 1311 1124
wdm-zphy-510g 1302 589 1396 1094
wdm-zphy-510g 1379 577 1476 1065
wdm-spjbsc-500ml 1449 550 1543 1021
wdm-spjbsc-500ml 1517 521 1632 1003
wdm-spjbsc-500ml 1605 509 1717 977
wdm-wjxjy-800ml 296 1536 526 1974
wdm-wjxjy-800ml 464 1494 676 1909
wdm-wjxjy-800ml 614 1406 799 1827
wdm-wjxjy-800ml 755 1347 917 1759
wdm-wjxjy-800ml 882 1303 1017 1694
wdm-wjxjy-800ml 993 1262 1114 1624
wdm-qxmc-460ml 1099 1189 1214 1591
wdm-qxmc-460ml 1202 1183 1299 1553
wdm-btlcjy-500ml 1282 1144 1388 1515
wdm-btlcjy-500ml 1370 1112 1467 1471
wdm-btlcjy-500ml 1458 1083 1540 1424
wdm-btlcjy-500ml 1514 1059 1608 1400
wdm-wjxjy-1.3L 1202 1594 1338 1871
wdm-wjxjy-1.3L 1323 1521 1452 1818
wdm-wjxjy-1.3L 1426 1465 1543 1747
wdm-wjxjy-1.8L 1055 1659 1214 1977
wdm-wjxjy-1.8L 888 1741 1076 2074
wdm-wjxjy-1.8L 720 1836 923 2180
wdm-wjxjy-1.8L 549 1944 764 2300
wdm-wjxjy-1.8L 329 2044 579 2436
