wdm-wjxjy-1.3L 176 537 256 736
wdm-wjxjy-1.3L 248 528 331 736
wdm-wjxjy-800ml 325 506 393 734
wdm-wjxjy-800ml 406 511 462 719
wdm-wjxjy-1L 443 505 511 723
wdm-wjxjy-1L 505 499 576 722
wdm-wjxjy-500ml 568 519 633 723
wdm-wjxjy-500ml 626 511 696 722
cbl-lyxdbj-500g 160 839 268 926
cbl-lyxdbj-500g 276 763 379 840
cbl-lyxdbj-500g 285 829 371 909
cbl-lyxdbj-300g 342 846 425 923
cbl-lyxdbj-300g 368 783 446 852
cbl-lyxdbj-300g 440 779 516 848
cbl-lyxdbj-300g 419 840 494 914
cbl-hdj-900g 439 1192 516 1365
cbl-hdj-900g 511 1205 590 1365
