cbl-hdj-900g 673 174 873 515
cbl-hdj-900g 958 180 1158 530
cbl-hdj-900g 1208 103 1408 480
cbl-hdj-900g 888 892 1070 1239
cbl-hdj-900g 1094 853 1291 1192
cbl-hdj-900g 735 862 926 1203
cbl-hdj-900g 608 824 779 1153
cbl-hdj-900g 461 792 658 1130
cbl-hdj-900g 385 747 561 1062
cbl-hdj-900g 47 677 247 977
cbl-hdj-900g 158 700 326 1006
cbl-hdj-900g 264 727 426 1044
cbl-hdj-900g 1214 806 1385 1133
cbl-hdj-900g 1264 753 1432 1059
cbl-hdj-900g 1314 703 1470 997
cbl-hdj-900g 1376 659 1526 956
cbl-hdj-900g 1441 624 1582 906
cbl-hdj-900g 1508 592 1644 877
cbl-hdj-900g 1582 565 1714 821
cbl-hdj-900g 1626 527 1756 777
