wdm-wjxjy-1L 756 507 842 853
wdm-wjxjy-1L 790 522 888 895
wdm-wjxjy-1L 842 534 937 931
wdm-wjxjy-1L 893 549 1010 968
wdm-wjxjy-1L 985 561 1132 1029
wdm-wjxjy-1L 1139 563 1290 1044
wdm-wjxjy-1L 1388 536 1546 1009
wdm-wjxjy-1L 1517 512 1668 958
wdm-wjxjy-1L 1617 500 1720 922
wdm-wjxjy-1L 1739 470 1876 863
wdm-wjxjy-1L 1668 483 1761 885
wdm-wjxjy-800ml 1271 531 1420 1031
wdm-wjxjy-800ml 1449 85 1546 451
wdm-wjxjy-800ml 1524 61 1629 424
wdm-wjxjy-800ml 1593 75 1673 422
wdm-wjxjy-800ml 1651 68 1756 419
wdm-wjxjy-800ml 1749 58 1878 409
wdm-wjxjy-1L 1081 136 1171 480
wdm-wjxjy-1L 1134 127 1232 490
wdm-wjxjy-1L 1290 105 1400 483
wdm-wjxjy-1L 1373 105 1471 473
