wdm-wjxjy-800ml 182 1089 314 1453
wdm-wjxjy-800ml 293 1106 426 1465
wdm-wjxjy-800ml 408 1112 532 1477
wdm-wjxjy-800ml 511 1112 652 1471
wdm-wjxjy-800ml 640 1124 767 1477
wdm-wjxjy-800ml 761 1139 882 1491
wdm-wjxjy-800ml 867 1141 990 1494
wdm-wjxjy-800ml 982 1147 1111 1509
wdm-wjxjy-800ml 1108 1159 1246 1536
wdm-wjxjy-800ml 1226 1177 1364 1550
wdm-wjxjy-800ml 1343 1180 1479 1562
wdm-wjxjy-800ml 1458 1186 1608 1571
wdm-wjxjy-800ml 323 841 435 1147
wdm-wjxjy-800ml 423 850 532 1159
wdm-wjxjy-800ml 520 853 623 1162
wdm-wjxjy-800ml 614 859 720 1165
wdm-wjxjy-800ml 714 865 823 1183
wdm-wjxjy-800ml 814 874 923 1171
wdm-wjxjy-800ml 908 877 1014 1186
wdm-wjxjy-800ml 1005 886 1114 1189
wdm-wjxjy-800ml 1105 883 1223 1191
wdm-wjxjy-800ml 1205 889 1314 1203
wdm-wjxjy-800ml 1305 894 1420 1212
wdm-wjxjy-800ml 1414 897 1523 1206
wdm-wjxjy-800ml 635 415 746 789
wdm-wjxjy-800ml 726 415 835 806
wdm-wjxjy-800ml 826 421 929 806
wdm-wjxjy-800ml 917 424 1023 806
wdm-wjxjy-800ml 1014 427 1117 812
wdm-wjxjy-800ml 1102 430 1217 815
wdm-wjxjy-800ml 1202 436 1326 824
