lyx-tjyzjy-500ml 237 1 323 199
lyx-tjyzjy-500ml 316 1 394 202
lyx-tjyzjy-500ml 390 1 468 217
lyx-tjyzjy-500ml 248 254 320 520
lyx-tjyzjy-500ml 319 266 390 526
lyx-tjyzjy-500ml 388 276 459 534
lyx-tjyzjy-500ml 236 554 311 796
lyx-tjyzjy-500ml 308 560 379 799
lyx-tjyzjy-500ml 374 566 443 796
lyx-hsjy-500ml 470 1 545 222
lyx-hsjy-500ml 545 1 617 226
lyx-hsjy-500ml 611 1 685 231
lyx-hsjy-500ml 460 277 530 526
lyx-hsjy-500ml 526 286 599 537
lyx-hsjy-500ml 593 289 663 540
lyx-hsjy-500ml 440 571 508 796
lyx-hsjy-500ml 505 572 574 797
lyx-hsjy-500ml 570 577 633 797
lyx-tjjy-500ml 630 576 697 802
lyx-tjjy-500ml 694 579 766 803
lyx-tjjy-500ml 759 583 833 805
lyx-tjjy-500ml 662 291 728 545
lyx-tjjy-500ml 730 299 793 546
lyx-tjjy-500ml 791 305 860 545
lyx-tjjy-500ml 680 1 756 237
lyx-tjjy-500ml 750 1 826 243
lyx-tjjy-500ml 817 1 897 252
wdm-wjxjy-1.8L 250 831 345 1040
wdm-wjxjy-1.8L 340 834 431 1043
wdm-wjxjy-1.8L 426 839 514 1048
wdm-wjxjy-1.8L 236 1080 339 1302
wdm-wjxjy-1.8L 331 1085 431 1299
wdm-wjxjy-1.8L 426 1082 523 1302
wdm-wjxjy-800ml 510 842 574 1040
wdm-wjxjy-800ml 568 840 631 1042
wdm-wjxjy-800ml 626 843 691 1043
wdm-wjxjy-800ml 686 845 748 1043
wdm-wjxjy-800ml 739 840 806 1045
wdm-wjxjy-800ml 517 1080 593 1300
wdm-wjxjy-800ml 586 1079 659 1294
wdm-wjxjy-800ml 651 1076 730 1296
wdm-wjxjy-800ml 717 1079 796 1291
