wdm-wjxjy-500ml 139 116 204 339
wdm-wjxjy-500ml 198 114 264 343
wdm-wjxjy-500ml 260 112 329 341
wdm-wjxjy-500ml 162 370 227 589
wdm-wjxjy-500ml 220 374 289 599
lyx-tjjy-500ml 356 103 429 347
lyx-tjjy-500ml 423 101 491 347
lyx-tjjy-500ml 504 105 568 351
lyx-tjjy-500ml 566 105 635 353
lyx-tjjy-500ml 643 106 712 345
lyx-tjjy-500ml 712 108 781 353
lyx-tjjy-500ml 781 105 852 353
lyx-tjjy-500ml 866 106 937 351
lyx-tjjy-500ml 950 105 1033 355
lyx-tjjy-500ml 458 376 531 595
lyx-tjjy-500ml 525 374 595 597
lyx-tjjy-500ml 589 376 658 603
lyx-tjjy-500ml 650 376 716 605
wdm-wjxjy-800ml 141 633 218 878
wdm-wjxjy-800ml 204 630 277 885
wdm-wjxjy-800ml 270 641 341 880
wdm-wjxjy-800ml 331 633 402 887
wdm-wjxjy-800ml 395 643 464 891
wdm-wjxjy-800ml 162 903 239 1126
wdm-wjxjy-800ml 233 906 306 1126
wdm-wjxjy-800ml 302 903 379 1133
wdm-wjxjy-800ml 372 910 447 1131
wdm-wjxjy-800ml 441 910 520 1135
wdm-wjxjy-800ml 512 916 587 1143
wdm-wjxjy-500ml 281 380 347 599
wdm-wjxjy-500ml 343 374 406 597
wdm-wjxjy-500ml 400 378 466 599
wdm-cxhy-510g 456 674 514 889
wdm-zphy-510g 510 674 564 891
wdm-zphy-510g 560 678 616 891
wdm-zphy-510g 610 680 668 891
wdm-zphy-510g 664 683 714 885
wdm-zplj-450ml 714 670 773 887
wdm-zplj-450ml 766 672 822 895
wdm-zplj-450ml 812 668 877 899
wdm-cxmc-460ml 870 674 931 897
wdm-cxmc-460ml 923 674 981 901
wdm-cxmc-460ml 977 676 1039 901
wdm-cxmc-460ml 1031 680 1093 903
wdm-cxmc-460ml 1089 683 1150 910
lyx-tjyzjy-500ml 723 380 795 605
lyx-tjyzjy-500ml 791 381 864 610
lyx-tjyzjy-500ml 883 383 952 612
lyx-tjyzjy-500ml 952 381 1020 612
lyx-tjyzjy-500ml 1018 387 1087 610
lyx-tjyzjy-500ml 1081 387 1156 612
wdm-btlcjy-1L 579 922 650 1139
wdm-btlcjy-1L 647 928 716 1139
wdm-btlcjy-1L 710 933 779 1147
wdm-spjbsc-1.3L 779 933 866 1149
wdm-spjbsc-1.3L 862 937 952 1153
wdm-spjbsc-1.3L 950 933 1037 1156
wdm-spjbsc-1.3L 1031 939 1125 1158
wdm-spjbsc-1.3L 1000 1220 1110 1460
wdm-spjbsc-1.3L 908 1201 1008 1431
wdm-spjbsc-1.3L 816 1206 918 1441
wdm-wjxjy-1.8L 631 1208 725 1426
wdm-wjxjy-1.8L 722 1197 820 1439
wdm-wjxjy-1.8L 529 1199 610 1414
wdm-wjxjy-1.8L 450 1197 535 1410
wdm-wjxjy-1.8L 356 1193 441 1408
wdm-wjxjy-1.8L 277 1185 364 1397
wdm-wjxjy-1.8L 197 1187 285 1397
