lyx-tjyzjy-160ml 631 69 693 257
lyx-nmzyjy-380ml 191 311 251 532
lyx-nmzyjy-380ml 248 312 311 539
lyx-nmzyjy-380ml 303 316 366 534
lyx-nmzyjy-380ml 363 317 426 540
lyx-tjyzjy-500ml 420 309 485 540
lyx-tjyzjy-500ml 483 309 545 543
lyx-tjyzjy-500ml 542 314 605 545
lyx-tjyzjy-500ml 603 314 665 542
lyx-tjyzjy-500ml 663 314 725 542
lyx-hsjy-500ml 216 597 283 803
lyx-hsjy-500ml 279 599 346 802
lyx-hsjy-500ml 340 600 400 800
lyx-hsjy-500ml 397 603 459 808
lyx-tjjy-500ml 454 599 517 792
lyx-tjjy-500ml 514 600 573 794
lyx-tjjy-500ml 570 600 630 792
lyx-tjjy-500ml 626 600 688 797
lyx-hsjy-1L 222 846 294 1043
lyx-hsjy-1L 280 849 348 1043
lyx-hsjy-1L 339 852 408 1045
lyx-hsjy-1L 400 845 463 1037
lyx-tjjy-1L 456 843 522 1037
lyx-tjjy-1L 517 852 583 1040
lyx-tjjy-1L 577 846 639 1037
lyx-tjjy-1L 636 849 700 1042
