wdm-wjxjy-500ml 942 788 1000 963
wdm-wjxjy-500ml 990 790 1046 963
wdm-wjxjy-500ml 1042 790 1095 953
wdm-wjxjy-500ml 1088 780 1142 968
wdm-wjxjy-500ml 1139 785 1190 961
wdm-zphy-510g 1178 783 1234 961
wdm-zphy-510g 1229 778 1288 958
wdm-zplj-450ml 1290 775 1344 956
wdm-zplj-450ml 1332 788 1383 951
wdm-zplj-450ml 1376 792 1434 956
wdm-btlcjy-500ml 898 788 951 966
wdm-btlcjy-500ml 844 783 907 973
wdm-btlcjy-500ml 798 780 851 961
wdm-btlcjy-500ml 751 783 805 958
wdm-wjxjy-1L 1168 570 1234 761
wdm-wjxjy-1L 1227 566 1295 753
wdm-wjxjy-1L 1288 566 1354 768
wdm-wjxjy-1L 1344 568 1410 768
wdm-wjxjy-1L 1395 568 1461 758
wdm-cxhy-510g 1127 578 1178 763
wdm-cxhy-510g 1081 573 1139 763
wdm-cxhy-510g 1034 570 1085 763
wdm-spjbsc-500ml 985 568 1039 778
wdm-spjbsc-500ml 934 573 990 770
wdm-qxmc-460ml 893 568 942 768
wdm-qxmc-460ml 844 568 895 778
wdm-cxmc-460ml 795 568 851 778
wdm-cxmc-460ml 744 573 805 783
cbl-lyxtmj-800g 737 388 829 473
cbl-lyxtmj-800g 824 390 927 475
cbl-lyxtmj-800g 824 463 920 553
cbl-hdj-300g 910 422 1012 470
cbl-hdj-300g 915 466 1015 512
cbl-hdj-300g 917 502 1010 553
cbl-hdj-300g 1005 456 1100 514
cbl-hdj-300g 1005 502 1095 551
cbl-lyxdbj-800g 1376 158 1485 246
cbl-lyxdbj-800g 1373 231 1478 317
cbl-lyxdbj-500g 1298 170 1381 253
cbl-lyxdbj-500g 1293 244 1383 322
cbl-lyxdbj-500g 1212 170 1305 251
cbl-lyxdbj-500g 1210 239 1305 317
cbl-lyxdbj-300g 1132 183 1222 261
cbl-lyxdbj-300g 1049 185 1134 258
cbl-lyxdbj-300g 1051 251 1137 322
cbl-lyxdbj-300g 1098 129 1183 195
cbl-lyxdbj-300g 1012 131 1103 197
cbl-lyxdbj-300g 934 129 1012 200
cbl-lyxdbj-300g 849 122 939 207
cbl-lyxdbj-300g 773 119 851 202
cbl-lyxtmj-300g 968 183 1054 258
cbl-lyxtmj-300g 885 247 976 322
cbl-lyxtmj-300g 893 185 981 266
cbl-lyxtmj-300g 851 51 944 136
cbl-lyxtmj-300g 932 58 1022 149
cbl-lyxtmj-300g 1017 63 1105 146
wdm-wjxjy-1.3L 763 980 849 1144
wdm-wjxjy-1.3L 842 980 929 1139
wdm-wjxjy-1.3L 917 983 1005 1144
wdm-wjxjy-1.3L 998 975 1083 1141
wdm-wjxjy-1.3L 1071 975 1151 1149
wdm-wjxjy-1.3L 1139 975 1222 1146
wdm-spjbsc-1.3L 1210 975 1295 1139
wdm-spjbsc-1.3L 1283 975 1366 1153
wdm-spjbsc-1.3L 1356 970 1444 1151
