wdm-wjxjy-800ml 573 953 708 1389
wdm-wjxjy-800ml 688 950 803 1383
wdm-wjxjy-800ml 797 936 923 1377
wdm-wjxjy-800ml 908 950 1032 1380
wdm-wjxjy-800ml 1011 944 1132 1368
wdm-wjxjy-800ml 1114 939 1232 1359
wdm-wjxjy-800ml 276 1468 450 1947
wdm-wjxjy-800ml 426 1456 582 1927
wdm-wjxjy-800ml 567 1439 703 1909
wdm-wjxjy-800ml 685 1436 823 1894
wdm-wjxjy-800ml 808 1427 941 1874
wdm-wjxjy-800ml 926 1427 1050 1874
wdm-wjxjy-800ml 1038 1418 1161 1862
wdm-wjxjy-800ml 1153 1406 1276 1847
wdm-wjxjy-800ml 1253 1391 1376 1824
wdm-wjxjy-800ml 1364 1389 1494 1818
wdm-wjxjy-800ml 1467 1386 1603 1806
wdm-wjxjy-800ml 1591 1383 1706 1806
