wdm-wjxjy-800ml 452 950 608 1486
wdm-wjxjy-800ml 596 956 752 1497
wdm-wjxjy-800ml 732 968 888 1497
wdm-wjxjy-800ml 870 962 1023 1500
wdm-wjxjy-800ml 1008 962 1161 1506
wdm-wjxjy-800ml 1149 971 1302 1512
wdm-wjxjy-800ml 1290 971 1458 1515
wdm-wjxjy-800ml 93 1539 276 2039
wdm-wjxjy-800ml 255 1544 417 2039
wdm-wjxjy-800ml 399 1536 567 2044
wdm-wjxjy-800ml 546 1539 714 2047
wdm-wjxjy-800ml 696 1547 861 2050
wdm-wjxjy-800ml 849 1550 1008 2053
wdm-wjxjy-800ml 999 1550 1155 2059
wdm-wjxjy-800ml 1146 1559 1308 2065
wdm-wjxjy-800ml 1293 1571 1467 2062
wdm-wjxjy-800ml 1452 1580 1620 2083
wdm-wjxjy-800ml 1599 1580 1782 2083
