wdm-spjbsc-500ml 1061 1 1206 539
wdm-spjbsc-500ml 1182 1 1303 524
wdm-spjbsc-500ml 1291 6 1429 533
wdm-cxhy-510g 1408 27 1532 530
wdm-cxhy-510g 1506 36 1611 524
wdm-qxmc-460ml 1579 12 1723 521
wdm-qxmc-460ml 1679 18 1829 524
wdm-btlcjy-500ml 276 647 441 1133
wdm-btlcjy-500ml 147 644 323 1124
wdm-btlcjy-500ml 1 653 182 1147
wdm-wjxjy-500ml 411 644 573 1124
wdm-wjxjy-500ml 547 639 703 1100
wdm-wjxjy-500ml 682 636 832 1109
wdm-wjxjy-800ml 806 612 958 1100
wdm-wjxjy-1L 947 603 1100 1097
wdm-wjxjy-1L 1079 606 1232 1074
wdm-wjxjy-1L 1208 609 1361 1074
wdm-wjxjy-1L 1332 603 1491 1071
wdm-wjxjy-1.8L 1456 606 1682 1074
wdm-wjxjy-1.8L 1635 600 1847 1050
