wdm-wjxjy-800ml 356 186 479 600
wdm-wjxjy-800ml 467 206 582 615
wdm-wjxjy-800ml 567 230 679 624
wdm-wjxjy-1L 658 268 773 630
wdm-wjxjy-1L 753 286 861 641
wdm-wjxjy-1L 850 306 953 647
wdm-wjxjy-1L 938 318 1047 653
wdm-wjxjy-500ml 1023 383 1085 656
wdm-wjxjy-500ml 1070 389 1153 668
wdm-wjxjy-500ml 1135 394 1208 665
wdm-wjxjy-500ml 1194 389 1267 674
wdm-btlcjy-500ml 1256 421 1329 686
wdm-btlcjy-500ml 1314 427 1391 683
wdm-btlcjy-500ml 1376 439 1450 691
wdm-btlcjy-500ml 1432 444 1508 697
wdm-cxhy-510g 647 774 744 1103
wdm-cxhy-510g 723 774 814 1106
wdm-cxhy-510g 788 774 870 1091
wdm-cxhy-510g 858 783 935 1089
wdm-qxmc-460ml 917 765 994 1091
wdm-qxmc-460ml 973 762 1053 1089
wdm-qxmc-460ml 1038 768 1117 1080
wdm-spjbsc-500ml 1094 786 1173 1077
wdm-spjbsc-500ml 1164 791 1241 1068
wdm-spjbsc-500ml 1229 797 1294 1068
wdm-cxmc-460ml 1276 786 1356 1068
wdm-cxmc-460ml 1335 789 1406 1071
wdm-cxmc-460ml 1385 789 1456 1074
wdm-cxmc-460ml 1444 789 1500 1071
cbl-lyxdbj-500g 364 1424 517 1571
cbl-lyxdbj-500g 358 1541 529 1677
cbl-lyxdbj-500g 497 1406 650 1550
cbl-lyxdbj-500g 506 1524 647 1677
cbl-lyxtmj-300g 611 1415 761 1536
cbl-lyxtmj-300g 632 1512 761 1630
cbl-lyxtmj-300g 726 1403 861 1518
cbl-lyxtmj-300g 738 1491 870 1621
cbl-lyxdbj-300g 841 1389 967 1494
cbl-lyxdbj-300g 850 1477 967 1586
cbl-lyxdbj-300g 938 1377 1056 1480
cbl-lyxdbj-300g 953 1468 1053 1568
cbl-lyxdbj-300g 1023 1362 1144 1465
cbl-lyxdbj-300g 1041 1453 1147 1550
cbl-hdj-900g 1117 1333 1238 1536
cbl-hdj-900g 1208 1330 1288 1512
cbl-hdj-900g 1273 1312 1364 1512
cbl-hdj-900g 1338 1309 1429 1497
cbl-hdj-900g 1403 1291 1491 1483
wdm-wjxjy-800ml 656 1859 767 2230
wdm-wjxjy-800ml 741 1841 850 2191
wdm-wjxjy-800ml 832 1827 929 2165
wdm-wjxjy-800ml 906 1806 1008 2139
wdm-wjxjy-800ml 985 1789 1079 2115
wdm-wjxjy-1.3L 1061 1780 1170 2077
wdm-wjxjy-1.3L 1150 1759 1253 2050
wdm-wjxjy-1.3L 1238 1739 1350 2027
wdm-wjxjy-1.3L 1317 1718 1420 1997
wdm-wjxjy-1.3L 1403 1700 1491 1959
wdm-wjxjy-1.3L 1470 1680 1564 1933
