cbl-lyxdbj-300g 224 497 429 675
cbl-lyxdbj-300g 244 634 434 795
cbl-lyxdbj-300g 420 497 615 673
cbl-lyxdbj-300g 427 627 612 788
cbl-lyxdbj-300g 605 500 793 668
cbl-lyxdbj-300g 603 624 785 783
cbl-lyxdbj-800g 768 429 995 631
cbl-lyxdbj-800g 778 575 983 766
cbl-lyxdbj-800g 973 419 1188 619
cbl-lyxdbj-800g 966 566 1163 768
cbl-lyxdbj-800g 1146 424 1368 622
cbl-lyxdbj-800g 1142 575 1339 744
cbl-lhdj-900g 1300 463 1478 731
cbl-lhdj-900g 1422 456 1593 744
cbl-lhdj-900g 1527 461 1703 729
cbl-lhdj-900g 1637 444 1803 717
