wdm-wjxjy-1.8L 967 1812 1235 2418
wdm-wjxjy-1.8L 1194 1862 1461 2489
wdm-wjxjy-1.8L 1432 1903 1726 2550
wdm-wjxjy-1L 811 1809 997 2353
wdm-wjxjy-1L 679 1777 853 2318
wdm-wjxjy-1L 541 1756 714 2277
wdm-wjxjy-1L 408 1733 591 2244
wdm-wjxjy-1L 1208 1018 1417 1694
wdm-wjxjy-1L 1403 1027 1638 1709
wdm-wjxjy-800ml 1032 992 1232 1665
wdm-wjxjy-800ml 873 983 1070 1644
wdm-wjxjy-800ml 726 992 894 1615
wdm-wjxjy-800ml 591 994 764 1609
wdm-wjxjy-800ml 450 986 623 1580
wdm-wjxjy-500ml 653 144 808 703
wdm-wjxjy-500ml 508 186 661 724
wdm-wjxjy-500ml 370 186 538 721
wdm-spjbsc-500ml 776 83 956 712
wdm-spjbsc-500ml 929 50 1108 700
wdm-spjbsc-500ml 1079 18 1285 686
wdm-cxmc-1.3L 1256 1 1550 662
wdm-cxmc-1.3L 1520 1 1861 653
