lyx-hsjy-500ml 233 378 379 793
lyx-hsjy-500ml 352 364 493 776
lyx-hsjy-500ml 475 353 620 760
lyx-hsjy-500ml 598 345 729 760
lyx-tjyzjy-500ml 166 1 300 291
lyx-tjyzjy-500ml 289 1 423 281
lyx-tjyzjy-500ml 414 1 547 274
lyx-tjyzjy-500ml 537 1 666 266
lyx-tjjy-500ml 293 853 433 1239
lyx-tjjy-500ml 410 841 548 1230
lyx-tjjy-500ml 529 826 652 1212
lyx-tjjy-500ml 629 816 756 1195
lyx-tjjy-1L 354 1303 497 1628
lyx-tjjy-1L 475 1297 608 1620
lyx-tjjy-1L 583 1283 723 1597
lyx-tjjy-1L 702 1262 835 1572
lyx-tjjy-1L 823 1256 948 1564
lyx-tjjy-1L 931 1237 1060 1558
lyx-tjjy-1L 1048 1222 1170 1545
