wdm-wjxjy-800ml 371 805 522 1251
wdm-wjxjy-800ml 507 800 632 1207
wdm-wjxjy-800ml 615 773 732 1163
wdm-wjxjy-800ml 712 753 810 1136
wdm-wjxjy-800ml 788 736 881 1080
wdm-wjxjy-800ml 861 714 937 1049
wdm-wjxjy-800ml 924 702 1005 1014
wdm-wjxjy-800ml 990 685 1073 990
wdm-wjxjy-500ml 1054 705 1127 963
wdm-wjxjy-500ml 1112 695 1181 953
wdm-wjxjy-500ml 1166 683 1224 931
wdm-wjxjy-500ml 1207 673 1263 907
wdm-wjxjy-500ml 1249 658 1300 890
wdm-wjxjy-1.3L 1190 331 1322 607
wdm-wjxjy-1.3L 1293 329 1371 595
wdm-wjxjy-1.3L 1346 341 1415 590
wdm-wjxjy-1.3L 1383 341 1456 580
wdm-wjxjy-1.8L 1434 324 1503 580
wdm-wjxjy-1.8L 1478 334 1551 568
