cbl-hdj-900g 361 591 529 965
cbl-hdj-900g 453 600 635 965
cbl-lyxdbj-300g 535 650 744 862
cbl-lyxdbj-300g 564 827 726 1012
cbl-lyxdbj-300g 673 662 873 894
cbl-lyxdbj-300g 688 836 879 1053
cbl-lyxdbj-500g 832 630 1103 900
cbl-lyxdbj-500g 841 850 1067 1109
cbl-lyxdbj-500g 1011 653 1300 941
cbl-lyxdbj-500g 1023 891 1279 1144
cbl-lyxdbj-800g 1244 630 1623 974
cbl-lyxdbj-800g 1226 900 1588 1215
cbl-lhdj-900g 423 1036 558 1315
cbl-lhdj-900g 511 1053 667 1365
cbl-lyxtmj-300g 611 1109 794 1300
cbl-lyxtmj-300g 626 1247 788 1418
cbl-lyxtmj-300g 735 1147 935 1350
cbl-lyxtmj-300g 738 1294 911 1480
cbl-lyxtmj-300g 873 1189 1073 1415
cbl-lyxtmj-300g 879 1344 1050 1550
cbl-lyxtmj-800g 1020 1191 1282 1447
cbl-lyxtmj-800g 1029 1362 1288 1624
cbl-lyxtmj-800g 1253 1262 1570 1541
cbl-lyxtmj-800g 1253 1444 1567 1727
cbl-hdj-900g 573 1424 717 1665
cbl-hdj-900g 685 1462 823 1718
