wdm-spjbsc-500ml 197 347 250 537
wdm-spjbsc-500ml 243 345 291 539
wdm-spjbsc-500ml 285 341 337 539
wdm-spjbsc-500ml 327 337 377 539
wdm-spjbsc-500ml 373 331 429 539
wdm-spjbsc-500ml 423 331 472 533
wdm-spjbsc-500ml 468 324 518 535
wdm-spjbsc-500ml 512 318 568 533
wdm-spjbsc-500ml 212 587 262 776
wdm-spjbsc-500ml 250 593 295 780
wdm-spjbsc-500ml 287 595 335 776
wdm-spjbsc-500ml 329 589 379 783
wdm-spjbsc-500ml 372 587 425 791
wdm-spjbsc-500ml 416 591 468 789
wdm-spjbsc-500ml 454 587 512 795
wdm-spjbsc-500ml 504 589 556 793
wdm-spjbsc-500ml 223 814 270 997
wdm-spjbsc-500ml 262 818 304 1003
wdm-spjbsc-500ml 298 822 345 1005
wdm-spjbsc-500ml 339 816 383 1008
wdm-spjbsc-500ml 377 830 425 1016
wdm-spjbsc-500ml 418 835 464 1018
wdm-spjbsc-500ml 456 831 506 1028
wdm-spjbsc-500ml 500 837 560 1028
