wdm-wjxjy-800ml 329 144 458 641
wdm-wjxjy-800ml 456 168 594 662
wdm-wjxjy-800ml 582 191 706 665
wdm-wjxjy-800ml 703 215 838 680
wdm-wjxjy-800ml 826 230 956 691
wdm-wjxjy-800ml 941 253 1058 691
wdm-wjxjy-800ml 1035 268 1161 706
wdm-wjxjy-800ml 1141 283 1261 703
wdm-wjxjy-800ml 1229 294 1356 715
wdm-wjxjy-800ml 1329 309 1450 712
wdm-wjxjy-800ml 1414 318 1544 715
wdm-wjxjy-800ml 1511 330 1641 727
wdm-spjbsc-500ml 332 771 444 1144
wdm-spjbsc-500ml 432 783 541 1147
wdm-spjbsc-500ml 544 780 658 1147
wdm-qxmc-460ml 647 783 750 1156
wdm-qxmc-460ml 732 789 835 1150
wdm-qxmc-460ml 817 789 923 1156
wdm-cxhy-510g 906 818 1000 1150
wdm-cxhy-510g 982 818 1073 1162
wdm-cxhy-510g 1056 824 1141 1162
wdm-zphy-510g 1126 836 1211 1156
wdm-zphy-510g 1194 833 1285 1156
wdm-zphy-510g 1264 833 1353 1159
wdm-zphy-510g 1332 847 1423 1159
wdm-zphy-510g 1397 844 1497 1156
wdm-zphy-510g 1458 847 1564 1162
wdm-wjxjy-500ml 567 1330 673 1656
wdm-wjxjy-500ml 661 1339 756 1636
wdm-wjxjy-500ml 747 1330 847 1636
wdm-wjxjy-500ml 832 1324 929 1627
wdm-btlcjy-500ml 914 1321 1003 1618
wdm-btlcjy-500ml 988 1315 1085 1612
wdm-btlcjy-500ml 1070 1312 1167 1615
wdm-btlcjy-500ml 1141 1312 1253 1600
wdm-btlcjy-1L 1214 1271 1326 1597
wdm-btlcjy-1L 1294 1271 1417 1603
wdm-btlcjy-1L 1388 1262 1503 1597
wdm-wjxjy-1.3L 344 1721 485 2050
wdm-wjxjy-1.3L 464 1706 623 2039
wdm-wjxjy-1L 608 1703 729 2036
wdm-wjxjy-1L 714 1697 826 2030
wdm-wjxjy-1L 811 1689 929 2015
wdm-wjxjy-1L 908 1691 1014 2012
wdm-wjxjy-1L 994 1677 1106 1994
wdm-btlcjy-1L 1079 1674 1188 1980
wdm-btlcjy-1L 1164 1665 1273 1971
wdm-btlcjy-1L 1247 1656 1358 1965
wdm-btlcjy-1L 1332 1647 1438 1941
wdm-wjxjy-1.3L 373 2109 508 2436
wdm-wjxjy-1.3L 497 2091 626 2421
wdm-wjxjy-1.3L 611 2089 758 2421
wdm-wjxjy-1.8L 750 2053 900 2380
wdm-wjxjy-1.8L 897 2036 1053 2356
wdm-wjxjy-1.8L 1032 2015 1170 2339
wdm-wjxjy-1.8L 1144 2006 1291 2315
wdm-wjxjy-1.8L 1270 1997 1411 2294
