wdm-wjxjy-1.3L 220 1 429 491
wdm-wjxjy-1.3L 397 24 594 494
wdm-wjxjy-1.3L 570 41 756 521
wdm-wjxjy-1.3L 720 59 891 515
wdm-wjxjy-1.3L 861 83 1023 521
wdm-wjxjy-1.3L 1011 103 1158 527
wdm-wjxjy-1.3L 1138 115 1282 536
wdm-wjxjy-1.3L 1244 106 1391 530
wdm-wjxjy-1.3L 1361 127 1497 547
wdm-wjxjy-1.3L 1482 141 1623 515
wdm-wjxjy-1.3L 1597 150 1714 533
wdm-wjxjy-800ml 329 609 470 1094
wdm-wjxjy-800ml 447 606 588 1097
wdm-wjxjy-800ml 564 612 694 1086
wdm-wjxjy-800ml 676 609 803 1077
wdm-wjxjy-800ml 776 609 885 1074
wdm-wjxjy-800ml 876 603 985 1056
wdm-wjxjy-800ml 973 606 1073 1068
wdm-spjbsc-500ml 1061 659 1153 1021
wdm-spjbsc-500ml 1141 659 1235 1015
wdm-wjxjy-500ml 1223 665 1308 1000
wdm-wjxjy-500ml 1303 671 1382 1000
wdm-wjxjy-500ml 1370 677 1456 989
lyx-tjyzjy-500ml 1447 647 1523 986
lyx-tjyzjy-500ml 1508 644 1597 997
lyx-tjjy-500ml 1585 644 1670 989
lyx-tjjy-500ml 1641 641 1732 983
wdm-btlcjy-500ml 391 1180 514 1489
wdm-btlcjy-500ml 494 1168 606 1474
wdm-btlcjy-500ml 588 1150 700 1453
wdm-zplj-450ml 676 1136 770 1424
wdm-zplj-450ml 756 1136 850 1418
wdm-zplj-450ml 838 1124 929 1412
wdm-zplj-450ml 914 1109 991 1391
wdm-cxhy-510g 982 1103 1067 1371
wdm-cxhy-510g 1050 1086 1135 1374
wdm-cxhy-510g 1120 1083 1194 1350
wdm-zphy-510g 1179 1074 1247 1333
wdm-zphy-510g 1235 1071 1317 1341
wdm-zphy-510g 1306 1068 1388 1330
wdm-qxmc-460ml 1367 1053 1447 1324
wdm-qxmc-460ml 1429 1041 1500 1309
wdm-qxmc-460ml 1485 1030 1558 1289
wdm-cxmc-460ml 1541 1033 1632 1289
wdm-cxmc-460ml 1608 1024 1688 1286
cbl-lyxtmj-300g 394 1650 558 1803
cbl-lyxtmj-300g 414 1744 564 1894
cbl-lyxtmj-300g 544 1621 688 1771
cbl-lyxtmj-300g 547 1733 694 1865
cbl-lyxdbj-800g 664 1633 841 1824
cbl-lyxdbj-800g 797 1600 982 1791
cbl-lyxdbj-500g 941 1591 1094 1765
cbl-lyxdbj-500g 1056 1571 1197 1739
cbl-lyxtmj-300g 1173 1571 1306 1700
cbl-lyxdbj-300g 1335 1412 1458 1527
cbl-lyxdbj-300g 1429 1397 1547 1506
cbl-lyxdbj-300g 1514 1380 1626 1483
cbl-lyxdbj-300g 1382 1518 1500 1641
cbl-lyxdbj-300g 1482 1494 1591 1630
cbl-lyxdbj-300g 1541 1480 1670 1600
cbl-hdj-900g 608 1909 741 2165
cbl-hdj-900g 714 1880 838 2136
