cbl-lyxdbj-300g 1129 939 1267 1071
cbl-lyxdbj-300g 1129 1053 1270 1186
cbl-lyxdbj-300g 1241 933 1379 1062
cbl-lyxdbj-300g 1267 1041 1391 1180
cbl-lyxdbj-500g 988 921 1144 1074
cbl-lyxdbj-500g 1000 1056 1147 1212
cbl-lyxdbj-500g 841 933 1014 1086
cbl-lyxdbj-500g 856 1068 1014 1224
wdm-wjxjy-800ml 729 771 879 1241
wdm-wjxjy-800ml 603 777 764 1256
wdm-wjxjy-800ml 476 786 641 1289
wdm-wjxjy-1.3L 303 827 511 1297
wdm-wjxjy-1.3L 103 836 332 1350
cbl-lyxtmj-300g 923 289 1091 444
cbl-lyxtmj-300g 1076 300 1232 447
cbl-lyxtmj-300g 938 424 1103 571
cbl-lyxtmj-300g 1082 424 1226 577
