cbl-lyxdbj-300g 555 380 697 506
cbl-lyxdbj-300g 558 486 705 621
cbl-lyxdbj-300g 688 371 841 509
cbl-lyxdbj-300g 700 486 844 615
wdm-wjxjy-1.8L 370 189 553 615
wdm-wjxjy-1.8L 211 183 394 615
wdm-wjxjy-1.8L 282 659 461 1018
wdm-wjxjy-1.8L 444 662 603 1033
wdm-wjxjy-1.3L 582 662 726 1021
wdm-wjxjy-1.3L 714 668 855 1021
wdm-wjxjy-1.3L 841 668 976 1033
wdm-wjxjy-1.3L 970 668 1100 1024
wdm-wjxjy-1.3L 1470 1109 1608 1442
wdm-wjxjy-1.3L 1338 1112 1482 1444
wdm-wjxjy-1.3L 1217 1109 1355 1450
wdm-wjxjy-1.3L 1091 1115 1232 1450
wdm-wjxjy-1L 994 1109 1103 1450
wdm-wjxjy-1L 905 1094 1003 1453
wdm-wjxjy-1L 803 1097 914 1453
wdm-wjxjy-1L 682 1106 811 1453
wdm-wjxjy-1L 1167 1503 1267 1824
wdm-wjxjy-1L 1255 1506 1367 1830
wdm-wjxjy-1L 1350 1503 1461 1830
wdm-wjxjy-1L 1453 1503 1558 1821
wdm-wjxjy-800ml 1091 656 1217 1018
wdm-wjxjy-800ml 1203 668 1323 1027
wdm-wjxjy-800ml 632 1512 729 1836
wdm-wjxjy-800ml 705 1506 814 1821
wdm-wjxjy-800ml 800 1506 900 1827
wdm-wjxjy-800ml 894 1509 991 1830
wdm-wjxjy-800ml 985 1506 1085 1827
wdm-wjxjy-800ml 1070 1500 1164 1818
wdm-cxhy-510g 1311 674 1403 1027
wdm-cxhy-510g 1391 671 1482 1024
wdm-cxmc-460ml 1470 671 1564 1018
wdm-cxmc-460ml 1541 671 1617 1015
wdm-btlcjy-1L 529 1521 641 1871
wdm-btlcjy-1L 432 1509 541 1862
wdm-btlcjy-1L 326 1497 447 1862
lyx-hsjy-500ml 300 1118 391 1465
lyx-hsjy-500ml 385 1112 491 1471
lyx-tjjy-500ml 485 1124 588 1465
lyx-tjjy-500ml 573 1118 685 1471
