wdm-btlcjy-1L 441 236 553 618
wdm-btlcjy-1L 532 259 658 639
wdm-btlcjy-1L 623 286 755 662
wdm-qxmc-460ml 738 330 841 680
wdm-qxmc-460ml 814 353 914 689
wdm-qxmc-460ml 891 368 982 697
wdm-qxmc-460ml 953 380 1044 706
wdm-qxmc-460ml 1008 400 1094 718
wdm-qxmc-460ml 1070 421 1161 730
wdm-wjxjy-500ml 1135 459 1232 739
wdm-wjxjy-500ml 1200 471 1291 753
wdm-wjxjy-500ml 1270 489 1400 777
lyx-tjyzjy-500ml 1155 92 1250 392
lyx-tjyzjy-500ml 1088 62 1185 383
lyx-tjyzjy-500ml 1017 42 1111 344
lyx-tjyzjy-500ml 941 6 1041 333
lyx-tjyzjy-500ml 858 1 955 318
lyx-tjyzjy-500ml 776 1 873 292
lyx-tjyzjy-500ml 682 1 791 271
lyx-tjyzjy-500ml 588 1 705 233
lyx-tjyzjy-500ml 682 742 785 1080
lyx-tjyzjy-500ml 764 753 864 1086
lyx-tjyzjy-500ml 841 759 947 1089
lyx-tjjy-500ml 926 774 1014 1086
lyx-tjjy-500ml 997 783 1079 1100
lyx-tjjy-500ml 1058 797 1135 1097
lyx-hsjy-500ml 608 724 703 1074
lyx-hsjy-500ml 508 703 620 1080
lyx-hsjy-500ml 417 706 529 1077
wdm-btlcjy-500ml 1114 821 1203 1100
wdm-btlcjy-500ml 1182 827 1267 1103
wdm-btlcjy-500ml 1244 833 1317 1109
wdm-btlcjy-500ml 1300 833 1376 1115
wdm-wjxjy-800ml 411 1080 508 1447
wdm-wjxjy-800ml 494 1092 614 1447
wdm-wjxjy-800ml 585 1097 697 1442
wdm-wjxjy-800ml 676 1097 782 1439
wdm-zphy-510g 782 1112 867 1436
wdm-zphy-510g 847 1121 929 1427
wdm-zphy-510g 914 1124 982 1427
wdm-spjbsc-500ml 964 1124 1047 1418
wdm-spjbsc-500ml 1029 1118 1105 1412
wdm-spjbsc-500ml 1082 1127 1161 1421
wdm-spjbsc-1.3L 1147 1130 1241 1421
wdm-spjbsc-1.3L 1220 1124 1335 1409
wdm-cxhy-510g 1176 1427 1255 1700
wdm-cxhy-510g 1232 1442 1308 1706
wdm-wjxjy-1.3L 885 1436 1000 1744
wdm-wjxjy-1.3L 770 1450 905 1753
wdm-wjxjy-1.8L 653 1465 791 1771
wdm-wjxjy-1.8L 505 1474 667 1794
wdm-wjxjy-1.8L 370 1483 526 1818
cbl-lyxdbj-300g 400 1847 523 1953
cbl-lyxdbj-300g 394 1918 532 2036
cbl-lyxdbj-300g 391 2006 526 2139
cbl-lyxdbj-500g 505 1836 650 2000
cbl-lyxdbj-500g 514 1968 644 2112
cbl-lyxdbj-800g 620 1812 788 1974
cbl-lyxdbj-800g 632 1936 782 2080
cbl-lyxdbj-800g 753 1803 900 1947
cbl-lyxdbj-800g 753 1912 908 2053
cbl-lyxtmj-300g 885 1771 1000 1856
cbl-lyxtmj-300g 888 1833 991 1936
cbl-lyxtmj-300g 879 1909 988 2024
cbl-lyxtmj-800g 982 1762 1114 1903
cbl-lyxtmj-800g 979 1871 1111 2009
cbl-lyxtmj-800g 1085 1747 1214 1880
cbl-lyxtmj-800g 1091 1850 1217 1986
cbl-hdj-300g 1205 1744 1326 1818
cbl-hdj-300g 1200 1803 1314 1859
cbl-hdj-300g 1194 1836 1320 1906
cbl-hdj-300g 1197 1883 1317 1965
