wdm-wjxjy-1L 372 124 504 445
wdm-wjxjy-1L 454 110 574 443
wdm-wjxjy-1L 416 514 533 804
wdm-wjxjy-1L 491 512 608 799
wdm-wjxjy-800ml 570 487 679 791
wdm-wjxjy-800ml 649 485 749 789
wdm-wjxjy-800ml 720 475 826 783
wdm-wjxjy-800ml 795 472 897 779
wdm-wjxjy-800ml 874 464 981 785
wdm-wjxjy-800ml 953 464 1062 775
wdm-wjxjy-800ml 1043 454 1141 770
wdm-wjxjy-800ml 1126 450 1224 768
wdm-wjxjy-500ml 1210 477 1299 760
wdm-wjxjy-500ml 1281 477 1374 754
wdm-wjxjy-500ml 1360 475 1449 749
wdm-wjxjy-500ml 1437 464 1529 750
wdm-wjxjy-1.3L 470 852 589 1112
wdm-wjxjy-1.3L 560 847 681 1106
wdm-wjxjy-1.3L 656 843 768 1104
wdm-wjxjy-1.3L 741 837 864 1108
wdm-wjxjy-1.8L 833 820 970 1102
wdm-wjxjy-1.8L 949 810 1074 1097
wdm-wjxjy-1.8L 1054 802 1187 1095
wdm-wjxjy-1.8L 1172 799 1301 1093
wdm-wjxjy-1.8L 1287 795 1416 1091
wdm-wjxjy-1.8L 1399 789 1531 1087
wdm-spjbsc-500ml 756 118 854 412
wdm-spjbsc-500ml 828 108 920 404
wdm-spjbsc-500ml 901 95 993 404
wdm-spjbsc-500ml 978 87 1068 397
wdm-cxmc-460ml 1208 50 1303 379
wdm-cxmc-460ml 1287 39 1378 368
wdm-cxmc-460ml 1364 25 1453 364
wdm-cxmc-460ml 1443 14 1529 360
lyx-tjjy-500ml 1054 74 1141 385
lyx-tjjy-500ml 1128 66 1224 389
wdm-zphy-510g 689 129 779 418
wdm-zphy-510g 628 131 718 422
cbl-lyxdbj-800g 897 1133 1018 1266
cbl-lyxdbj-800g 908 1235 1026 1341
cbl-lyxdbj-800g 1008 1129 1131 1258
cbl-lyxdbj-800g 1014 1218 1135 1333
cbl-lyxdbj-300g 1114 1168 1220 1272
cbl-lyxdbj-300g 1120 1245 1224 1333
cbl-lyxdbj-300g 1212 1164 1316 1266
cbl-lyxdbj-300g 1212 1247 1314 1329
cbl-lyxdbj-300g 1301 1160 1410 1264
cbl-lyxdbj-300g 1306 1235 1412 1327
cbl-lyxdbj-300g 1401 1158 1512 1266
cbl-lyxdbj-300g 1403 1245 1518 1335
