wdm-wjxjy-800ml 532 288 617 556
wdm-wjxjy-800ml 607 283 681 566
wdm-wjxjy-800ml 663 292 742 568
wdm-wjxjy-800ml 727 295 817 575
wdm-wjxjy-800ml 805 297 890 578
wdm-wjxjy-800ml 871 295 954 592
wdm-wjxjy-800ml 942 292 1029 595
wdm-wjxjy-800ml 1010 295 1107 585
wdm-wjxjy-800ml 1081 292 1176 602
wdm-wjxjy-800ml 1161 297 1259 592
wdm-wjxjy-800ml 400 534 481 809
wdm-wjxjy-800ml 461 546 546 814
wdm-wjxjy-800ml 529 553 620 822
wdm-wjxjy-800ml 661 570 751 846
wdm-wjxjy-800ml 734 573 817 844
wdm-wjxjy-800ml 800 573 888 856
wdm-wjxjy-800ml 866 578 961 868
wdm-wjxjy-800ml 946 573 1042 880
wdm-wjxjy-800ml 1022 588 1124 888
wdm-wjxjy-800ml 1103 595 1203 900
