wdm-wjxjy-800ml 176 1777 367 2312
wdm-wjxjy-800ml 120 1736 241 2233
wdm-wjxjy-800ml 61 1689 197 2180
wdm-wjxjy-800ml 303 1721 479 2230
wdm-wjxjy-800ml 417 1674 573 2150
wdm-wjxjy-1L 514 1641 667 2080
wdm-wjxjy-1L 611 1615 776 2039
wdm-wjxjy-1L 711 1574 847 1977
wdm-wjxjy-1.3L 803 1541 958 1927
wdm-wjxjy-1.3L 914 1509 1061 1883
wdm-wjxjy-1.8L 1014 1456 1164 1833
wdm-wjxjy-1.8L 1117 1421 1276 1789
wdm-wjxjy-500ml 1 312 191 818
wdm-btlcjy-500ml 132 321 306 818
wdm-btlcjy-500ml 264 324 432 818
wdm-qxmc-460ml 370 318 526 830
wdm-qxmc-460ml 482 327 635 809
wdm-zphy-510g 570 371 706 806
wdm-zphy-510g 661 383 788 797
wdm-cxhy-510g 750 389 870 797
wdm-cxhy-510g 817 403 941 794
wdm-cxhy-510g 900 409 1006 800
wdm-spjbsc-500ml 970 409 1079 791
wdm-spjbsc-500ml 1041 421 1144 786
wdm-spjbsc-500ml 1106 430 1197 783
wdm-spjbsc-500ml 1167 433 1256 774
wdm-cxmc-460ml 1229 427 1300 780
wdm-cxmc-460ml 1273 439 1347 777
wdm-zplj-450ml 1323 447 1394 783
wdm-zplj-450ml 1373 450 1444 774
cbl-hdj-900g 1229 1483 1344 1727
cbl-hdj-900g 1294 1453 1411 1680
cbl-lyxdbj-300g 73 1274 294 1465
cbl-lyxdbj-300g 91 1418 314 1600
cbl-lyxdbj-300g 253 1233 458 1424
cbl-lyxdbj-300g 303 1374 473 1541
cbl-lyxdbj-500g 394 1177 600 1353
cbl-lyxdbj-500g 441 1318 608 1503
cbl-lyxdbj-500g 558 1150 735 1318
cbl-lyxdbj-500g 588 1286 747 1459
cbl-lyxtmj-300g 717 1159 853 1309
cbl-lyxtmj-300g 817 1141 970 1277
cbl-lyxtmj-300g 729 1277 864 1421
cbl-lyxtmj-300g 850 1253 973 1389
cbl-hdj-500g 932 1115 1100 1250
cbl-hdj-500g 964 1221 1091 1350
cbl-hdj-500g 1047 1091 1203 1224
cbl-hdj-500g 1085 1197 1200 1324
