wdm-wjxjy-800ml 119 495 238 914
wdm-wjxjy-800ml 202 497 316 939
wdm-wjxjy-800ml 297 495 428 951
wdm-wjxjy-1.3L 416 534 582 961
wdm-wjxjy-1.3L 550 544 711 980
wdm-cxmc-460ml 697 541 819 1000
wdm-qxmc-460ml 811 536 936 1007
wdm-qxmc-460ml 914 546 1043 1022
wdm-qxmc-460ml 1021 539 1150 1044
wdm-spjbsc-500ml 1136 563 1287 1063
wdm-spjbsc-500ml 1275 563 1433 1078
wdm-spjbsc-500ml 1423 558 1584 1095
wdm-cxhy-510g 1570 566 1728 1112
wdm-cxhy-510g 1716 563 1884 1117
cbl-lyxtmj-500g 521 1075 711 1256
cbl-lyxtmj-500g 523 1209 711 1378
cbl-lyxdbj-500g 667 1217 855 1409
cbl-lyxdbj-500g 736 1061 928 1234
