wdm-wjxjy-500ml 228 526 285 697
wdm-wjxjy-500ml 280 526 333 691
wdm-wjxjy-500ml 326 525 377 688
wdm-wjxjy-500ml 366 525 410 686
wdm-wjxjy-500ml 402 528 443 683
wdm-wjxjy-500ml 437 526 479 676
wdm-wjxjy-800ml 242 723 308 920
wdm-wjxjy-800ml 300 720 365 911
wdm-wjxjy-800ml 353 716 413 897
wdm-wjxjy-800ml 402 706 454 888
wdm-wjxjy-800ml 445 702 493 877
wdm-wjxjy-800ml 619 682 654 836
wdm-wjxjy-800ml 646 679 680 831
wdm-wjxjy-800ml 673 676 710 819
wdm-wjxjy-800ml 702 672 737 812
wdm-wjxjy-800ml 731 668 771 808
wdm-spjbsc-1.3L 260 956 333 1139
wdm-spjbsc-1.3L 323 948 393 1116
wdm-spjbsc-1.3L 377 932 446 1094
wdm-spjbsc-1.3L 296 1189 373 1365
wdm-spjbsc-1.3L 360 1165 436 1354
wdm-spjbsc-1.3L 417 1137 493 1323
wdm-wjxjy-1.3L 620 1054 677 1212
wdm-wjxjy-1.3L 662 1032 711 1185
wdm-wjxjy-1.3L 694 1017 750 1163
wdm-wjxjy-1.3L 731 1003 783 1142
wdm-wjxjy-1.3L 646 859 691 991
wdm-wjxjy-1.3L 683 849 730 979
wdm-wjxjy-1.3L 717 842 762 966
lyx-hsjy-500ml 473 134 517 303
lyx-hsjy-500ml 513 131 556 305
lyx-hsjy-500ml 468 325 510 499
lyx-hsjy-500ml 502 336 545 503
lyx-hsjy-500ml 473 519 514 677
lyx-hsjy-500ml 503 516 543 679
lyx-tjjy-500ml 546 148 591 312
lyx-tjjy-500ml 583 163 619 320
lyx-tjjy-500ml 534 343 573 500
lyx-tjjy-500ml 565 345 603 502
lyx-tjjy-500ml 533 522 574 665
lyx-tjjy-500ml 565 522 602 665
lyx-tjyzjy-500ml 593 520 630 657
lyx-tjyzjy-500ml 625 520 662 656
lyx-tjyzjy-500ml 648 516 683 651
lyx-tjyzjy-500ml 597 349 633 497
lyx-tjyzjy-500ml 623 357 657 500
lyx-tjyzjy-500ml 651 357 686 499
lyx-tjyzjy-500ml 613 169 648 320
lyx-tjyzjy-500ml 639 183 670 326
lyx-tjyzjy-500ml 663 189 699 332
lyx-tjyzjy-500ml 693 196 728 337
