cbl-lyxdbj-800g 367 886 520 1018
cbl-lyxdbj-800g 503 891 656 1018
cbl-lyxdbj-800g 408 780 556 909
cbl-lyxdbj-800g 532 786 685 909
cbl-lyxdbj-500g 647 903 773 1027
cbl-lyxdbj-500g 664 809 788 918
cbl-lyxdbj-500g 782 809 906 930
cbl-lyxdbj-500g 767 918 894 1036
cbl-lyxdbj-300g 888 839 1011 947
cbl-lyxdbj-300g 882 927 1006 1047
cbl-lyxdbj-300g 1000 839 1141 950
cbl-lyxdbj-300g 997 933 1129 1039
cbl-lyxdbj-300g 1129 839 1250 947
cbl-lyxdbj-300g 1117 936 1250 1050
cbl-lhdj-900g 1235 812 1370 1050
cbl-lhdj-900g 1332 821 1470 1062
cbl-hdj-900g 1444 818 1573 1053
cbl-hdj-900g 1550 818 1688 1056
cbl-hdj-900g 1661 821 1800 1065
wdm-btlcjy-500ml 356 1068 444 1344
wdm-btlcjy-500ml 435 1068 520 1356
wdm-btlcjy-500ml 508 1074 594 1362
wdm-qxmc-460ml 582 1059 667 1365
wdm-qxmc-460ml 656 1059 741 1365
wdm-qxmc-460ml 729 1068 811 1365
wdm-cxmc-460ml 803 1068 885 1371
wdm-cxmc-460ml 873 1071 953 1386
wdm-cxmc-460ml 944 1065 1026 1383
wdm-spjbsc-500ml 1020 1071 1103 1397
wdm-spjbsc-500ml 1088 1074 1182 1383
wdm-spjbsc-500ml 1167 1077 1261 1400
wdm-cxhy-510g 1247 1097 1332 1389
wdm-cxhy-510g 1317 1094 1406 1397
wdm-cxhy-510g 1388 1094 1470 1403
wdm-zphy-510g 1467 1091 1553 1397
wdm-zphy-510g 1544 1094 1632 1403
wdm-zphy-510g 1617 1097 1706 1403
wdm-wjxjy-800ml 208 1368 311 1647
wdm-wjxjy-800ml 294 1377 382 1639
wdm-wjxjy-800ml 364 1386 458 1662
wdm-wjxjy-800ml 447 1380 541 1671
wdm-wjxjy-800ml 529 1389 623 1671
wdm-wjxjy-800ml 608 1391 703 1683
wdm-wjxjy-800ml 691 1389 791 1689
wdm-wjxjy-800ml 776 1403 876 1691
wdm-wjxjy-800ml 858 1400 961 1700
wdm-wjxjy-800ml 941 1409 1041 1697
wdm-wjxjy-500ml 1023 1427 1114 1703
wdm-wjxjy-500ml 1103 1433 1191 1712
wdm-wjxjy-500ml 1179 1427 1276 1718
wdm-btlcjy-1L 1261 1433 1358 1718
wdm-btlcjy-1L 1341 1433 1456 1718
wdm-btlcjy-1L 1432 1427 1547 1718
wdm-btlcjy-1L 1523 1439 1638 1724
wdm-btlcjy-1L 1620 1433 1732 1733
wdm-wjxjy-1L 1141 1744 1253 2015
wdm-wjxjy-1L 1229 1744 1338 2024
wdm-wjxjy-1L 1326 1750 1426 2021
wdm-wjxjy-1L 1411 1759 1514 2018
wdm-wjxjy-1L 1500 1756 1611 2021
wdm-wjxjy-1L 1591 1765 1697 2041
wdm-wjxjy-800ml 50 1659 156 1927
wdm-wjxjy-1.3L 144 1671 258 1936
wdm-wjxjy-1.3L 235 1674 364 1947
wdm-wjxjy-1.3L 347 1683 479 1947
wdm-wjxjy-1.3L 456 1697 588 1944
wdm-wjxjy-1.3L 558 1709 682 1956
wdm-wjxjy-1.3L 653 1715 797 1983
wdm-wjxjy-1.3L 782 1715 914 1986
wdm-wjxjy-1.3L 891 1724 1035 1997
wdm-wjxjy-1.3L 1008 1724 1164 2009
