wdm-wjxjy-800ml 903 190 1037 653
wdm-wjxjy-800ml 849 190 963 607
wdm-wjxjy-800ml 798 183 905 578
wdm-wjxjy-800ml 722 161 839 556
wdm-wjxjy-800ml 663 144 768 531
wdm-wjxjy-800ml 585 131 688 507
wdm-wjxjy-800ml 488 114 598 473
wdm-wjxjy-800ml 1012 195 1124 622
wdm-wjxjy-800ml 1088 190 1183 602
wdm-wjxjy-800ml 1156 192 1266 592
wdm-wjxjy-800ml 1239 185 1332 575
wdm-wjxjy-800ml 1303 180 1376 558
wdm-wjxjy-800ml 1346 178 1449 539
wdm-wjxjy-800ml 1405 190 1498 527
wdm-wjxjy-800ml 956 707 1103 1122
wdm-wjxjy-800ml 866 675 1005 1080
wdm-wjxjy-800ml 812 661 924 1012
wdm-wjxjy-800ml 744 631 861 978
wdm-wjxjy-800ml 688 590 783 939
wdm-wjxjy-800ml 637 563 749 905
wdm-wjxjy-800ml 598 539 695 866
wdm-wjxjy-800ml 561 514 637 819
wdm-wjxjy-800ml 517 490 615 802
wdm-wjxjy-800ml 478 463 556 778
wdm-wjxjy-800ml 432 436 515 731
wdm-wjxjy-800ml 1127 709 1237 1131
wdm-wjxjy-800ml 1210 690 1332 1102
wdm-wjxjy-800ml 1283 658 1371 1056
wdm-wjxjy-800ml 1315 649 1459 1031
wdm-wjxjy-800ml 1398 619 1488 990
wdm-wjxjy-800ml 1444 607 1549 966
wdm-wjxjy-800ml 1510 585 1612 936
