wdm-wjxjy-500ml 608 344 705 686
wdm-wjxjy-500ml 693 339 785 677
wdm-wjxjy-500ml 776 336 882 689
wdm-wjxjy-500ml 861 318 964 671
wdm-wjxjy-500ml 955 309 1061 662
wdm-wjxjy-500ml 1052 306 1152 656
wdm-wjxjy-500ml 1143 286 1249 641
wdm-wjxjy-500ml 1235 274 1352 641
wdm-wjxjy-500ml 1340 268 1449 636
wdm-wjxjy-500ml 1443 259 1552 627
wdm-wjxjy-500ml 1543 236 1667 624
wdm-wjxjy-500ml 1658 221 1779 600
wdm-wjxjy-800ml 273 741 388 1068
wdm-wjxjy-800ml 367 736 464 1065
wdm-wjxjy-800ml 449 739 543 1068
wdm-wjxjy-800ml 529 736 632 1074
wdm-wjxjy-800ml 611 727 711 1068
wdm-wjxjy-800ml 702 730 814 1077
wdm-wjxjy-800ml 793 724 902 1077
wdm-wjxjy-800ml 893 721 1005 1068
wdm-wjxjy-800ml 993 715 1105 1074
wdm-wjxjy-800ml 1102 709 1214 1068
wdm-wjxjy-800ml 1205 706 1320 1074
wdm-wjxjy-800ml 1308 694 1426 1083
wdm-wjxjy-800ml 1420 691 1535 1083
wdm-wjxjy-800ml 1529 686 1649 1068
wdm-wjxjy-800ml 1649 677 1773 1083
wdm-zphy-510g 320 1100 396 1403
wdm-zphy-510g 382 1112 458 1400
wdm-zphy-510g 449 1112 514 1403
wdm-cxhy-510g 502 1109 573 1412
wdm-cxhy-510g 561 1118 635 1415
wdm-cxhy-510g 623 1121 696 1424
wdm-zplj-450ml 690 1115 770 1421
wdm-zplj-450ml 761 1124 838 1424
wdm-spjbsc-500ml 829 1115 917 1430
wdm-spjbsc-500ml 908 1124 996 1447
wdm-cxmc-460ml 985 1127 1073 1453
wdm-cxmc-460ml 1058 1127 1149 1456
wdm-cxmc-460ml 1140 1133 1235 1465
wdm-qxmc-460ml 1223 1133 1317 1489
wdm-qxmc-460ml 1311 1130 1405 1477
wdm-btlcjy-500ml 1399 1144 1505 1480
wdm-btlcjy-500ml 1496 1147 1605 1480
wdm-btlcjy-500ml 1596 1153 1711 1500
wdm-wjxjy-1L 346 1436 438 1703
wdm-wjxjy-1L 414 1447 514 1721
wdm-wjxjy-1L 496 1459 599 1727
wdm-wjxjy-1L 582 1459 670 1730
wdm-wjxjy-1L 655 1477 755 1744
wdm-wjxjy-1L 740 1477 846 1759
wdm-wjxjy-1L 835 1486 940 1768
wdm-wjxjy-800ml 923 1494 1032 1783
wdm-wjxjy-800ml 1026 1491 1132 1791
wdm-wjxjy-800ml 1117 1497 1220 1806
wdm-wjxjy-800ml 1208 1518 1311 1818
wdm-wjxjy-800ml 1296 1506 1402 1836
wdm-wjxjy-800ml 1396 1524 1508 1853
wdm-wjxjy-800ml 1499 1533 1608 1862
wdm-wjxjy-800ml 1599 1536 1720 1886
wdm-wjxjy-1.8L 393 1747 508 2033
wdm-wjxjy-1.8L 485 1765 611 2065
wdm-wjxjy-1.8L 596 1789 732 2077
wdm-wjxjy-1.8L 714 1797 849 2097
wdm-wjxjy-1.8L 832 1821 958 2121
wdm-wjxjy-1.8L 943 1827 1088 2153
wdm-wjxjy-1.8L 1073 1853 1220 2197
wdm-wjxjy-1.3L 1205 1880 1349 2227
wdm-wjxjy-1.3L 1335 1883 1476 2247
wdm-wjxjy-1.3L 1464 1918 1608 2280
wdm-wjxjy-1.3L 1593 1924 1752 2303
