cbl-lyxdbj-800g 400 471 579 644
cbl-lyxdbj-800g 400 624 573 794
cbl-lyxtmj-800g 529 291 767 480
cbl-lyxtmj-800g 526 439 732 627
cbl-lyxtmj-800g 541 600 720 780
cbl-lyxtmj-800g 685 400 935 606
cbl-lyxtmj-800g 679 565 903 756
cbl-lyxdbj-300g 397 1174 558 1309
cbl-lyxdbj-300g 400 1297 561 1430
cbl-lyxdbj-300g 532 1183 673 1315
cbl-lyxdbj-300g 538 1297 673 1436
cbl-lyxdbj-300g 638 1183 808 1321
cbl-lyxdbj-300g 638 1306 800 1447
cbl-lyxdbj-300g 785 1174 941 1330
cbl-lyxdbj-300g 770 1306 938 1459
cbl-lyxdbj-500g 908 1144 1111 1318
cbl-lyxdbj-500g 903 1297 1097 1474
cbl-lyxdbj-500g 1073 1147 1273 1330
cbl-lyxdbj-500g 1070 1300 1285 1486
cbl-lyxdbj-500g 1250 1150 1479 1333
cbl-lyxdbj-500g 1238 1309 1473 1497
cbl-hdj-300g 438 1494 638 1609
cbl-hdj-300g 435 1577 611 1674
cbl-hdj-300g 438 1636 600 1744
cbl-hdj-300g 573 1580 770 1700
cbl-hdj-300g 579 1662 770 1771
cbl-lyxsrdbj-300g 1144 1589 1341 1768
cbl-lyxsrdbj-300g 1150 1727 1326 1903
cbl-lyxsrdbj-300g 1314 1609 1517 1797
cbl-lyxsrdbj-300g 1311 1753 1506 1944
cbl-lyxtmj-300g 994 1562 1176 1739
cbl-lyxtmj-300g 1000 1700 1167 1865
cbl-lyxtmj-300g 858 1550 1032 1709
cbl-lyxtmj-300g 861 1671 1023 1830
cbl-lyxtmj-300g 735 1530 882 1680
cbl-lyxtmj-300g 732 1644 894 1812
