wdm-wjxjy-800ml 853 512 1073 1124
wdm-wjxjy-800ml 1032 521 1217 1103
wdm-wjxjy-1.8L 1179 539 1438 1106
wdm-wjxjy-1.8L 1411 533 1673 1094
wdm-spjbsc-1.3L 641 559 891 1112
wdm-spjbsc-1.3L 426 559 667 1115
wdm-spjbsc-500ml 1220 1227 1373 1783
wdm-spjbsc-500ml 1085 1236 1247 1768
wdm-zphy-510g 967 1250 1103 1771
wdm-zphy-510g 832 1239 979 1768
cbl-lyxdbj-800g 285 1959 564 2247
cbl-lyxdbj-800g 303 2133 567 2430
cbl-lyxtmj-800g 32 2142 320 2453
cbl-lyxdbj-300g 544 2033 770 2268
cbl-lyxdbj-300g 547 2189 770 2421
cbl-lyxtmj-300g 800 1847 1000 2039
cbl-lyxtmj-300g 791 2027 1008 2247
cbl-lyxtmj-300g 797 2168 997 2392
lyx-tjyzjy-500ml 691 1221 861 1771
lyx-tjyzjy-500ml 541 1233 703 1774
