lyx-tjjy-1L 1 199 66 453
lyx-tjjy-1L 54 185 116 445
lyx-tjjy-1L 112 168 179 433
lyx-tjjy-1L 172 156 245 424
lyx-tjjy-1L 235 145 308 414
lyx-tjjy-1L 304 126 377 405
lyx-tjjy-1L 310 503 383 776
lyx-tjjy-1L 370 497 448 774
lyx-tjjy-1L 441 487 523 774
lyx-tjjy-1L 514 481 604 772
lyx-tjjy-1L 647 455 739 774
lyx-hsjy-1L 366 106 448 395
lyx-hsjy-1L 441 89 522 381
lyx-hsjy-1L 514 70 604 372
lyx-hsjy-1L 593 56 689 358
lyx-hsjy-1L 679 24 777 345
lyx-hsjy-1L 768 1 870 324
lyx-hsjy-1L 864 1 970 316
lyx-hsjy-1L 966 1 1081 287
lyx-hsjy-1L 18 520 85 780
lyx-hsjy-1L 72 520 139 781
lyx-hsjy-1L 127 512 204 780
lyx-hsjy-1L 185 506 262 778
lyx-hsjy-1L 245 503 318 778
wdm-btlcjy-1L 723 439 831 776
wdm-btlcjy-1L 823 437 925 770
wdm-btlcjy-1L 916 420 1027 772
wdm-btlcjy-1L 1014 412 1143 774
lyx-hsjy-500ml 450 1181 531 1476
lyx-hsjy-500ml 516 1191 600 1487
lyx-hsjy-500ml 585 1197 675 1510
lyx-tjjy-500ml 708 1214 808 1535
lyx-tjjy-500ml 816 1228 925 1562
lyx-tjjy-500ml 914 1241 1048 1593
cbl-lyxdbj-300g 227 1235 325 1335
cbl-lyxdbj-300g 223 1318 323 1418
cbl-lyxtmj-300g 145 1224 241 1322
cbl-lyxtmj-300g 143 1299 243 1399
cbl-lyxdbj-500g 64 1170 206 1297
cbl-lyxdbj-500g 64 1272 173 1380
cbl-lyxdbj-500g 1 1162 110 1285
cbl-lyxdbj-500g 1 1268 87 1362
cbl-lhdj-300g 306 1249 397 1351
cbl-lhdj-300g 308 1337 387 1433
cbl-hdj-900g 373 1237 470 1451
