wdm-cxhy-510g 806 939 929 1350
wdm-cxhy-510g 906 942 1014 1353
wdm-cxhy-510g 991 947 1103 1342
wdm-btlcjy-500ml 261 1433 394 1827
wdm-btlcjy-500ml 382 1436 508 1818
wdm-btlcjy-1L 700 1412 832 1800
wdm-btlcjy-1L 814 1409 953 1783
wdm-btlcjy-1L 932 1409 1073 1786
wdm-qxmc-460ml 1323 953 1444 1344
wdm-qxmc-460ml 1423 959 1526 1347
wdm-qxmc-460ml 1517 962 1617 1347
wdm-spsc-2L 353 1874 506 2197
wdm-spsc-2L 494 1859 653 2197
wdm-wjxjy-1.8L 1344 1800 1523 2112
wdm-wjxjy-1L 935 1794 1058 2127
wdm-wjxjy-1L 732 1847 864 2144
wdm-wjxjy-1L 629 1839 744 2147
wdm-wjxjy-1L 1056 1403 1194 1774
wdm-wjxjy-1L 1176 1392 1323 1794
wdm-wjxjy-500ml 494 1427 614 1809
wdm-wjxjy-500ml 600 1427 720 1815
wdm-zphy-510g 1073 956 1179 1353
wdm-zphy-510g 1158 965 1253 1347
wdm-zphy-510g 1235 965 1341 1347
lyx-tjjy-500ml 694 933 820 1339
lyx-tjjy-500ml 567 924 697 1342
lyx-tjyzjy-500ml 450 918 582 1339
lyx-tjyzjy-500ml 323 915 461 1344
