lyx-tjyzjy-500ml 79 647 255 1227
lyx-tjyzjy-500ml 261 671 423 1247
lyx-tjyzjy-500ml 423 683 590 1244
wdm-wjxjy-800ml 573 633 758 1239
wdm-wjxjy-800ml 740 656 902 1247
wdm-wjxjy-800ml 888 662 1046 1259
wdm-wjxjy-800ml 1040 671 1196 1262
wdm-wjxjy-800ml 1167 683 1308 1247
wdm-wjxjy-800ml 1293 694 1435 1239
wdm-wjxjy-800ml 1438 709 1590 1247
wdm-wjxjy-1.8L 1588 715 1838 1250
wdm-qxmc-460ml 176 1286 326 1762
wdm-qxmc-460ml 317 1300 458 1768
wdm-qxmc-460ml 449 1297 588 1744
wdm-cxmc-460ml 567 1294 708 1750
wdm-cxhy-510g 690 1306 823 1753
wdm-cxhy-510g 811 1309 935 1750
wdm-btlcjy-500ml 923 1303 1058 1739
wdm-btlcjy-500ml 1043 1303 1182 1753
wdm-spjbsc-500ml 1167 1306 1299 1733
wdm-wjxjy-1.3L 1305 1294 1508 1709
wdm-wjxjy-1.3L 1479 1300 1679 1715
wdm-wjxjy-1.3L 1640 1303 1840 1694
cbl-hdj-900g 232 1868 417 2271
cbl-hdj-900g 411 1859 588 2262
cbl-hdj-900g 582 1853 758 2256
cbl-hdj-900g 746 1841 914 2203
cbl-lyxdbj-800g 893 1968 1088 2194
cbl-lyxdbj-500g 1093 1989 1288 2183
cbl-lyxdbj-500g 1267 1968 1446 2168
cbl-lyxdbj-500g 1423 1962 1608 2147
cbl-lyxdbj-500g 1388 1794 1564 1953
cbl-lyxdbj-500g 1576 1950 1764 2124
cbl-lyxdbj-500g 1555 1791 1729 1956
