cbl-hdj-900g 1194 1244 1320 1500
cbl-hdj-900g 1291 1241 1450 1512
cbl-hdj-900g 1426 1230 1591 1509
wdm-cxhy-510g 867 1177 958 1471
wdm-cxhy-510g 814 1183 882 1477
wdm-cxhy-510g 961 1171 1056 1468
wdm-cxmc-460ml 773 1171 841 1477
wdm-cxmc-460ml 723 1174 797 1477
wdm-spjbsc-500ml 667 1186 741 1477
wdm-spjbsc-500ml 608 1191 679 1468
wdm-btlcjy-500ml 667 741 741 1003
wdm-btlcjy-500ml 723 733 803 997
wdm-btlcjy-500ml 782 721 867 994
wdm-wjxjy-500ml 847 709 941 983
wdm-wjxjy-500ml 929 694 1017 971
wdm-wjxjy-800ml 994 630 1106 968
wdm-wjxjy-800ml 1085 606 1194 962
wdm-wjxjy-800ml 1164 586 1279 950
wdm-wjxjy-800ml 1258 565 1376 936
wdm-wjxjy-800ml 1356 539 1479 930
wdm-wjxjy-800ml 1456 512 1594 912
cbl-lyxdbj-300g 623 330 720 433
cbl-lyxdbj-300g 706 306 806 406
cbl-lyxdbj-300g 626 415 717 497
cbl-lyxtmj-300g 782 262 906 380
cbl-lyxtmj-300g 879 224 994 341
cbl-lyxdbj-500g 964 150 1097 286
cbl-lyxdbj-500g 1067 97 1206 239
cbl-lyxdbj-500g 1070 215 1208 321
cbl-lyxdbj-500g 967 262 1100 371
cbl-lyxdbj-800g 1185 12 1364 186
cbl-lyxdbj-800g 1173 133 1370 286
cbl-lyxdbj-800g 1344 74 1550 236
cbl-lyxdbj-800g 1338 1 1547 136
