wdm-wjxjy-1L 541 877 814 1512
wdm-wjxjy-1L 682 1009 964 1618
wdm-wjxjy-1L 794 1053 1129 1736
wdm-wjxjy-1L 1026 1177 1403 1836
wdm-btlcjy-1L 423 780 682 1350
wdm-btlcjy-1L 341 721 564 1265
wdm-wjxjy-800ml 1206 1280 1553 1947
wdm-wjxjy-800ml 1391 1459 1814 2083
wdm-wjxjy-800ml 1497 1506 1920 2418
wdm-wjxjy-500ml 388 30 608 659
wdm-wjxjy-500ml 573 89 826 694
wdm-wjxjy-500ml 658 92 911 739
wdm-spjbsc-500ml 897 80 1261 939
wdm-spjbsc-500ml 1085 139 1435 962
wdm-cxhy-510g 1244 153 1691 1112
wdm-cxhy-510g 1397 159 1920 1206
