wdm-wjxjy-800ml 153 1 303 559
wdm-wjxjy-800ml 300 15 464 580
wdm-wjxjy-800ml 444 47 585 594
wdm-wjxjy-800ml 585 77 735 603
wdm-wjxjy-800ml 729 109 873 612
wdm-wjxjy-800ml 850 147 979 636
wdm-wjxjy-800ml 953 171 1091 633
wdm-wjxjy-800ml 1067 183 1203 653
wdm-wjxjy-800ml 1164 209 1291 665
wdm-wjxjy-800ml 1258 236 1385 668
wdm-wjxjy-800ml 1347 250 1482 680
wdm-wjxjy-800ml 1453 259 1582 677
wdm-spjbsc-500ml 164 709 288 1141
wdm-spjbsc-500ml 279 715 411 1144
wdm-spjbsc-500ml 406 727 538 1144
wdm-qxmc-460ml 520 727 632 1139
wdm-qxmc-460ml 617 733 735 1139
wdm-qxmc-460ml 711 739 823 1139
wdm-cxhy-510g 806 771 914 1141
wdm-cxhy-510g 894 780 991 1144
wdm-cxhy-510g 970 783 1070 1141
wdm-zphy-510g 1047 786 1138 1136
wdm-zphy-510g 1117 786 1211 1144
wdm-zphy-510g 1185 800 1288 1139
wdm-zphy-510g 1256 809 1350 1141
wdm-zphy-510g 1329 809 1429 1139
wdm-zphy-510g 1394 817 1488 1140
wdm-wjxjy-500ml 435 1344 550 1694
wdm-wjxjy-500ml 535 1341 644 1674
wdm-wjxjy-500ml 638 1339 744 1662
wdm-wjxjy-500ml 729 1330 832 1653
wdm-btlcjy-500ml 820 1321 917 1644
wdm-btlcjy-500ml 897 1327 997 1636
wdm-btlcjy-500ml 976 1321 1079 1630
wdm-btlcjy-500ml 1061 1315 1161 1624
wdm-btlcjy-1L 1138 1259 1247 1612
wdm-btlcjy-1L 1214 1265 1341 1606
wdm-btlcjy-1L 1308 1271 1429 1600
wdm-btlcjy-1L 1244 1668 1353 1959
wdm-btlcjy-1L 1164 1677 1276 1983
wdm-btlcjy-1L 1076 1680 1188 1994
wdm-btlcjy-1L 991 1703 1106 2006
wdm-wjxjy-1L 900 1712 1017 2033
wdm-wjxjy-1L 806 1718 917 2050
wdm-wjxjy-1L 706 1721 826 2071
wdm-wjxjy-1L 600 1741 717 2091
wdm-wjxjy-1L 491 1756 617 2106
wdm-wjxjy-1.3L 332 1774 494 2115
wdm-wjxjy-1.3L 188 1783 344 2136
wdm-wjxjy-1.3L 217 2206 379 2559
wdm-wjxjy-1.3L 361 2177 508 2515
wdm-wjxjy-1.3L 497 2165 638 2494
wdm-wjxjy-1.3L 635 2127 791 2456
wdm-wjxjy-1.3L 803 2083 956 2412
wdm-wjxjy-1.3L 935 2074 1085 2386
wdm-wjxjy-1.3L 1061 2041 1206 2347
wdm-wjxjy-1.3L 1179 2012 1323 2324
