cbl-lyxdbj-800g 1454 575 1704 808
cbl-lyxdbj-800g 1464 712 1697 943
cbl-lyxdbj-800g 1251 570 1487 787
cbl-lyxdbj-800g 1268 716 1479 908
cbl-lyxdbj-300g 1129 622 1289 774
cbl-lyxdbj-300g 1145 733 1310 868
cbl-lyxdbj-300g 1003 610 1158 752
cbl-lyxdbj-300g 1018 722 1168 843
cbl-lyxtmj-300g 881 606 1026 749
cbl-lyxtmj-300g 899 714 1049 831
cbl-lyxtmj-300g 766 602 914 737
cbl-lyxtmj-300g 795 708 935 818
wdm-wjxjy-800ml 1558 974 1687 1250
wdm-wjxjy-800ml 1445 977 1581 1220
wdm-wjxjy-800ml 1331 960 1470 1225
wdm-wjxjy-800ml 1231 956 1356 1208
wdm-wjxjy-800ml 1129 937 1260 1181
wdm-wjxjy-800ml 1041 927 1158 1150
wdm-wjxjy-800ml 962 916 1087 1133
wdm-wjxjy-800ml 885 904 1014 1100
wdm-wjxjy-800ml 810 885 928 1091
