wdm-cxhy-510g 1156 465 1288 980
wdm-cxhy-510g 1247 486 1347 989
wdm-btlcjy-500ml 694 1118 864 1665
wdm-btlcjy-500ml 829 1124 985 1641
wdm-cxmc-460ml 953 1083 1091 1609
wdm-cxmc-460ml 1061 1080 1179 1586
wdm-qxmc-460ml 1156 1071 1264 1556
wdm-qxmc-460ml 1241 1071 1338 1539
wdm-spjbsc-500ml 1320 1083 1423 1521
wdm-spjbsc-500ml 1397 1089 1506 1512
wdm-zphy-510g 1317 512 1411 974
wdm-zphy-510g 1385 512 1506 980
wdm-zphy-510g 1473 536 1567 989
wdm-wjxjy-500ml 1047 468 1188 1000
wdm-wjxjy-500ml 920 447 1079 983
wdm-wjxjy-800ml 773 321 944 986
wdm-wjxjy-800ml 626 286 803 980
wdm-wjxjy-800ml 447 241 673 983
wdm-wjxjy-1L 532 1074 720 1694
wdm-wjxjy-1L 338 1080 550 1739
wdm-wjxjy-1L 141 1065 367 1791
wdm-wjxjy-1.3L 176 256 491 971
