cbl-lyxdbj-300g 679 774 762 850
cbl-lyxdbj-300g 676 841 760 912
cbl-lyxdbj-300g 756 775 839 849
cbl-lyxdbj-300g 756 843 841 914
cbl-lyxdbj-300g 833 777 914 850
cbl-lyxdbj-300g 835 841 912 910
wdm-wjxjy-1L 1364 460 1431 652
wdm-wjxjy-1L 1420 458 1487 654
wdm-wjxjy-1L 1478 462 1545 664
wdm-wjxjy-1L 1528 462 1581 658
wdm-wjxjy-1L 1578 460 1631 662
wdm-wjxjy-1L 1408 704 1476 904
wdm-wjxjy-1L 1460 706 1531 904
wdm-wjxjy-1L 1518 710 1583 906
wdm-wjxjy-1L 962 697 1033 910
wdm-wjxjy-1L 903 695 974 914
wdm-wjxjy-800ml 1322 441 1387 654
wdm-wjxjy-800ml 1270 439 1333 652
wdm-wjxjy-800ml 1212 435 1281 656
wdm-wjxjy-800ml 1162 433 1224 649
wdm-wjxjy-800ml 1097 429 1170 650
wdm-wjxjy-800ml 1029 425 1097 645
wdm-wjxjy-800ml 972 420 1041 645
wdm-wjxjy-800ml 916 416 981 637
wdm-wjxjy-800ml 854 412 922 631
wdm-wjxjy-800ml 951 974 1016 1204
wdm-wjxjy-800ml 1006 979 1074 1202
wdm-wjxjy-800ml 1062 977 1128 1200
wdm-wjxjy-800ml 1114 977 1178 1191
wdm-wjxjy-500ml 1456 1004 1514 1189
wdm-wjxjy-500ml 1504 1006 1558 1185
wdm-wjxjy-500ml 1547 1002 1597 1174
wdm-wjxjy-1.8L 1170 979 1260 1195
wdm-wjxjy-1.8L 1245 977 1337 1191
wdm-wjxjy-1.3L 1326 991 1406 1187
wdm-wjxjy-1.3L 1395 983 1464 1187
wdm-cxhy-510g 1104 716 1154 908
wdm-cxhy-510g 1145 714 1185 908
wdm-cxmc-460ml 1014 704 1070 910
wdm-cxmc-460ml 1062 704 1112 912
wdm-spjbsc-500ml 1362 720 1420 906
wdm-spjbsc-500ml 1318 716 1372 900
wdm-zphy-510g 1274 722 1326 900
wdm-zphy-510g 1229 718 1278 906
wdm-zphy-510g 1185 716 1235 910
wdm-btlcjy-1L 1572 710 1628 904
