wdm-wjxjy-800ml 196 71 388 683
wdm-wjxjy-800ml 396 118 564 700
wdm-wjxjy-800ml 543 153 702 700
wdm-wjxjy-800ml 676 186 840 706
wdm-wjxjy-800ml 808 215 952 718
wdm-btlcjy-500ml 923 250 1070 739
wdm-btlcjy-500ml 1043 274 1176 753
wdm-btlcjy-500ml 1155 300 1276 759
wdm-wjxjy-800ml 1264 233 1429 771
wdm-wjxjy-800ml 1393 265 1555 780
wdm-wjxjy-800ml 1505 289 1649 780
wdm-wjxjy-800ml 1611 309 1732 786
wdm-wjxjy-800ml 1685 318 1823 780
wdm-spjbsc-500ml 364 818 511 1297
wdm-spjbsc-500ml 485 821 635 1291
wdm-spjbsc-500ml 608 824 749 1289
wdm-spjbsc-500ml 723 836 852 1283
wdm-qxmc-460ml 829 824 952 1277
wdm-qxmc-460ml 923 830 1049 1280
wdm-qxmc-460ml 1023 839 1143 1277
wdm-zphy-510g 1117 859 1246 1274
wdm-zphy-510g 1217 865 1323 1262
wdm-zphy-510g 1296 871 1405 1262
wdm-cxhy-510g 1370 868 1479 1247
wdm-cxhy-510g 1440 868 1552 1239
wdm-cxhy-510g 1514 880 1629 1241
wdm-wjxjy-500ml 382 1486 517 1897
wdm-wjxjy-500ml 496 1477 638 1880
wdm-wjxjy-1L 620 1412 764 1856
wdm-wjxjy-1L 732 1406 879 1836
wdm-wjxjy-1L 855 1400 988 1812
wdm-wjxjy-1L 961 1389 1085 1783
wdm-wjxjy-800ml 1055 1368 1185 1774
wdm-wjxjy-800ml 1158 1359 1288 1759
wdm-btlcjy-1L 1243 1350 1364 1721
wdm-btlcjy-1L 1332 1339 1443 1706
wdm-btlcjy-1L 1414 1327 1526 1680
wdm-wjxjy-1.3L 364 2047 549 2433
wdm-wjxjy-1.3L 535 1994 690 2371
wdm-wjxjy-1.3L 679 1965 840 2347
wdm-spjbsc-1.3L 820 1936 973 2297
wdm-spjbsc-1.3L 952 1897 1099 2250
wdm-wjxjy-1.8L 1070 1836 1205 2206
wdm-wjxjy-1.8L 1185 1806 1338 2165
wdm-wjxjy-1.8L 1308 1789 1464 2133
wdm-wjxjy-1.8L 1432 1756 1588 2100
wdm-wjxjy-1.8L 1543 1741 1693 2086
