wdm-zplj-450ml 144 533 341 1097
wdm-zplj-450ml 261 530 450 1068
wdm-zplj-450ml 367 518 532 1050
wdm-zplj-450ml 482 512 635 1015
wdm-cxhy-510g 594 530 720 991
wdm-cxhy-510g 673 518 797 968
wdm-cxhy-510g 756 518 861 947
wdm-zphy-510g 832 524 929 921
wdm-zphy-510g 900 509 985 918
wdm-zphy-510g 970 500 1050 903
wdm-zphy-510g 1011 494 1094 877
wdm-qxmc-460ml 1067 459 1150 880
wdm-qxmc-460ml 1120 465 1220 859
wdm-qxmc-460ml 1182 465 1267 844
wdm-qxmc-460ml 1235 453 1311 830
wdm-spjbsc-500ml 1282 465 1367 809
wdm-spjbsc-500ml 1341 462 1394 800
wdm-spjbsc-500ml 1373 453 1441 794
wdm-btlcjy-500ml 1350 889 1429 1162
wdm-btlcjy-500ml 1300 900 1376 1186
wdm-wjxjy-500ml 1256 918 1329 1212
wdm-wjxjy-500ml 1211 933 1291 1224
wdm-wjxjy-500ml 1167 950 1229 1247
wdm-wjxjy-500ml 1094 967 1191 1274
wdm-wjxjy-800ml 1038 947 1144 1309
wdm-wjxjy-800ml 961 974 1061 1347
wdm-wjxjy-800ml 891 994 1000 1380
wdm-wjxjy-800ml 811 1027 914 1406
wdm-wjxjy-800ml 723 1047 847 1456
wdm-wjxjy-1L 608 1080 750 1486
wdm-wjxjy-1L 500 1118 650 1536
wdm-wjxjy-1L 400 1156 564 1606
wdm-wjxjy-1L 270 1197 458 1653
wdm-wjxjy-2L 300 1791 511 2233
wdm-wjxjy-2L 470 1700 676 2144
wdm-wjxjy-1.8L 606 1644 782 2033
wdm-wjxjy-1.8L 729 1577 882 1939
wdm-wjxjy-1.8L 841 1518 988 1865
wdm-wjxjy-1.8L 941 1462 1088 1803
wdm-wjxjy-1.8L 1050 1409 1173 1733
wdm-wjxjy-1.3L 1138 1389 1250 1683
wdm-wjxjy-1.3L 1220 1347 1317 1630
wdm-spjbsc-1.3L 1285 1303 1370 1577
wdm-spjbsc-1.3L 1341 1265 1435 1539
