cbl-lyxdbj-300g 558 327 773 553
cbl-lyxdbj-300g 726 394 947 609
cbl-lyxdbj-500g 908 436 1111 665
cbl-lyxdbj-800g 1058 474 1276 712
cbl-lyxtmj-300g 350 256 585 489
cbl-lyxtmj-300g 370 83 605 336
cbl-lyxtmj-800g 1191 374 1435 592
cbl-lyxtmj-800g 1217 542 1403 753
cbl-hdj-900g 1347 456 1505 774
cbl-hdj-900g 1438 492 1576 797
cbl-lhdj-900g 1514 527 1658 812
wdm-wjxjy-500ml 229 833 379 1371
wdm-wjxjy-500ml 350 856 529 1383
wdm-btlcjy-500ml 473 877 638 1365
wdm-btlcjy-500ml 588 892 738 1353
wdm-spjbsc-500ml 694 897 817 1362
wdm-spjbsc-500ml 767 912 926 1371
wdm-cxhy-510g 870 933 1008 1365
wdm-cxhy-510g 961 942 1103 1359
wdm-wjxjy-800ml 1038 892 1185 1374
wdm-wjxjy-800ml 1129 918 1273 1377
wdm-wjxjy-1L 1200 953 1355 1383
wdm-wjxjy-1L 1297 968 1455 1386
wdm-wjxjy-1.8L 1394 992 1505 1392
wdm-wjxjy-1.8L 1464 1000 1573 1377
wdm-wjxjy-2L 553 1556 770 2062
wdm-wjxjy-2L 717 1542 935 2050
wdm-cxmc-1.3L 1244 1530 1391 1918
wdm-cxmc-1.3L 1341 1527 1482 1915
wdm-wjxjy-1.3L 1108 1550 1282 1962
wdm-wjxjy-1.3L 932 1559 1088 1994
