wdm-wjxjy-1.8L 1226 865 1367 1200
wdm-wjxjy-1.8L 1356 865 1491 1180
wdm-wjxjy-1.8L 1467 859 1608 1174
wdm-wjxjy-1L 1135 880 1235 1206
wdm-wjxjy-1L 1041 880 1147 1203
wdm-wjxjy-1L 950 883 1058 1218
wdm-wjxjy-1L 850 886 961 1218
wdm-wjxjy-500ml 764 918 858 1224
wdm-wjxjy-500ml 673 912 785 1233
wdm-wjxjy-500ml 585 924 694 1241
wdm-wjxjy-500ml 488 927 603 1256
wdm-btlcjy-500ml 397 915 514 1247
wdm-btlcjy-500ml 306 918 414 1268
wdm-btlcjy-500ml 208 927 341 1294
wdm-cxmc-460ml 1556 494 1641 815
wdm-cxmc-460ml 1488 494 1567 824
wdm-cxmc-460ml 1414 491 1500 836
wdm-qxmc-460ml 1341 494 1426 836
wdm-qxmc-460ml 1276 494 1353 833
wdm-cxhy-510g 1211 521 1291 853
wdm-cxhy-510g 1147 515 1235 833
wdm-spjbsc-500ml 1067 500 1158 844
wdm-spjbsc-500ml 994 503 1085 850
wdm-spjbsc-500ml 908 500 1008 847
lyx-tjyzjy-500ml 826 491 929 839
lyx-tjyzjy-500ml 732 494 844 856
lyx-tjyzjy-500ml 635 486 747 853
lyx-hsjy-500ml 538 489 641 844
lyx-hsjy-500ml 426 480 541 850
lyx-tjjy-500ml 323 477 444 859
lyx-tjjy-500ml 208 474 344 859
