wdm-wjxjy-800ml 382 444 558 974
wdm-wjxjy-800ml 555 477 741 997
wdm-wjxjy-1.3L 779 568 985 1021
wdm-wjxjy-1.3L 944 597 1135 1036
wdm-wjxjy-1.8L 1103 586 1317 1047
wdm-wjxjy-1.8L 1255 627 1464 1071
wdm-spjbsc-1.3L 64 1077 291 1577
wdm-spjbsc-1.3L 235 1097 470 1586
wdm-btlcjy-1L 420 1092 608 1594
wdm-btlcjy-1L 564 1106 744 1606
wdm-cxhy-510g 703 1162 844 1597
wdm-cxhy-510g 800 1168 929 1586
wdm-spjbsc-500ml 897 1165 1026 1592
wdm-spjbsc-500ml 1000 1180 1117 1592
wdm-cxmc-460ml 1088 1171 1217 1586
wdm-cxmc-460ml 1179 1174 1300 1597
wdm-zplj-450ml 1279 1183 1397 1592
wdm-zplj-450ml 1367 1189 1479 1592
cbl-hdj-900g 776 1800 944 2139
cbl-hdj-900g 644 1815 814 2153
cbl-lyxdbj-300g 497 1739 685 1915
cbl-lyxdbj-300g 491 1868 673 2033
cbl-lyxdbj-300g 476 1983 670 2159
cbl-lyxtmj-300g 323 1742 514 1918
cbl-lyxtmj-300g 303 1874 505 2044
cbl-lyxtmj-300g 308 1989 497 2171
cbl-lyxtmj-800g 108 1650 326 1868
cbl-lyxtmj-800g 85 1812 329 2027
cbl-lyxtmj-800g 88 1962 320 2183
