wdm-wjxjy-1L 650 1024 900 1721
wdm-wjxjy-1L 508 1050 720 1789
wdm-wjxjy-1L 285 1097 547 1880
wdm-wjxjy-1L 23 1112 326 1965
wdm-wjxjy-1.8L 838 974 1114 1686
wdm-wjxjy-1.8L 1058 965 1317 1606
wdm-wjxjy-1.8L 1255 953 1432 1533
wdm-wjxjy-1.8L 1379 927 1576 1483
wdm-wjxjy-1.3L 1105 71 1405 809
wdm-wjxjy-1.3L 1332 139 1579 821
wdm-wjxjy-1.3L 1488 224 1667 830
wdm-wjxjy-1.3L 1547 271 1711 818
wdm-wjxjy-1.3L 1635 292 1853 809
wdm-cxhy-510g 97 1 338 780
wdm-spjbsc-500ml 308 1 561 792
wdm-spjbsc-500ml 517 1 744 797
wdm-cxmc-460ml 685 1 888 800
wdm-cxmc-460ml 823 1 1044 812
wdm-cxmc-460ml 967 1 1167 809
