cbl-lyxsrdbj-300g 707 563 793 644
cbl-lyxsrdbj-300g 724 631 810 702
cbl-lyxsrdbj-300g 778 549 863 631
cbl-lyxsrdbj-300g 790 609 876 685
cbl-lyxdbj-300g 851 539 934 609
cbl-lyxdbj-300g 861 602 939 673
cbl-lyxdbj-300g 920 522 995 600
cbl-lyxdbj-300g 927 583 1003 661
cbl-hdj-300g 981 517 1066 575
cbl-hdj-300g 983 561 1073 612
cbl-hdj-500g 1056 502 1139 568
cbl-hdj-500g 1059 561 1134 631
cbl-lyxdbj-500g 1117 473 1203 553
cbl-lyxdbj-500g 1124 544 1200 624
cbl-lyxdbj-500g 1183 466 1256 541
cbl-lyxdbj-500g 1181 529 1254 597
cbl-lyxdbj-800g 1239 446 1320 529
cbl-lyxdbj-800g 1242 512 1315 590
