wdm-wjxjy-500ml 200 156 356 703
wdm-wjxjy-500ml 335 177 497 709
wdm-wjxjy-500ml 456 212 597 718
wdm-wjxjy-500ml 570 236 685 712
wdm-wjxjy-800ml 217 753 400 1253
wdm-wjxjy-800ml 385 759 538 1236
wdm-wjxjy-800ml 514 759 658 1212
wdm-wjxjy-800ml 638 756 797 1194
wdm-wjxjy-800ml 770 750 891 1168
wdm-btlcjy-500ml 673 250 791 706
wdm-btlcjy-500ml 770 268 894 706
wdm-btlcjy-1L 873 744 991 1168
wdm-btlcjy-1L 967 750 1073 1144
wdm-btlcjy-1L 1053 750 1158 1139
wdm-spjbsc-1.3L 526 1268 682 1659
wdm-spjbsc-1.3L 653 1244 794 1633
wdm-spsc-2L 770 1212 935 1583
wdm-wjxjy-1.3L 385 1294 547 1706
wdm-wjxjy-1.3L 214 1321 411 1759
wdm-spjbsc-500ml 1117 312 1214 709
wdm-spjbsc-500ml 1200 330 1282 712
wdm-spjbsc-500ml 1264 341 1341 718
wdm-spjbsc-500ml 1320 353 1403 724
lyx-tjyzjy-500ml 873 265 988 703
lyx-tjyzjy-500ml 961 283 1070 703
lyx-tjyzjy-500ml 1047 315 1147 718
