wdm-wjxjy-800ml 285 480 388 883
wdm-wjxjy-800ml 338 462 444 894
wdm-wjxjy-800ml 414 459 517 889
wdm-wjxjy-800ml 497 450 608 906
wdm-wjxjy-800ml 579 436 700 900
wdm-wjxjy-1L 673 439 808 903
wdm-wjxjy-1L 788 433 932 909
wdm-wjxjy-1L 894 415 1053 903
wdm-wjxjy-1.3L 1017 412 1223 883
wdm-wjxjy-1.3L 1173 383 1391 894
wdm-wjxjy-1.8L 1358 315 1623 921
wdm-wjxjy-1.8L 1594 277 1879 921
wdm-wjxjy-500ml 247 1050 347 1359
wdm-wjxjy-500ml 308 1044 394 1368
wdm-btlcjy-500ml 373 1062 470 1391
wdm-btlcjy-500ml 444 1059 558 1415
wdm-cxmc-460ml 538 1047 620 1424
wdm-cxmc-460ml 597 1050 688 1441
wdm-cxmc-460ml 664 1056 767 1456
wdm-cxmc-460ml 750 1056 850 1477
wdm-spjbsc-500ml 808 1086 906 1480
wdm-spjbsc-500ml 894 1089 1006 1491
wdm-spjbsc-500ml 985 1097 1100 1518
wdm-spjbsc-500ml 1070 1103 1191 1527
wdm-zphy-510g 1173 1115 1288 1565
wdm-zphy-510g 1267 1124 1388 1580
wdm-cxhy-510g 1379 1136 1500 1591
wdm-cxhy-510g 1485 1139 1626 1612
wdm-cxhy-510g 1603 1147 1744 1627
cbl-lyxdbj-300g 714 1639 861 1806
cbl-lyxtmj-300g 817 1683 976 1847
cbl-lyxtmj-300g 941 1715 1108 1897
cbl-lyxdbj-500g 1076 1709 1273 1918
cbl-lyxdbj-500g 1241 1741 1447 1968
cbl-hdj-900g 1420 1803 1608 2189
cbl-hdj-900g 1582 1847 1782 2230
