wdm-wjxjy-800ml 1600 18 1903 1089
wdm-wjxjy-800ml 1341 41 1620 1091
wdm-wjxjy-800ml 1129 106 1391 1044
wdm-wjxjy-800ml 944 133 1182 1036
wdm-wjxjy-500ml 788 303 994 1009
wdm-wjxjy-500ml 650 321 841 980
wdm-wjxjy-500ml 497 324 697 980
wdm-wjxjy-800ml 611 1527 785 2012
wdm-wjxjy-800ml 732 1556 897 2056
wdm-wjxjy-800ml 847 1589 1026 2121
wdm-wjxjy-800ml 982 1630 1156 2156
wdm-wjxjy-800ml 1114 1683 1291 2224
wdm-cxhy-510g 403 318 573 927
wdm-cxhy-510g 308 312 514 950
wdm-cxhy-510g 220 344 394 950
cbl-lyxdbj-300g 364 1089 579 1318
cbl-lyxdbj-300g 526 1115 767 1347
cbl-lyxdbj-300g 553 1283 782 1500
cbl-lyxtmj-300g 714 1144 979 1397
cbl-lyxtmj-300g 914 1168 1217 1439
cbl-lyxtmj-300g 926 1374 1203 1594
cbl-lyxtmj-300g 741 1327 970 1550
