lyx-hsjy-1L 123 262 187 439
lyx-hsjy-1L 181 268 245 445
lyx-hsjy-1L 239 272 300 451
lyx-hsjy-1L 298 274 362 451
lyx-hsjy-1L 372 276 437 456
lyx-hsjy-1L 443 281 508 464
lyx-hsjy-1L 518 283 581 470
lyx-hsjy-1L 579 287 645 478
lyx-hsjy-1L 637 295 691 483
lyx-hsjy-1L 685 303 748 485
lyx-hsjy-1L 881 328 935 501
lyx-hsjy-1L 929 324 987 505
lyx-hsjy-1L 983 331 1039 505
lyx-hsjy-1L 1033 335 1091 508
lyx-hsjy-1L 1087 335 1143 514
lyx-hsjy-1L 1135 341 1191 522
lyx-hsjy-1L 1187 351 1239 524
lyx-hsjy-500ml 743 322 793 487
lyx-hsjy-500ml 787 322 839 495
lyx-hsjy-500ml 833 322 887 495
wdm-cxhy-510g 266 468 314 643
wdm-cxhy-510g 308 474 354 643
wdm-cxhy-510g 348 481 393 645
wdm-cxhy-510g 389 483 437 643
wdm-cxhy-510g 435 485 479 651
wdm-cxhy-510g 477 487 523 658
wdm-cxhy-510g 364 691 410 866
wdm-cxhy-510g 404 697 450 872
wdm-cxhy-510g 448 701 495 872
wdm-spjbsc-500ml 218 680 273 862
wdm-spjbsc-500ml 270 685 323 866
wdm-spjbsc-500ml 316 689 370 872
wdm-spjbsc-500ml 185 906 239 1087
wdm-spjbsc-500ml 231 905 285 1093
wdm-spjbsc-500ml 281 912 333 1091
lyx-tjjy-160ml 518 531 558 656
lyx-tjjy-160ml 556 533 597 658
lyx-tjjy-160ml 591 537 627 662
lyx-tjjy-160ml 627 537 662 664
lyx-tjjy-160ml 664 543 698 668
lyx-tjjy-160ml 698 545 733 668
lyx-tjjy-500ml 491 699 547 862
lyx-tjjy-500ml 541 701 593 876
lyx-tjjy-500ml 591 706 641 878
lyx-hsjy-500ml 639 708 687 883
lyx-hsjy-500ml 681 708 735 889
lyx-hsjy-500ml 731 716 781 891
lyx-tjyzjy-500ml 779 720 831 889
lyx-tjyzjy-500ml 827 720 875 889
lyx-tjyzjy-500ml 873 724 927 895
lyx-tjdyjy-375ml 923 733 966 897
lyx-tjdyjy-375ml 964 733 1014 899
lyx-tjdyjy-375ml 1006 737 1058 901
wdm-zphy-510g 327 914 377 1091
wdm-zphy-510g 368 918 418 1091
wdm-zphy-510g 410 918 456 1093
lyx-tjjy-500ml 502 914 556 1093
lyx-tjjy-500ml 452 914 508 1089
lyx-tjjy-500ml 556 920 606 1093
lyx-hsjy-500ml 606 916 652 1101
lyx-hsjy-500ml 648 922 704 1099
lyx-hsjy-500ml 697 928 756 1101
lyx-tjyzjy-500ml 747 926 797 1103
lyx-tjyzjy-500ml 795 931 848 1101
lyx-tjyzjy-500ml 841 926 891 1103
lyx-nmzyjy-380ml 35 901 95 1085
lyx-nmzyjy-380ml 87 908 141 1083
lyx-nmzyjy-380ml 137 912 193 1083
lyx-tjjy-1L 464 1116 529 1312
lyx-tjjy-1L 522 1112 583 1316
lyx-tjjy-1L 572 1126 641 1316
lyx-tjjy-1L 737 1128 800 1314
lyx-tjjy-1L 791 1131 854 1312
lyx-hsjy-1L 633 1130 695 1318
lyx-hsjy-1L 683 1128 750 1320
lyx-hsjy-1L 843 1135 902 1322
lyx-hsjy-1L 898 1137 958 1318
