wdm-wjxjy-500ml 1238 203 1417 712
wdm-wjxjy-500ml 1358 215 1538 715
wdm-wjxjy-500ml 1482 230 1664 730
wdm-wjxjy-500ml 1594 247 1788 747
wdm-wjxjy-800ml 282 706 476 1306
wdm-wjxjy-800ml 132 686 335 1297
wdm-wjxjy-800ml 1 668 214 1294
wdm-wjxjy-1L 1044 827 1267 1368
wdm-wjxjy-1L 1182 839 1405 1380
wdm-wjxjy-1L 1332 850 1555 1400
wdm-zphy-510g 676 94 853 609
wdm-zphy-510g 561 77 750 600
wdm-wjxjy-1.8L 823 1465 1120 2042
wdm-wjxjy-1.8L 1032 1465 1291 2042
wdm-btlcjy-1L 700 1468 905 2030
wdm-btlcjy-1L 544 1450 767 2027
