wdm-wjxjy-800ml 1244 783 1432 1330
wdm-wjxjy-800ml 1155 774 1338 1300
wdm-wjxjy-800ml 1105 771 1250 1271
wdm-wjxjy-800ml 1032 774 1182 1239
wdm-wjxjy-800ml 979 765 1100 1206
wdm-wjxjy-800ml 920 771 1055 1186
wdm-wjxjy-800ml 885 759 982 1165
wdm-wjxjy-800ml 844 759 938 1142
wdm-wjxjy-500ml 717 809 820 1094
wdm-wjxjy-500ml 788 815 908 1115
wdm-btlcjy-500ml 1264 1442 1438 1871
wdm-btlcjy-500ml 1194 1394 1361 1812
wdm-btlcjy-500ml 1117 1359 1276 1750
wdm-btlcjy-1L 1055 1321 1208 1700
wdm-btlcjy-1L 994 1280 1135 1644
