wdm-wjxjy-1.3L 303 325 401 560
wdm-wjxjy-1.3L 379 308 477 558
wdm-wjxjy-1.3L 453 299 551 553
wdm-wjxjy-1.3L 532 290 634 547
wdm-wjxjy-1.3L 612 284 719 540
wdm-wjxjy-1.3L 701 255 821 540
wdm-wjxjy-1.3L 803 238 932 536
wdm-wjxjy-1.3L 908 221 1038 523
wdm-wjxjy-1.3L 1016 205 1156 512
wdm-wjxjy-1.3L 1132 188 1275 505
wdm-wjxjy-1.3L 1262 245 1386 510
wdm-btlcjy-500ml 306 595 369 821
wdm-btlcjy-500ml 353 599 414 821
wdm-btlcjy-500ml 401 599 466 818
wdm-wjxjy-500ml 456 599 516 818
wdm-wjxjy-500ml 508 599 573 821
wdm-wjxjy-500ml 558 595 627 823
wdm-wjxjy-500ml 610 592 679 821
wdm-wjxjy-800ml 666 555 747 825
wdm-wjxjy-800ml 734 553 810 827
wdm-wjxjy-800ml 797 549 879 823
wdm-wjxjy-800ml 866 545 949 814
wdm-wjxjy-800ml 940 540 1019 816
wdm-wjxjy-1L 1012 538 1097 821
wdm-wjxjy-1L 1088 531 1182 818
wdm-wjxjy-1L 1173 525 1275 825
wdm-wjxjy-1L 1264 521 1360 810
lyx-tjjy-500ml 332 845 392 1066
lyx-tjjy-500ml 377 851 440 1071
wdm-zplj-450ml 429 849 488 1068
wdm-zplj-450ml 475 842 534 1071
wdm-zplj-450ml 523 838 584 1079
wdm-qxmc-460ml 573 840 632 1081
wdm-qxmc-460ml 619 845 684 1084
wdm-cxmc-460ml 666 845 734 1081
wdm-cxmc-460ml 721 842 784 1086
wdm-cxmc-460ml 775 847 840 1088
wdm-zphy-510g 827 855 895 1090
wdm-zphy-510g 884 858 953 1095
wdm-zphy-510g 940 853 1006 1099
wdm-cxhy-510g 995 855 1062 1108
wdm-cxhy-510g 1051 862 1119 1105
wdm-cxhy-510g 1108 858 1182 1110
wdm-spjbsc-500ml 1171 855 1251 1116
wdm-spjbsc-500ml 1240 847 1327 1125
cbl-lhdj-900g 1171 1201 1275 1395
cbl-lhdj-900g 1079 1195 1184 1386
cbl-lhdj-900g 997 1186 1092 1371
cbl-lhdj-900g 919 1181 1012 1364
cbl-lyxdbj-500g 725 1221 845 1338
cbl-lyxtmj-300g 825 1249 919 1351
