wdm-wjxjy-3.78L 58 921 305 1330
wdm-wjxjy-2L 570 933 735 1315
wdm-wjxjy-2L 708 936 870 1324
wdm-wjxjy-1.8L 844 953 1005 1324
wdm-wjxjy-1.8L 991 947 1155 1321
wdm-wjxjy-1.8L 1132 944 1305 1330
wdm-wjxjy-1.8L 1282 947 1450 1321
wdm-wjxjy-1.3L 1426 968 1585 1315
wdm-wjxjy-1.3L 1561 953 1726 1318
wdm-wjxjy-1.3L 1705 950 1864 1318
wdm-wjxjy-1L 97 1409 217 1774
wdm-wjxjy-1L 197 1406 311 1768
wdm-wjxjy-1L 288 1406 420 1771
wdm-wjxjy-1L 397 1403 520 1765
wdm-wjxjy-1L 503 1400 629 1765
wdm-wjxjy-1L 605 1400 714 1765
wdm-wjxjy-1L 697 1400 814 1774
wdm-wjxjy-1L 923 1400 1011 1765
wdm-wjxjy-800ml 997 1394 1114 1789
wdm-wjxjy-800ml 1097 1389 1211 1780
wdm-wjxjy-800ml 1200 1386 1314 1792
wdm-wjxjy-800ml 1297 1386 1411 1783
wdm-wjxjy-800ml 1394 1394 1520 1797
wdm-wjxjy-800ml 1497 1389 1626 1797
wdm-wjxjy-800ml 1605 1386 1726 1786
wdm-wjxjy-800ml 1705 1380 1841 1786
wdm-wjxjy-500ml 73 1809 185 2127
wdm-wjxjy-500ml 153 1815 255 2133
wdm-wjxjy-500ml 232 1818 332 2153
wdm-wjxjy-500ml 314 1827 420 2142
wdm-btlcjy-500ml 400 1824 503 2142
wdm-btlcjy-500ml 485 1809 591 2150
wdm-btlcjy-500ml 576 1818 673 2147
wdm-zplj-450ml 653 1809 755 2153
wdm-zplj-450ml 738 1815 841 2147
wdm-zphy-510g 1035 1821 1132 2153
wdm-zphy-510g 1120 1830 1220 2177
wdm-zphy-510g 1238 1830 1335 2162
wdm-zphy-510g 1314 1824 1414 2171
wdm-cxmc-1.3L 1397 1824 1555 2186
wdm-cxmc-1.3L 1517 1815 1694 2189
wdm-cxmc-1.3L 1658 1827 1826 2177
cbl-hdj-900g 67 2192 205 2439
cbl-hdj-900g 179 2183 311 2427
cbl-lhdj-900g 294 2194 420 2436
cbl-lhdj-900g 388 2194 523 2453
cbl-lyxdbj-300g 497 2230 635 2353
cbl-lyxdbj-300g 494 2327 629 2450
cbl-lyxdbj-300g 623 2236 755 2359
cbl-lyxdbj-300g 617 2347 747 2462
cbl-lyxdbj-300g 741 2236 879 2365
cbl-lyxdbj-300g 741 2344 873 2468
cbl-lyxdbj-500g 867 2212 1014 2347
cbl-lyxdbj-500g 867 2327 1008 2471
cbl-lyxdbj-500g 1003 2227 1153 2365
cbl-lyxdbj-500g 1000 2336 1144 2480
cbl-lyxdbj-800g 1144 2218 1323 2359
cbl-lyxdbj-800g 1135 2312 1326 2489
cbl-lyxdbj-800g 1294 2306 1485 2486
cbl-lyxdbj-800g 1305 2224 1473 2365
