cbl-lyxdbj-800g 778 322 915 439
cbl-lyxdbj-800g 900 314 959 424
cbl-lyxdbj-800g 810 424 881 529
cbl-lyxdbj-800g 871 419 924 509
cbl-lyxdbj-800g 815 514 888 622
cbl-lyxdbj-800g 873 492 929 595
cbl-lyxdbj-800g 685 434 829 561
cbl-lyxdbj-800g 754 541 827 658
cbl-lyxdbj-800g 651 461 756 588
cbl-lyxdbj-800g 666 573 768 700
cbl-lyxdbj-500g 537 419 663 546
cbl-lyxdbj-500g 542 527 673 639
cbl-lyxdbj-500g 549 617 683 731
cbl-lyxdbj-500g 439 436 556 563
cbl-lyxdbj-500g 432 546 544 670
cbl-lyxdbj-500g 442 641 556 768
cbl-lyxdbj-500g 273 446 451 600
cbl-lyxdbj-500g 305 575 442 709
cbl-lyxdbj-500g 327 680 461 817
