cbl-lyxdbj-300g 431 464 531 550
cbl-lyxdbj-300g 270 541 364 625
cbl-lyxdbj-300g 281 608 372 689
cbl-lyxdbj-300g 337 539 433 627
cbl-lyxdbj-300g 347 602 441 687
cbl-lyxdbj-300g 414 539 514 631
cbl-lyxdbj-300g 431 612 524 691
cbl-lyxdbj-300g 487 537 597 631
cbl-lyxdbj-300g 493 606 608 697
cbl-lyxtmj-300g 176 550 285 635
cbl-lyxtmj-300g 193 616 295 691
cbl-lyxtmj-300g 110 549 199 633
cbl-lyxtmj-300g 120 618 214 689
wdm-wjxjy-1L 614 439 728 677
wdm-wjxjy-1L 685 431 785 683
wdm-wjxjy-1L 756 422 847 677
wdm-wjxjy-1L 824 425 922 683
wdm-wjxjy-1L 893 424 981 683
wdm-wjxjy-1L 958 425 1056 685
wdm-wjxjy-1L 1037 410 1120 679
wdm-wjxjy-1L 1104 414 1197 683
wdm-wjxjy-800ml 1179 397 1266 681
wdm-wjxjy-800ml 1251 389 1339 672
wdm-wjxjy-800ml 1329 383 1408 666
wdm-wjxjy-500ml 1403 422 1472 660
wdm-wjxjy-500ml 1460 425 1545 679
wdm-wjxjy-500ml 1533 414 1608 660
wdm-wjxjy-500ml 1599 416 1676 668
wdm-wjxjy-500ml 1668 408 1756 664
wdm-wjxjy-500ml 1741 395 1828 660
wdm-wjxjy-1L 531 724 629 935
wdm-wjxjy-1L 589 727 689 941
wdm-btlcjy-1L 860 727 947 941
wdm-btlcjy-1L 926 720 1010 933
wdm-wjxjy-800ml 1360 714 1443 945
wdm-wjxjy-800ml 1435 720 1516 935
wdm-wjxjy-800ml 1503 722 1593 939
wdm-wjxjy-800ml 1578 714 1668 941
wdm-wjxjy-800ml 1653 718 1743 949
wdm-wjxjy-1.8L 897 1008 999 1237
wdm-wjxjy-1.8L 808 1012 914 1229
wdm-wjxjy-1.8L 716 1016 824 1235
wdm-wjxjy-1.8L 626 1004 731 1224
wdm-wjxjy-1.3L 545 1014 653 1224
wdm-wjxjy-1.3L 458 1014 566 1227
wdm-wjxjy-1.3L 376 1006 481 1220
wdm-wjxjy-800ml 1574 1062 1664 1310
wdm-wjxjy-1.3L 1485 1079 1595 1310
wdm-cxmc-1.3L 1399 1066 1501 1291
wdm-cxmc-1.3L 1318 1054 1416 1277
wdm-spjbsc-1.3L 1229 1054 1324 1275
wdm-spjbsc-1.3L 1151 1041 1241 1262
lyx-tjjy-500ml 995 724 1070 943
lyx-tjjy-500ml 1056 727 1141 950
lyx-tjjy-500ml 1112 718 1189 933
lyx-hsjy-500ml 1179 724 1251 941
lyx-hsjy-500ml 1245 724 1314 943
lyx-hsjy-500ml 1301 712 1372 933
