wdm-wjxjy-800ml 1039 283 1203 683
wdm-wjxjy-800ml 924 292 1083 685
wdm-wjxjy-800ml 807 300 985 683
wdm-wjxjy-800ml 695 307 883 680
wdm-wjxjy-800ml 610 307 781 656
wdm-wjxjy-800ml 493 324 703 673
wdm-wjxjy-800ml 410 314 610 666
wdm-wjxjy-500ml 315 358 527 678
wdm-wjxjy-500ml 229 373 437 683
wdm-wjxjy-500ml 81 366 305 666
wdm-wjxjy-1L 349 785 529 1034
wdm-wjxjy-1L 437 780 595 1027
wdm-wjxjy-1L 507 792 661 1041
wdm-wjxjy-800ml 585 800 761 1063
wdm-wjxjy-800ml 685 795 851 1073
wdm-wjxjy-1.3L 817 817 973 1090
wdm-wjxjy-1.3L 939 827 1098 1105
wdm-wjxjy-1.3L 1066 834 1224 1131
wdm-wjxjy-1.3L 1205 839 1310 1136
