cbl-hdj-300g 50 603 276 718
cbl-hdj-300g 56 697 282 800
cbl-hdj-300g 270 618 503 715
cbl-hdj-300g 267 700 500 809
cbl-lyxdbj-300g 476 515 664 671
cbl-lyxdbj-300g 482 650 664 812
cbl-lyxdbj-300g 653 515 847 677
cbl-lyxdbj-300g 653 653 838 821
cbl-lyxljj-300g 838 515 1029 677
cbl-lyxljj-300g 838 659 1038 830
cbl-lyxljj-300g 1032 518 1232 677
cbl-lyxljj-300g 1020 659 1217 815
cbl-lyxtmj-300g 1217 521 1406 680
cbl-lyxtmj-300g 1211 665 1397 830
cbl-lyxdbj-500g 723 989 906 1159
cbl-lyxdbj-500g 906 983 1091 1162
cbl-lyxljj-300g 1082 991 1261 1177
cbl-lyxljj-300g 1256 994 1447 1174
cbl-lyxdbj-800g 838 1289 1050 1491
cbl-lyxdbj-800g 1035 1289 1247 1494
cbl-lyxtmj-800g 1241 1291 1464 1515
cbl-hdj-900g 1158 1547 1314 1806
cbl-hdj-900g 1300 1550 1456 1806
cbl-lhdj-900g 1435 1553 1606 1830
cbl-hdj-900g 1576 1565 1753 1821
