wdm-btlcjy-500ml 670 683 753 959
wdm-btlcjy-500ml 741 677 838 959
wdm-cxhy-510g 973 671 1050 959
wdm-cxhy-510g 1029 668 1114 962
wdm-cxmc-460ml 1238 668 1320 953
wdm-cxmc-460ml 1303 671 1388 950
wdm-spjbsc-500ml 1517 665 1606 950
wdm-spjbsc-500ml 1591 665 1676 947
wdm-spjbsc-500ml 1664 659 1756 944
wdm-wjxjy-500ml 432 680 520 959
wdm-spjbsc-500ml 820 677 914 968
wdm-spjbsc-500ml 894 665 982 962
wdm-wjxjy-500ml 511 680 597 962
wdm-wjxjy-500ml 585 677 676 965
wdm-wjxjy-500ml 464 333 564 641
wdm-wjxjy-800ml 544 286 653 641
wdm-wjxjy-800ml 638 289 741 641
wdm-wjxjy-800ml 726 289 835 641
wdm-wjxjy-800ml 820 274 929 644
wdm-wjxjy-1L 911 297 1023 639
wdm-wjxjy-1L 1014 300 1114 639
wdm-wjxjy-1L 1103 300 1200 633
wdm-wjxjy-1L 1194 306 1303 630
wdm-wjxjy-1L 1279 297 1394 627
wdm-wjxjy-1.3L 1370 303 1506 630
wdm-wjxjy-1.3L 1491 309 1629 624
wdm-zphy-510g 1103 674 1179 962
wdm-zphy-510g 1167 665 1247 953
wdm-zplj-450ml 1379 665 1467 944
wdm-zplj-450ml 1447 662 1529 950
cbl-lyxdbj-300g 217 1106 341 1200
cbl-lyxdbj-300g 329 1106 447 1203
cbl-lyxdbj-300g 238 1194 356 1286
cbl-lyxdbj-300g 332 1189 461 1294
cbl-lyxdbj-500g 661 1083 779 1186
cbl-lyxdbj-500g 767 1080 882 1186
cbl-lyxdbj-500g 664 1177 782 1283
cbl-lyxdbj-500g 773 1177 885 1283
cbl-lyxtmj-300g 447 1100 567 1200
cbl-lyxtmj-300g 556 1097 679 1203
cbl-lyxtmj-300g 450 1191 567 1291
cbl-lyxtmj-300g 556 1186 676 1289
cbl-hdj-300g 873 1106 1014 1177
cbl-hdj-300g 870 1162 1017 1227
cbl-hdj-500g 1000 1100 1141 1197
cbl-hdj-500g 1008 1030 1147 1118
cbl-hdj-500g 994 1186 1138 1283
cbl-hdj-900g 1117 1074 1229 1274
cbl-hdj-900g 1214 1074 1326 1274
