wdm-spjbsc-500ml 549 493 584 626
wdm-spjbsc-500ml 575 496 611 631
wdm-spjbsc-500ml 601 499 637 629
wdm-wjxjy-500ml 181 458 231 623
wdm-wjxjy-500ml 223 464 265 625
wdm-wjxjy-500ml 194 645 244 806
wdm-wjxjy-500ml 242 648 287 800
wdm-wjxjy-500ml 281 645 329 794
wdm-wjxjy-800ml 118 231 182 426
wdm-wjxjy-800ml 173 236 233 435
wdm-wjxjy-800ml 247 251 307 444
wdm-wjxjy-800ml 300 263 352 454
wdm-wjxjy-1L 260 464 320 628
wdm-wjxjy-1L 310 464 365 626
wdm-wjxjy-1L 352 471 405 629
wdm-wjxjy-1L 398 471 446 629
wdm-wjxjy-1.3L 342 289 401 454
wdm-wjxjy-1.3L 392 297 455 460
wdm-wjxjy-1.3L 446 310 507 465
wdm-wjxjy-1.3L 491 316 546 470
wdm-wjxjy-1.8L 536 319 592 479
wdm-wjxjy-1.8L 584 326 637 477
wdm-cxmc-460ml 434 483 471 629
wdm-cxmc-460ml 466 487 502 629
wdm-cxmc-460ml 495 489 530 629
wdm-cxmc-460ml 523 493 556 628
wdm-cxhy-510g 320 648 360 794
wdm-cxhy-510g 353 644 391 794
wdm-btlcjy-500ml 379 644 414 781
wdm-btlcjy-500ml 411 644 452 787
wdm-btlcjy-500ml 444 644 485 787
wdm-btlcjy-500ml 478 642 521 780
wdm-btlcjy-500ml 510 645 547 781
wdm-zphy-510g 540 647 573 779
wdm-zphy-510g 566 647 597 776
wdm-zphy-510g 591 645 623 773
