cbl-lyxdbj-500g 1 1 376 353
cbl-lyxdbj-300g 114 765 464 1071
cbl-lyxdbj-300g 150 980 488 1268
cbl-lyxdbj-300g 1 1027 191 1336
cbl-lyxdbj-800g 1203 521 1570 833
cbl-lyxdbj-800g 1238 777 1553 1039
cbl-lyxdbj-800g 1458 492 1811 792
cbl-lyxdbj-800g 1508 742 1776 989
cbl-lyxtmj-300g 414 724 741 1024
cbl-lyxtmj-300g 441 933 761 1206
cbl-lyxtmj-300g 688 692 1003 965
cbl-lyxtmj-300g 708 883 1000 1159
cbl-lyxtmj-800g 932 556 1303 880
cbl-lyxtmj-800g 935 797 1291 1094
cbl-hdj-300g 311 109 761 347
cbl-hdj-300g 679 112 1103 306
cbl-hdj-300g 679 1 1105 136
cbl-hdj-900g 1705 568 1920 965
