wdm-qxmc-460ml 493 1 585 297
wdm-qxmc-460ml 575 1 666 297
wdm-qxmc-460ml 652 1 741 301
wdm-qxmc-460ml 727 1 818 314
wdm-qxmc-460ml 804 1 898 320
wdm-qxmc-460ml 885 1 972 326
wdm-qxmc-460ml 962 1 1047 328
wdm-qxmc-460ml 1027 3 1122 330
wdm-qxmc-460ml 1104 14 1202 333
wdm-qxmc-460ml 579 714 670 1033
wdm-qxmc-460ml 652 724 737 1037
wdm-qxmc-460ml 720 728 812 1037
wdm-qxmc-460ml 798 728 879 1033
wdm-qxmc-460ml 866 731 950 1041
wdm-qxmc-460ml 935 733 1020 1045
wdm-qxmc-460ml 1008 728 1095 1035
wdm-qxmc-460ml 1098 733 1189 1035
wdm-qxmc-460ml 493 1072 572 1351
wdm-qxmc-460ml 564 1074 645 1353
wdm-qxmc-460ml 643 1078 733 1356
wdm-qxmc-460ml 712 1076 795 1349
wdm-qxmc-460ml 785 1078 868 1351
wdm-qxmc-460ml 856 1081 935 1343
wdm-qxmc-460ml 918 1074 998 1345
wdm-qxmc-460ml 989 1078 1081 1353
wdm-qxmc-460ml 1066 1078 1154 1349
wdm-qxmc-460ml 454 1420 533 1701
wdm-qxmc-460ml 525 1420 602 1699
wdm-qxmc-460ml 604 1416 687 1707
wdm-qxmc-460ml 675 1418 752 1707
wdm-qxmc-460ml 743 1416 825 1705
wdm-qxmc-460ml 810 1416 893 1707
wdm-qxmc-460ml 881 1412 958 1699
wdm-qxmc-460ml 947 1414 1023 1693
wdm-qxmc-460ml 1010 1410 1091 1693
wdm-cxmc-460ml 408 714 498 1028
wdm-cxmc-460ml 497 718 581 1028
