wdm-wjxjy-800ml 1090 453 1246 1024
wdm-wjxjy-800ml 1002 494 1123 1012
wdm-wjxjy-800ml 920 527 1035 1015
wdm-wjxjy-800ml 838 550 958 1021
wdm-wjxjy-800ml 782 580 870 1030
wdm-wjxjy-800ml 723 603 805 1030
wdm-wjxjy-800ml 664 624 738 1036
wdm-wjxjy-800ml 617 639 682 1041
wdm-wjxjy-800ml 570 656 638 1041
wdm-wjxjy-1.3L 985 1083 1140 1524
wdm-wjxjy-1.3L 1105 1074 1276 1544
wdm-wjxjy-1.3L 1229 1071 1417 1594
wdm-wjxjy-1.3L 1390 1068 1599 1630
wdm-wjxjy-1.3L 1570 1059 1740 1659
cbl-hdj-900g 520 809 593 1039
cbl-hdj-900g 470 824 543 1041
cbl-hdj-900g 396 874 464 1047
cbl-hdj-900g 367 877 420 1047
cbl-hdj-900g 335 883 388 1041
cbl-hdj-900g 293 889 364 1039
cbl-hdj-900g 270 891 317 1036
