wdm-btlcjy-1L 266 180 363 458
wdm-btlcjy-1L 334 170 442 466
wdm-btlcjy-1L 412 168 515 458
wdm-btlcjy-500ml 498 202 588 463
wdm-btlcjy-500ml 573 195 663 461
wdm-btlcjy-500ml 642 192 722 461
wdm-cxhy-510g 712 180 795 466
wdm-cxhy-510g 778 170 846 458
wdm-cxhy-510g 834 166 920 446
wdm-spjbsc-500ml 898 156 990 449
wdm-spjbsc-500ml 976 144 1063 441
wdm-cxmc-460ml 1039 119 1137 446
wdm-cxmc-460ml 1124 109 1215 441
wdm-cxmc-460ml 1203 97 1293 427
wdm-zplj-450ml 1283 85 1376 431
wdm-zplj-450ml 1368 80 1466 422
wdm-zplj-450ml 1451 68 1551 422
wdm-wjxjy-800ml 1442 795 1549 1117
wdm-wjxjy-800ml 1346 773 1449 1097
wdm-wjxjy-800ml 1256 775 1354 1092
wdm-wjxjy-800ml 1171 785 1268 1080
wdm-wjxjy-800ml 1083 775 1173 1070
wdm-wjxjy-800ml 1003 770 1095 1061
wdm-wjxjy-800ml 927 768 1015 1051
wdm-wjxjy-800ml 844 770 942 1051
wdm-wjxjy-800ml 771 768 866 1041
wdm-wjxjy-500ml 712 780 790 1029
wdm-wjxjy-500ml 646 768 720 1027
wdm-wjxjy-500ml 585 763 663 1029
wdm-wjxjy-1L 463 1046 549 1275
wdm-wjxjy-1L 537 1041 617 1288
wdm-wjxjy-1L 595 1056 693 1292
wdm-wjxjy-1L 668 1051 759 1309
wdm-wjxjy-1L 744 1063 837 1319
wdm-wjxjy-1.3L 815 1073 939 1331
wdm-wjxjy-1.3L 924 1073 1037 1353
wdm-wjxjy-1.3L 1024 1090 1146 1363
wdm-wjxjy-1.8L 1134 1112 1273 1383
wdm-wjxjy-1.8L 1259 1107 1400 1412
wdm-wjxjy-1.8L 1398 1139 1549 1417
cbl-hdj-900g 1232 514 1346 763
cbl-hdj-900g 1337 514 1459 768
cbl-hdj-900g 1449 514 1585 761
cbl-hdj-300g 1088 612 1239 700
cbl-hdj-300g 1083 685 1234 746
cbl-hdj-300g 946 563 1105 644
cbl-hdj-300g 949 627 1098 700
cbl-lyxdbj-500g 842 539 971 651
cbl-lyxdbj-500g 837 639 966 758
cbl-lyxdbj-500g 729 529 861 651
cbl-lyxdbj-500g 742 639 856 756
cbl-lyxdbj-300g 459 563 566 663
cbl-lyxdbj-300g 366 566 476 658
cbl-lyxdbj-300g 278 551 381 661
cbl-lyxtmj-300g 549 568 651 663
cbl-lyxtmj-300g 637 563 754 668
