cbl-hdj-300g 170 397 417 536
cbl-hdj-300g 1 433 217 568
cbl-hdj-900g 344 171 582 568
cbl-hdj-900g 497 127 750 562
cbl-hdj-900g 667 77 932 527
cbl-hdj-900g 1020 71 1241 471
cbl-hdj-900g 1203 18 1426 447
cbl-lyxdbj-300g 197 836 394 1012
cbl-lyxdbj-300g 332 827 529 1003
cbl-lyxdbj-300g 373 974 558 1118
cbl-lyxdbj-500g 476 765 720 977
cbl-lyxdbj-500g 661 739 908 965
cbl-lyxdbj-500g 703 927 900 1127
cbl-lyxtmj-300g 856 768 1082 971
cbl-lyxtmj-300g 888 924 1114 1118
cbl-lyxtmj-300g 1047 747 1294 959
cbl-lyxtmj-300g 1073 915 1306 1112
cbl-lyxsrdbj-300g 1279 727 1532 944
cbl-lyxsrdbj-300g 1303 891 1526 1100
cbl-lyxsrdbj-300g 1514 706 1788 930
wdm-btlcjy-500ml 397 1153 579 1521
wdm-zplj-450ml 500 1150 658 1533
wdm-zplj-450ml 588 1168 753 1536
wdm-cxmc-460ml 700 1174 847 1533
wdm-cxmc-460ml 800 1168 929 1544
wdm-qxmc-460ml 879 1165 1026 1559
wdm-qxmc-460ml 979 1168 1138 1571
wdm-spjbsc-500ml 1097 1159 1253 1580
wdm-spjbsc-500ml 1211 1159 1376 1591
wdm-spjbsc-500ml 1338 1159 1491 1606
wdm-cxhy-510g 1470 1153 1626 1630
wdm-cxhy-510g 1600 1156 1753 1633
wdm-wjxjy-1L 1470 1718 1656 2091
wdm-wjxjy-1L 1308 1706 1479 2062
wdm-wjxjy-1L 1170 1668 1329 2030
wdm-wjxjy-1L 1026 1662 1203 1997
wdm-wjxjy-800ml 532 1912 670 2191
wdm-wjxjy-800ml 611 1927 747 2218
wdm-wjxjy-800ml 708 1939 844 2244
wdm-wjxjy-800ml 794 1956 941 2280
wdm-wjxjy-800ml 894 1986 1038 2312
wdm-wjxjy-800ml 1006 2003 1161 2350
wdm-wjxjy-800ml 1114 2030 1267 2377
wdm-wjxjy-1.8L 1220 2059 1438 2447
wdm-wjxjy-1.8L 1411 2109 1638 2515
