cbl-lyxdbj-300g 790 356 890 441
cbl-lyxdbj-300g 788 434 890 514
cbl-lyxdbj-300g 885 363 981 446
cbl-lyxdbj-300g 883 436 981 519
cbl-lyxdbj-300g 981 368 1071 449
cbl-lyxdbj-300g 976 441 1071 519
cbl-hdj-900g 1059 353 1151 527
cbl-hdj-900g 1139 361 1229 524
cbl-hdj-900g 1215 363 1300 527
cbl-lhdj-900g 1285 366 1371 527
cbl-lhdj-900g 1359 366 1451 527
cbl-lhdj-900g 1432 368 1524 536
wdm-cxhy-510g 371 700 444 931
wdm-cxhy-510g 437 692 500 929
wdm-btlcjy-500ml 493 692 571 936
wdm-btlcjy-500ml 559 692 632 931
wdm-wjxjy-500ml 624 702 698 927
wdm-wjxjy-500ml 688 702 759 929
wdm-wjxjy-800ml 746 670 824 922
wdm-wjxjy-800ml 817 673 890 922
wdm-wjxjy-1.3L 883 692 976 922
wdm-wjxjy-1.3L 963 688 1059 912
