wdm-btlcjy-500ml 720 812 841 1153
wdm-btlcjy-500ml 814 818 920 1168
wdm-btlcjy-500ml 911 812 1023 1153
wdm-cxhy-510g 341 365 464 762
wdm-cxhy-510g 438 371 558 765
wdm-cxhy-510g 529 380 638 780
wdm-zplj-450ml 617 362 729 774
wdm-zplj-450ml 717 362 820 771
wdm-zplj-450ml 805 353 914 765
wdm-zphy-510g 900 383 1008 771
wdm-zphy-510g 994 377 1103 771
wdm-zphy-510g 1082 380 1197 768
wdm-zphy-510g 1176 380 1273 771
wdm-cxmc-460ml 353 815 467 1171
wdm-cxmc-460ml 444 809 558 1162
wdm-cxmc-460ml 544 803 655 1168
wdm-cxmc-460ml 632 812 732 1165
wdm-wjxjy-800ml 1258 315 1394 780
wdm-wjxjy-800ml 1373 327 1508 768
wdm-wjxjy-800ml 1476 318 1626 774
wdm-wjxjy-500ml 1285 812 1397 1165
wdm-wjxjy-500ml 1385 812 1494 1162
wdm-wjxjy-500ml 1473 812 1591 1150
wdm-spjbsc-500ml 1011 812 1114 1162
wdm-spjbsc-500ml 1100 809 1205 1177
wdm-spjbsc-500ml 1200 812 1303 1171
wdm-wjxjy-1.3L 1361 1221 1514 1580
wdm-wjxjy-1.3L 1223 1209 1373 1583
wdm-wjxjy-1.3L 1082 1212 1244 1597
wdm-wjxjy-1.3L 944 1218 1097 1583
wdm-wjxjy-1.3L 805 1227 958 1583
wdm-wjxjy-1.3L 664 1212 826 1586
wdm-wjxjy-1.3L 535 1221 688 1603
wdm-wjxjy-1.3L 385 1230 550 1594
wdm-wjxjy-1.8L 1338 1615 1514 1962
wdm-wjxjy-1.8L 1203 1627 1361 1968
wdm-wjxjy-1.8L 1064 1624 1217 1986
wdm-wjxjy-1.8L 929 1633 1076 1962
wdm-cxmc-1.3L 797 1630 947 1977
wdm-cxmc-1.3L 670 1633 820 1977
wdm-spjbsc-1.3L 544 1636 694 1986
wdm-spjbsc-1.3L 397 1633 564 1989
wdm-spsc-2L 941 2021 1120 2406
wdm-spsc-2L 1088 2009 1261 2400
wdm-wjxjy-2L 805 2006 970 2380
wdm-wjxjy-2L 661 2030 844 2412
wdm-wjxjy-2L 523 2033 688 2418
wdm-wjxjy-2L 382 2042 547 2412
