cbl-lyxtmj-800g 731 698 826 785
cbl-lyxtmj-800g 824 759 912 842
cbl-lyxtmj-300g 907 725 980 789
cbl-lyxtmj-300g 975 721 1046 789
cbl-lyxtmj-300g 971 779 1041 836
cbl-lyxsrdbj-300g 1041 719 1116 785
cbl-lyxsrdbj-300g 1101 717 1180 781
cbl-lyxljj-300g 1167 713 1241 781
cbl-lyxljj-300g 1171 770 1241 823
cbl-lyxdbj-300g 1233 715 1309 779
cbl-lyxdbj-300g 1303 713 1375 777
cbl-lyxdbj-300g 1305 768 1367 819
cbl-lyxdbj-500g 1358 694 1441 766
cbl-lyxdbj-500g 1422 687 1503 764
cbl-lyxdbj-500g 1422 753 1503 815
cbl-lyxdbj-800g 1486 677 1580 759
cbl-lyxdbj-800g 1567 674 1652 753
cbl-lyxdbj-800g 1563 747 1641 808
cbl-hdj-300g 1692 677 1790 715
cbl-hdj-300g 1641 708 1714 742
cbl-hdj-300g 1697 713 1780 747
cbl-hdj-300g 1697 736 1780 777
cbl-hdj-300g 1690 770 1775 802
cbl-lhdj-900g 1 911 95 1057
cbl-lhdj-900g 80 908 163 1055
cbl-hdj-900g 154 904 235 1055
cbl-hdj-900g 224 902 305 1047
cbl-hdj-900g 292 896 375 1045
cbl-hdj-900g 363 883 441 1038
cbl-hdj-900g 429 887 507 1032
