lyx-tjjy-160ml 304 156 385 395
lyx-tjjy-160ml 377 160 452 397
lyx-tjjy-160ml 439 158 508 403
lyx-tjjy-500ml 354 449 456 745
lyx-tjjy-500ml 441 449 529 743
lyx-tjjy-500ml 522 447 604 733
lyx-tjjy-500ml 595 445 677 733
lyx-tjjy-1L 412 793 504 1045
lyx-tjjy-1L 493 783 583 1026
lyx-tjjy-1L 570 776 662 1016
lyx-tjjy-1L 393 1105 481 1351
lyx-tjjy-1L 466 1087 564 1335
lyx-tjjy-1L 552 1074 635 1316
lyx-hsjy-500ml 666 447 743 726
lyx-hsjy-500ml 741 449 823 718
lyx-hsjy-500ml 808 445 887 710
wdm-spjbsc-500ml 735 103 810 397
wdm-spjbsc-500ml 804 110 870 403
lyx-hsjy-1L 833 751 910 978
lyx-hsjy-1L 912 743 985 964
lyx-hsjy-1L 973 733 1045 951
lyx-tjdyjy-375ml 110 460 214 766
lyx-tjdyjy-375ml 197 462 289 758
lyx-tjdyjy-375ml 275 456 366 758
lyx-tjyzjy-500ml 162 814 256 1081
lyx-tjyzjy-500ml 243 808 348 1068
lyx-tjyzjy-500ml 331 799 423 1055
