wdm-wjxjy-500ml 968 931 1064 1195
wdm-wjxjy-500ml 908 918 989 1175
wdm-wjxjy-800ml 853 900 937 1143
wdm-wjxjy-800ml 787 887 876 1131
wdm-wjxjy-800ml 733 874 818 1110
wdm-wjxjy-800ml 676 860 760 1097
wdm-wjxjy-800ml 626 854 704 1077
wdm-wjxjy-800ml 581 845 651 1064
wdm-wjxjy-800ml 533 827 610 1049
wdm-wjxjy-1.8L 479 822 564 1033
wdm-wjxjy-1.8L 420 810 508 1010
wdm-wjxjy-1.8L 372 799 454 995
wdm-wjxjy-1.8L 312 777 391 974
wdm-wjxjy-1.8L 887 597 1028 885
wdm-wjxjy-1.8L 785 595 908 874
wdm-wjxjy-1.8L 701 585 818 849
wdm-wjxjy-1.3L 637 577 739 833
wdm-wjxjy-1.3L 554 575 660 822
wdm-wjxjy-1.3L 497 575 585 806
wdm-wjxjy-1.3L 433 570 528 797
wdm-wjxjy-1.3L 378 568 468 787
wdm-wjxjy-1.3L 335 556 414 774
wdm-wjxjy-1.3L 279 556 366 766
wdm-wjxjy-800ml 216 291 289 535
wdm-wjxjy-800ml 253 287 314 533
wdm-wjxjy-800ml 287 287 354 537
wdm-wjxjy-800ml 328 279 393 545
wdm-wjxjy-800ml 366 279 441 541
wdm-wjxjy-1L 412 277 485 550
wdm-wjxjy-1L 462 279 535 550
wdm-wjxjy-1L 512 270 599 547
wdm-wjxjy-1L 578 268 662 554
wdm-wjxjy-1L 635 262 724 558
wdm-wjxjy-1L 681 254 774 560
wdm-wjxjy-1L 739 247 829 568
wdm-wjxjy-1L 804 241 903 570
wdm-wjxjy-1L 881 231 995 574
