wdm-wjxjy-800ml 71 385 207 605
wdm-wjxjy-800ml 124 392 266 609
wdm-wjxjy-800ml 176 388 320 607
wdm-wjxjy-800ml 242 385 378 609
wdm-wjxjy-800ml 315 385 446 614
wdm-wjxjy-800ml 378 380 510 609
wdm-wjxjy-800ml 442 378 573 607
wdm-wjxjy-800ml 512 370 651 607
wdm-wjxjy-800ml 600 368 720 609
wdm-wjxjy-800ml 663 366 788 614
wdm-wjxjy-800ml 739 361 863 614
wdm-wjxjy-800ml 824 356 932 614
wdm-wjxjy-800ml 903 353 1017 619
wdm-wjxjy-800ml 995 361 1098 622
wdm-wjxjy-800ml 1083 356 1178 624
wdm-wjxjy-800ml 1163 356 1266 627
wdm-wjxjy-800ml 1268 344 1373 624
wdm-wjxjy-800ml 1363 346 1468 631
wdm-wjxjy-800ml 1463 339 1568 627
wdm-wjxjy-800ml 1561 329 1673 627
