cbl-lhdj-900g 417 1183 576 1459
cbl-lhdj-900g 555 1194 720 1459
cbl-lhdj-900g 229 1483 388 1759
cbl-lhdj-900g 370 1497 538 1771
cbl-lhdj-900g 517 1509 688 1780
cbl-lhdj-900g 49 1859 226 2159
cbl-lhdj-900g 205 1868 388 2194
cbl-lhdj-900g 370 1891 555 2197
cbl-hdj-900g 1017 1212 1202 1491
cbl-hdj-900g 1182 1212 1355 1491
cbl-hdj-900g 1338 1215 1517 1503
cbl-hdj-900g 676 1512 846 1800
cbl-hdj-900g 832 1521 996 1824
cbl-hdj-900g 985 1530 1158 1824
cbl-hdj-900g 1152 1544 1329 1853
cbl-hdj-900g 1317 1544 1496 1859
cbl-hdj-900g 1485 1568 1676 1868
cbl-hdj-900g 546 1906 735 2227
cbl-hdj-900g 723 1918 908 2247
cbl-hdj-900g 896 1936 1085 2262
cbl-hdj-900g 1114 1962 1305 2297
cbl-hdj-900g 1296 1983 1502 2321
cbl-hdj-900g 1482 1997 1699 2344
