cbl-hdj-900g 429 1230 567 1530
cbl-lhdj-900g 555 1250 708 1547
cbl-lhdj-900g 690 1265 843 1568
cbl-lhdj-900g 288 1536 446 1844
cbl-lhdj-900g 414 1556 579 1865
cbl-lhdj-900g 561 1550 708 1850
cbl-lhdj-900g 693 1550 846 1844
cbl-hdj-900g 882 1350 1026 1621
cbl-hdj-900g 1008 1350 1158 1615
cbl-hdj-900g 1132 1353 1288 1612
cbl-hdj-900g 1261 1339 1420 1618
cbl-hdj-900g 1390 1344 1555 1612
cbl-hdj-900g 1523 1330 1655 1591
cbl-hdj-900g 826 1571 979 1839
cbl-hdj-900g 949 1591 1099 1836
cbl-hdj-900g 1076 1591 1232 1836
cbl-hdj-900g 1202 1583 1352 1821
cbl-hdj-900g 1323 1574 1476 1824
cbl-hdj-900g 1446 1577 1599 1815
cbl-hdj-900g 1564 1547 1717 1809
wdm-wjxjy-800ml 588 768 682 1083
wdm-wjxjy-800ml 688 786 790 1089
wdm-wjxjy-800ml 776 786 870 1080
wdm-wjxjy-800ml 861 786 949 1077
wdm-wjxjy-800ml 943 774 1035 1068
wdm-wjxjy-800ml 1020 777 1111 1062
wdm-wjxjy-800ml 1079 750 1173 1041
