wdm-wjxjy-800ml 535 462 747 1065
wdm-wjxjy-800ml 703 453 885 1044
wdm-wjxjy-800ml 844 453 1017 1027
wdm-wjxjy-800ml 988 450 1147 1021
wdm-wjxjy-800ml 1120 450 1297 1006
wdm-wjxjy-800ml 638 1183 797 1680
wdm-wjxjy-800ml 767 1177 923 1659
wdm-wjxjy-800ml 891 1162 1044 1627
wdm-wjxjy-800ml 1014 1147 1161 1600
wdm-wjxjy-800ml 1138 1127 1282 1586
wdm-wjxjy-800ml 708 1859 858 2321
wdm-wjxjy-800ml 838 1830 994 2286
wdm-wjxjy-800ml 958 1809 1114 2262
wdm-wjxjy-800ml 1076 1780 1211 2236
wdm-wjxjy-800ml 1182 1753 1317 2192
