wdm-cxmc-1.3L 320 624 433 895
wdm-cxmc-1.3L 404 612 514 872
wdm-cxmc-1.3L 239 605 339 878
wdm-cxmc-1.3L 181 603 266 853
wdm-cxmc-1.3L 123 593 206 837
wdm-cxmc-1.3L 95 585 158 810
wdm-cxmc-1.3L 58 570 120 795
wdm-cxmc-1.3L 6 556 77 785
wdm-wjxjy-1.3L 222 887 333 1091
wdm-wjxjy-1.3L 145 860 239 1056
wdm-wjxjy-1.3L 48 812 166 1006
wdm-wjxjy-1.3L 435 891 539 1101
wdm-wjxjy-1.3L 525 862 622 1058
wdm-wjxjy-1.3L 631 831 722 1010
wdm-wjxjy-1.3L 716 806 806 978
wdm-wjxjy-1.3L 785 776 873 945
wdm-wjxjy-1.3L 485 603 585 849
cbl-hdj-900g 858 547 925 662
cbl-hdj-900g 912 545 964 660
cbl-hdj-900g 950 543 1002 649
cbl-hdj-900g 987 537 1033 645
cbl-hdj-900g 1022 539 1070 641
cbl-hdj-900g 1077 520 1120 622
cbl-hdj-900g 854 674 912 756
cbl-hdj-900g 904 672 962 776
cbl-hdj-900g 950 662 985 758
cbl-hdj-900g 975 662 1029 753
cbl-hdj-900g 1020 653 1066 737
cbl-hdj-900g 1058 637 1106 730
cbl-hdj-900g 1097 628 1156 716
cbl-hdj-900g 885 791 945 881
cbl-hdj-900g 935 774 998 860
cbl-hdj-900g 985 768 1033 849
cbl-hdj-900g 1022 755 1079 831
cbl-hdj-900g 1068 743 1108 812
cbl-hdj-900g 1100 728 1152 808
