wdm-wjxjy-800ml 422 225 524 512
wdm-wjxjy-800ml 497 218 603 514
wdm-wjxjy-800ml 568 222 668 512
wdm-wjxjy-800ml 645 218 743 512
wdm-wjxjy-1.3L 724 222 839 508
wdm-wjxjy-1.3L 820 218 933 500
wdm-wjxjy-500ml 914 256 989 495
wdm-wjxjy-500ml 978 254 1053 497
wdm-wjxjy-500ml 1041 254 1120 497
wdm-wjxjy-500ml 1106 250 1189 493
cbl-lyxdbj-300g 691 637 787 733
cbl-lyxdbj-300g 783 645 879 733
cbl-lyxdbj-300g 781 722 883 802
cbl-lyxdbj-500g 597 637 699 731
cbl-lyxdbj-500g 603 714 706 804
cbl-lyxdbj-500g 499 633 608 735
cbl-lyxdbj-500g 504 716 614 812
