wdm-wjxjy-800ml 642 800 707 983
wdm-wjxjy-800ml 698 800 768 980
wdm-wjxjy-800ml 759 792 829 978
wdm-wjxjy-800ml 820 797 885 980
wdm-wjxjy-800ml 876 800 946 975
wdm-wjxjy-800ml 939 800 1003 980
wdm-wjxjy-800ml 990 790 1059 978
wdm-wjxjy-800ml 1051 790 1117 985
wdm-wjxjy-500ml 815 580 883 778
wdm-wjxjy-500ml 871 585 937 788
wdm-wjxjy-500ml 429 585 490 773
wdm-wjxjy-500ml 476 588 544 783
wdm-wjxjy-500ml 534 588 595 785
wdm-wjxjy-1L 583 583 654 783
wdm-wjxjy-1L 642 580 712 778
wdm-wjxjy-1L 700 583 766 775
wdm-wjxjy-1L 759 580 822 775
wdm-wjxjy-1.3L 568 800 654 983
wdm-wjxjy-1.3L 490 792 578 990
wdm-wjxjy-1.8L 405 795 500 980
wdm-wjxjy-1.8L 315 792 417 985
wdm-btlcjy-500ml 271 588 332 766
wdm-btlcjy-500ml 315 583 385 773
wdm-btlcjy-500ml 371 583 437 780
wdm-zphy-510g 1056 597 1107 780
wdm-zphy-510g 1103 597 1159 773
wdm-qxmc-460ml 927 583 978 785
wdm-qxmc-460ml 971 580 1020 785
wdm-qxmc-460ml 1015 580 1066 788
wdm-zplj-450ml 1076 107 1134 334
wdm-zplj-450ml 1122 105 1185 331
wdm-cxmc-460ml 620 78 681 314
wdm-cxmc-460ml 563 80 634 314
wdm-cxhy-510g 237 68 312 309
wdm-cxhy-510g 288 70 359 309
wdm-cxhy-510g 337 73 410 314
wdm-cxhy-510g 395 78 463 309
wdm-spjbsc-500ml 446 78 520 319
wdm-spjbsc-500ml 507 90 581 312
lyx-tjjy-500ml 968 107 1024 329
lyx-tjjy-500ml 1020 107 1085 331
lyx-hsjy-500ml 905 105 968 329
lyx-hsjy-500ml 849 105 912 334
lyx-hsjy-500ml 788 95 856 329
lyx-tjyzjy-500ml 673 92 737 319
lyx-tjyzjy-500ml 729 97 800 331
cbl-hdj-300g 759 429 861 490
cbl-hdj-300g 756 483 859 527
cbl-hdj-300g 766 517 859 566
cbl-hdj-500g 856 366 951 439
cbl-hdj-500g 849 434 946 507
cbl-hdj-500g 849 497 942 566
cbl-hdj-900g 932 412 1005 563
cbl-hdj-900g 995 407 1071 573
cbl-lhdj-900g 1051 407 1137 561
cbl-lhdj-900g 1122 414 1198 561
cbl-lyxtmj-300g 681 431 766 505
cbl-lyxdbj-300g 612 368 698 439
cbl-lyxdbj-300g 605 417 693 502
cbl-lyxdbj-300g 612 490 695 561
cbl-lyxdbj-300g 537 363 624 434
cbl-lyxdbj-300g 524 417 622 505
cbl-lyxdbj-300g 537 483 622 568
cbl-lyxdbj-500g 449 400 551 495
cbl-lyxdbj-500g 459 475 546 558
cbl-lyxdbj-800g 354 380 466 490
cbl-lyxdbj-800g 366 478 478 578
