cbl-hdj-900g 984 802 1104 1068
cbl-hdj-900g 1092 822 1223 1090
cbl-hdj-900g 1209 827 1341 1095
cbl-lhdj-900g 1326 839 1467 1109
cbl-lhdj-900g 1453 844 1594 1124
wdm-cxmc-460ml 1545 261 1636 614
wdm-cxmc-460ml 1626 268 1731 624
wdm-cxmc-460ml 1711 256 1828 627
cbl-lyxtmj-300g 1428 370 1584 490
cbl-lyxtmj-300g 1419 480 1580 607
cbl-lyxtmj-300g 1287 366 1433 488
cbl-lyxtmj-300g 1282 478 1428 602
cbl-lyxdbj-300g 1145 358 1292 480
cbl-lyxdbj-300g 1136 468 1287 597
cbl-lyxdbj-300g 1014 361 1145 470
cbl-lyxdbj-300g 1011 458 1145 590
wdm-spjbsc-500ml 919 244 1023 583
wdm-spjbsc-500ml 828 236 931 578
wdm-wjxjy-500ml 741 236 838 558
wdm-wjxjy-500ml 653 229 750 563
wdm-wjxjy-500ml 562 229 665 558
wdm-wjxjy-800ml 458 161 575 544
wdm-wjxjy-800ml 350 156 480 534
wdm-wjxjy-800ml 277 158 389 531
wdm-wjxjy-800ml 206 163 316 514
wdm-wjxjy-800ml 106 156 233 519
