wdm-wjxjy-500ml 950 1 1064 397
wdm-wjxjy-500ml 1053 1 1161 403
wdm-wjxjy-500ml 1170 3 1285 409
wdm-wjxjy-500ml 1270 18 1379 412
wdm-wjxjy-500ml 1361 21 1473 427
wdm-wjxjy-500ml 1456 33 1567 424
wdm-wjxjy-500ml 1544 44 1647 436
wdm-wjxjy-500ml 1320 530 1441 936
wdm-wjxjy-500ml 1423 536 1544 944
wdm-btlcjy-500ml 1223 524 1341 933
wdm-btlcjy-500ml 1117 521 1238 953
wdm-btlcjy-500ml 1000 512 1135 959
wdm-spjbsc-500ml 906 1018 1029 1444
wdm-spjbsc-500ml 1017 1015 1129 1421
wdm-spjbsc-500ml 1114 1009 1232 1403
wdm-wjxjy-800ml 1211 991 1338 1400
wdm-wjxjy-800ml 1317 983 1441 1400
wdm-wjxjy-800ml 1423 971 1544 1391
wdm-btlcjy-1L 903 1512 1041 1939
wdm-btlcjy-1L 1023 1500 1170 1930
wdm-wjxjy-1L 1135 1483 1270 1903
wdm-wjxjy-1L 1250 1471 1376 1886
wdm-wjxjy-1L 1358 1465 1485 1868
wdm-wjxjy-1.3L 853 1989 1038 2380
wdm-wjxjy-1.3L 1011 1968 1188 2341
wdm-spjbsc-1.3L 1167 1941 1326 2312
wdm-spjbsc-1.3L 1306 1921 1456 2277
