cbl-lhdj-900g 276 844 435 1086
cbl-lhdj-900g 420 850 576 1086
cbl-lhdj-900g 567 844 720 1089
cbl-lhdj-900g 120 1206 314 1483
cbl-lhdj-900g 285 1209 470 1491
cbl-lhdj-900g 461 1206 640 1489
cbl-lhdj-900g 623 1209 796 1477
cbl-lhdj-900g 67 1559 252 1780
cbl-lhdj-900g 238 1556 420 1777
cbl-lhdj-900g 405 1559 588 1777
cbl-lhdj-900g 573 1547 746 1771
cbl-hdj-900g 1408 841 1558 1080
cbl-hdj-900g 1270 841 1423 1094
cbl-hdj-900g 1129 859 1285 1097
cbl-hdj-900g 788 1209 958 1489
cbl-hdj-900g 946 1215 1108 1500
cbl-hdj-900g 1102 1209 1264 1483
cbl-hdj-900g 1264 1203 1432 1489
cbl-hdj-900g 1417 1197 1593 1483
cbl-hdj-900g 1579 1186 1755 1483
cbl-hdj-900g 735 1556 905 1783
cbl-hdj-900g 893 1541 1061 1777
cbl-hdj-900g 1052 1550 1226 1783
cbl-hdj-900g 1211 1550 1385 1777
cbl-hdj-900g 1370 1553 1549 1771
cbl-hdj-900g 1538 1553 1720 1765
cbl-hdj-900g 1699 1544 1879 1771
