wdm-wjxjy-800ml 805 314 905 631
wdm-wjxjy-800ml 729 317 817 622
wdm-wjxjy-800ml 644 305 737 617
wdm-wjxjy-800ml 568 305 651 619
wdm-wjxjy-800ml 527 624 622 936
wdm-wjxjy-800ml 607 622 705 944
wdm-wjxjy-800ml 693 629 781 944
wdm-wjxjy-800ml 768 634 868 951
wdm-wjxjy-800ml 863 639 956 939
wdm-wjxjy-800ml 412 856 505 1158
wdm-wjxjy-800ml 498 934 590 1183
wdm-wjxjy-800ml 588 939 671 1190
wdm-wjxjy-800ml 663 941 749 1188
wdm-wjxjy-800ml 742 944 834 1185
wdm-wjxjy-800ml 820 951 907 1192
wdm-wjxjy-800ml 898 941 988 1188
wdm-wjxjy-800ml 985 927 1083 1197
