cbl-lyxdbj-500g 723 556 926 744
cbl-hdj-300g 8 544 297 694
cbl-hdj-300g 41 662 306 800
cbl-hdj-300g 276 547 532 677
cbl-hdj-300g 288 653 544 783
cbl-hdj-500g 226 903 473 1089
cbl-hdj-500g 247 1044 500 1227
cbl-hdj-500g 461 871 661 1047
cbl-hdj-500g 473 1003 670 1183
cbl-lyxsrdbj-300g 864 450 1020 597
cbl-lyxsrdbj-300g 897 577 1026 733
cbl-lyxsrdbj-300g 997 453 1114 594
cbl-lyxsrdbj-300g 1011 574 1120 715
cbl-lyxtmj-300g 1094 450 1200 586
cbl-lyxtmj-300g 1094 574 1206 706
cbl-lyxtmj-300g 1182 456 1285 580
cbl-lyxtmj-300g 1182 565 1291 703
cbl-lyxdbj-300g 1264 456 1344 580
cbl-lyxdbj-300g 1264 565 1335 691
cbl-lyxdbj-300g 1326 459 1400 574
cbl-lyxdbj-300g 1317 559 1403 683
cbl-lyxdbj-300g 1388 459 1479 577
cbl-lyxdbj-300g 1391 559 1482 668
cbl-lyxdbj-500g 1126 744 1244 880
cbl-lyxdbj-500g 1117 859 1244 1006
cbl-lyxdbj-500g 1229 739 1332 865
cbl-lyxdbj-500g 1229 847 1323 986
cbl-lyxtmj-800g 1317 712 1408 841
cbl-lyxtmj-800g 1308 818 1400 962
cbl-lyxtmj-800g 1379 700 1491 824
cbl-lyxtmj-800g 1385 800 1485 939
