wdm-spjbsc-500ml 858 939 1005 1433
wdm-spjbsc-500ml 979 944 1126 1424
wdm-cxhy-510g 1091 950 1229 1424
wdm-cxhy-510g 1200 959 1338 1406
wdm-btlcjy-500ml 1632 956 1767 1394
wdm-btlcjy-500ml 1741 953 1885 1386
wdm-wjxjy-500ml 1535 962 1670 1392
wdm-wjxjy-500ml 1417 968 1553 1403
wdm-wjxjy-500ml 1294 968 1441 1403
wdm-wjxjy-800ml 735 900 888 1433
wdm-wjxjy-800ml 582 894 755 1433
wdm-wjxjy-1L 432 915 620 1453
wdm-wjxjy-1L 276 912 458 1450
wdm-wjxjy-1L 85 903 282 1468
cbl-lyxdbj-300g 797 1712 988 1906
cbl-lyxdbj-300g 779 1850 985 2042
cbl-lyxdbj-300g 555 1724 761 1933
cbl-lyxdbj-300g 558 1865 764 2059
cbl-lyxdbj-300g 555 1562 753 1742
cbl-lyxdbj-300g 723 1494 879 1650
cbl-lyxdbj-800g 317 1662 588 1924
cbl-lyxdbj-800g 326 1856 585 2083
cbl-lyxdbj-800g 85 1665 338 1942
cbl-lyxdbj-800g 100 1877 344 2124
cbl-lyxtmj-300g 1008 1436 1185 1586
cbl-lyxtmj-300g 1047 1568 1244 1756
cbl-lyxtmj-300g 1035 1703 1226 1874
cbl-lyxtmj-300g 1047 1833 1247 2006
cbl-hdj-900g 1691 1612 1879 1953
cbl-lhdj-900g 1567 1609 1741 1956
cbl-lhdj-900g 1432 1618 1611 1980
wdm-cxmc-1.3L 1 180 261 750
wdm-wjxjy-1.3L 323 203 594 750
wdm-wjxjy-1.3L 605 236 855 750
wdm-wjxjy-1.3L 808 215 1055 774
