lyx-hsjy-500ml 197 783 283 1068
lyx-hsjy-500ml 279 787 364 1062
lyx-tjjy-500ml 358 785 448 1064
lyx-tjjy-500ml 443 789 522 1064
lyx-tjjy-500ml 520 789 600 1055
lyx-tjjy-500ml 595 781 677 1062
lyx-tjyzjy-500ml 670 787 752 1060
lyx-tjyzjy-500ml 745 793 831 1058
lyx-tjyzjy-500ml 827 791 902 1055
lyx-hsjy-1L 156 1106 247 1370
lyx-hsjy-1L 295 1110 381 1366
lyx-hsjy-1L 416 1103 502 1353
lyx-hsjy-1L 535 1095 622 1351
lyx-tjjy-1L 614 1083 700 1341
lyx-tjjy-1L 693 1091 785 1337
lyx-tjjy-1L 773 1087 860 1331
wdm-zphy-510g 241 1162 297 1358
wdm-zphy-510g 370 1166 423 1353
wdm-zphy-510g 491 1158 545 1341
