wdm-wjxjy-1.8L 82 1144 397 1821
wdm-wjxjy-1.8L 350 1192 629 1800
wdm-wjxjy-800ml 579 1177 785 1777
wdm-wjxjy-800ml 738 1183 917 1736
wdm-btlcjy-500ml 891 1215 1038 1665
wdm-btlcjy-500ml 1003 1212 1141 1653
wdm-cxhy-510g 1094 1192 1253 1653
wdm-cxhy-510g 1188 1189 1332 1642
wdm-spjbsc-500ml 1270 1171 1400 1639
wdm-qxmc-460ml 1347 1159 1494 1627
wdm-qxmc-460ml 1435 1159 1567 1606
wdm-cxmc-460ml 1500 1150 1641 1597
wdm-cxmc-460ml 1582 1156 1700 1559
cbl-lyxtmj-300g 632 1897 841 2118
cbl-lyxtmj-300g 629 2059 835 2233
cbl-lyxdbj-300g 458 1950 682 2183
cbl-lyxdbj-300g 435 2097 664 2315
cbl-lyxdbj-300g 432 1809 629 1968
cbl-lyxdbj-500g 217 1924 464 2224
cbl-lyxdbj-500g 205 2092 467 2365
