wdm-wjxjy-800ml 167 1033 338 1427
wdm-wjxjy-800ml 308 1047 470 1424
wdm-wjxjy-800ml 449 1047 617 1439
wdm-wjxjy-800ml 588 1041 743 1436
wdm-wjxjy-800ml 752 1047 905 1433
wdm-wjxjy-800ml 896 1041 1043 1439
wdm-wjxjy-800ml 1032 1056 1179 1433
wdm-wjxjy-800ml 1161 1041 1320 1433
wdm-wjxjy-800ml 1308 1041 1490 1436
wdm-wjxjy-800ml 1438 1039 1635 1436
wdm-wjxjy-800ml 1558 1041 1770 1430
wdm-wjxjy-800ml 1688 1044 1911 1436
cbl-lhdj-900g 393 527 529 800
cbl-lhdj-900g 502 541 652 824
cbl-lhdj-900g 626 544 761 824
cbl-lhdj-900g 740 544 879 821
cbl-lhdj-900g 617 253 758 562
cbl-lhdj-900g 735 268 879 577
cbl-hdj-900g 505 244 640 541
cbl-hdj-900g 902 356 1035 621
cbl-hdj-900g 1026 359 1161 624
cbl-hdj-900g 1143 365 1279 630
cbl-hdj-900g 1261 365 1405 630
cbl-hdj-900g 1376 374 1535 630
cbl-hdj-900g 1496 362 1646 624
cbl-hdj-900g 864 580 990 818
cbl-hdj-900g 973 597 1105 824
cbl-hdj-900g 1090 609 1226 836
cbl-hdj-900g 1202 603 1338 833
cbl-hdj-900g 1317 618 1443 836
cbl-hdj-900g 1420 612 1564 830
