cbl-lyxdbj-300g 550 1147 747 1318
cbl-lyxdbj-300g 726 1144 914 1321
cbl-lyxdbj-300g 579 1292 755 1442
cbl-lyxdbj-300g 726 1277 941 1444
cbl-lyxdbj-500g 382 1112 603 1303
cbl-lyxdbj-500g 411 1262 597 1430
cbl-lyxdbj-500g 223 1097 426 1292
cbl-lyxdbj-500g 247 1274 464 1436
wdm-wjxjy-800ml 129 256 338 830
wdm-wjxjy-800ml 288 247 488 833
wdm-wjxjy-800ml 423 247 617 827
wdm-wjxjy-800ml 570 230 747 818
wdm-wjxjy-500ml 1129 294 1288 827
wdm-wjxjy-500ml 1270 274 1423 827
wdm-wjxjy-500ml 1414 265 1564 809
wdm-wjxjy-1.3L 732 274 961 830
wdm-wjxjy-1.3L 935 262 1138 842
wdm-spjbsc-500ml 1573 224 1744 794
