cbl-lyxtmj-800g 594 279 772 441
cbl-lyxtmj-800g 585 408 765 566
cbl-lyxtmj-800g 582 531 743 679
cbl-lyxtmj-300g 736 589 875 712
cbl-lyxtmj-300g 746 492 882 602
cbl-lyxtmj-300g 749 383 891 512
cbl-lyxdbj-300g 749 279 904 412
cbl-lyxdbj-300g 859 605 991 715
cbl-lyxdbj-300g 872 505 1007 628
cbl-lyxdbj-300g 882 402 1020 521
cbl-lyxdbj-300g 888 312 1030 434
wdm-wjxjy-1.3L 2149 579 2272 866
wdm-wjxjy-1.3L 2056 563 2188 850
wdm-wjxjy-800ml 1994 537 2091 850
wdm-wjxjy-800ml 1920 531 2036 828
wdm-wjxjy-800ml 1853 512 1972 831
wdm-wjxjy-800ml 1772 499 1901 815
wdm-wjxjy-800ml 1682 492 1811 812
wdm-zphy-510g 1546 844 1649 1099
wdm-zphy-510g 1614 844 1707 1102
wdm-zphy-510g 1672 834 1759 1108
wdm-wjxjy-500ml 1727 841 1814 1112
wdm-wjxjy-500ml 1798 860 1891 1121
wdm-wjxjy-500ml 1856 857 1956 1128
wdm-btlcjy-500ml 1927 866 2027 1144
