wdm-wjxjy-800ml 978 712 1061 922
wdm-wjxjy-800ml 1049 714 1117 931
wdm-wjxjy-800ml 1107 717 1185 931
wdm-wjxjy-500ml 803 707 868 924
wdm-wjxjy-500ml 746 712 807 919
wdm-wjxjy-1L 866 714 929 927
wdm-wjxjy-1L 924 714 990 922
wdm-wjxjy-1.3L 1178 719 1268 936
wdm-wjxjy-1.3L 1259 722 1351 931
wdm-wjxjy-1.8L 1337 719 1442 934
wdm-wjxjy-1.8L 1432 714 1542 934
wdm-wjxjy-500ml 724 490 790 678
wdm-wjxjy-500ml 781 488 839 680
wdm-btlcjy-500ml 671 488 734 685
wdm-btlcjy-500ml 615 485 673 688
wdm-zplj-450ml 1339 200 1403 434
wdm-zplj-450ml 1388 205 1449 424
wdm-spjbsc-500ml 1224 202 1290 434
wdm-spjbsc-500ml 1281 209 1349 441
wdm-zphy-510g 703 207 756 439
wdm-zphy-510g 746 207 810 436
wdm-cxhy-510g 649 205 707 441
wdm-cxhy-510g 595 200 661 441
