wdm-wjxjy-500ml 686 638 745 879
wdm-wjxjy-500ml 640 629 712 888
wdm-wjxjy-500ml 595 638 664 903
wdm-wjxjy-500ml 551 634 623 897
wdm-wjxjy-500ml 503 638 579 916
wdm-wjxjy-800ml 436 584 534 931
wdm-wjxjy-800ml 364 584 469 949
wdm-wjxjy-1.3L 256 608 395 951
wdm-wjxjy-1.3L 140 601 288 968
wdm-wjxjy-1.3L 27 592 195 992
wdm-spjbsc-500ml 1 1047 97 1421
wdm-spjbsc-500ml 71 1040 186 1390
lyx-tjyzjy-500ml 299 988 395 1290
lyx-tjyzjy-500ml 360 981 456 1275
lyx-tjyzjy-500ml 427 971 506 1238
lyx-tjjy-500ml 471 945 558 1216
lyx-tjjy-500ml 529 953 606 1199
cbl-lyxljj-300g 934 1131 1025 1223
cbl-lyxljj-300g 932 1208 1023 1288
cbl-lyxljj-300g 1010 1145 1110 1240
cbl-lyxljj-300g 1010 1214 1108 1297
cbl-lyxtmj-300g 1097 1151 1206 1247
cbl-lyxtmj-300g 1097 1221 1197 1323
cbl-lyxdbj-300g 1221 1136 1323 1236
cbl-lyxdbj-300g 1201 1225 1310 1325
cbl-lyxdbj-800g 1299 1208 1436 1336
