wdm-spjbsc-500ml 297 50 437 427
wdm-spjbsc-500ml 358 39 531 435
wdm-wjxjy-500ml 639 470 756 785
wdm-wjxjy-500ml 722 474 849 799
wdm-wjxjy-500ml 818 483 928 806
wdm-wjxjy-500ml 895 481 1006 822
wdm-wjxjy-500ml 983 481 1124 839
wdm-wjxjy-800ml 579 793 691 1079
wdm-wjxjy-800ml 654 814 764 1095
wdm-wjxjy-800ml 735 825 841 1108
wdm-wjxjy-800ml 808 837 920 1125
wdm-wjxjy-1L 872 850 1008 1147
wdm-wjxjy-1L 970 864 1103 1164
wdm-wjxjy-1L 1074 866 1199 1185
wdm-wjxjy-1L 1179 889 1312 1225
wdm-wjxjy-1L 1297 906 1431 1243
wdm-wjxjy-1.3L 1412 920 1581 1270
wdm-wjxjy-1.3L 1570 939 1768 1308
