wdm-wjxjy-1L 976 324 1117 730
wdm-wjxjy-1L 1091 324 1226 742
wdm-wjxjy-1L 941 1583 1055 1924
wdm-wjxjy-1L 1038 1580 1155 1939
wdm-wjxjy-1L 1129 1589 1253 1942
wdm-wjxjy-1L 1232 1586 1347 1944
wdm-wjxjy-1L 1335 1586 1453 1950
wdm-wjxjy-1L 1432 1597 1553 1950
wdm-btlcjy-1L 964 783 1100 1144
wdm-btlcjy-1L 1073 771 1200 1144
wdm-cxmc-460ml 450 759 547 1121
wdm-cxmc-460ml 358 753 464 1124
wdm-spjbsc-500ml 1558 803 1670 1159
wdm-spjbsc-500ml 1458 800 1582 1162
wdm-spjbsc-500ml 1355 783 1476 1156
wdm-spjbsc-500ml 1264 794 1373 1159
wdm-spjbsc-500ml 1173 792 1297 1153
wdm-wjxjy-500ml 941 1183 1044 1521
wdm-wjxjy-500ml 1020 1192 1126 1506
wdm-wjxjy-500ml 1111 1200 1214 1512
wdm-wjxjy-500ml 1197 1212 1303 1524
wdm-wjxjy-500ml 1288 1209 1379 1515
wdm-wjxjy-500ml 1355 1212 1461 1518
wdm-wjxjy-800ml 250 733 376 1121
wdm-wjxjy-800ml 241 1159 358 1494
wdm-wjxjy-800ml 341 1168 458 1500
wdm-wjxjy-800ml 450 1171 561 1518
wdm-wjxjy-800ml 547 1171 664 1518
wdm-wjxjy-800ml 647 1186 770 1515
wdm-wjxjy-800ml 747 1168 882 1503
wdm-wjxjy-800ml 847 1171 958 1509
wdm-wjxjy-800ml 1220 312 1350 744
wdm-wjxjy-800ml 1329 324 1455 771
wdm-wjxjy-500ml 1444 389 1564 753
wdm-wjxjy-500ml 1535 397 1658 753
wdm-wjxjy-500ml 1626 394 1753 753
wdm-wjxjy-1.3L 441 1597 597 1950
wdm-wjxjy-1.3L 567 1600 714 1936
wdm-wjxjy-1.3L 694 1597 850 1953
wdm-wjxjy-1.3L 826 1589 961 1947
wdm-wjxjy-500ml 353 1615 455 1930
wdm-wjxjy-500ml 270 1615 364 1927
lyx-hsjy-500ml 732 774 835 1124
lyx-hsjy-500ml 641 768 741 1124
lyx-hsjy-500ml 538 759 653 1124
wdm-zphy-510g 758 362 885 727
