cbl-lyxdbj-500g 214 918 458 1136
cbl-lyxdbj-500g 244 1086 467 1291
cbl-lyxdbj-500g 256 1244 479 1439
cbl-lyxdbj-500g 285 1380 476 1591
cbl-lyxdbj-500g 432 906 656 1115
cbl-lyxdbj-500g 450 1065 661 1268
cbl-lyxdbj-500g 464 1224 670 1418
cbl-lyxdbj-500g 470 1368 673 1547
cbl-lyxdbj-500g 629 900 841 1103
cbl-lyxdbj-500g 644 1077 838 1247
cbl-lyxdbj-500g 650 1215 838 1391
cbl-lyxdbj-500g 656 1362 844 1521
cbl-lyxdbj-500g 811 891 1023 1094
cbl-lyxdbj-500g 820 1050 1014 1233
cbl-lyxdbj-500g 817 1206 1011 1380
cbl-lyxdbj-500g 979 886 1185 1080
cbl-lyxdbj-500g 991 1047 1173 1215
cbl-lyxdbj-500g 991 1183 1164 1341
cbl-lyxdbj-500g 1126 871 1332 1062
cbl-lyxdbj-500g 1141 1033 1320 1194
cbl-lyxdbj-500g 1141 1168 1308 1318
cbl-lyxdbj-500g 1126 1303 1294 1456
cbl-lyxdbj-500g 1282 865 1485 1050
cbl-lyxdbj-500g 1300 1003 1467 1180
cbl-lyxdbj-500g 1282 1156 1444 1309
cbl-lyxdbj-500g 1270 1280 1420 1421
cbl-lyxdbj-500g 1435 853 1623 1027
cbl-lyxdbj-500g 1432 1003 1600 1159
cbl-lyxdbj-500g 1420 1136 1576 1283
cbl-lyxdbj-500g 1400 1262 1550 1403
cbl-lyxdbj-500g 1006 686 1185 847
cbl-lyxdbj-500g 1150 677 1329 841
cbl-lyxdbj-500g 1276 665 1450 830
