lyx-tjjy-500ml 277 1 334 202
lyx-tjjy-500ml 333 1 393 200
lyx-tjjy-500ml 390 1 450 202
lyx-tjjy-500ml 451 1 516 200
lyx-tjjy-500ml 513 1 573 202
lyx-tjjy-500ml 325 236 388 448
lyx-tjjy-500ml 385 239 446 449
lyx-tjjy-500ml 442 239 505 448
lyx-tjjy-500ml 505 237 566 445
lyx-tjjy-500ml 559 236 623 442
wdm-spjbsc-500ml 1 489 34 691
wdm-spjbsc-500ml 30 494 88 692
wdm-spjbsc-500ml 85 496 139 692
wdm-spjbsc-500ml 1 720 60 922
wdm-spjbsc-500ml 57 720 122 923
wdm-spjbsc-500ml 114 716 174 912
lyx-hsjy-500ml 566 708 633 911
lyx-hsjy-500ml 626 706 690 912
lyx-hsjy-500ml 682 705 748 908
lyx-hsjy-500ml 745 706 814 911
lyx-tjyzjy-500ml 351 482 414 686
lyx-tjyzjy-500ml 408 483 476 688
lyx-tjyzjy-500ml 466 480 528 686
wdm-wjxjy-800ml 162 952 220 1142
wdm-wjxjy-800ml 216 949 276 1139
wdm-wjxjy-800ml 270 951 328 1142
wdm-wjxjy-800ml 325 951 385 1140
wdm-wjxjy-800ml 345 1174 413 1365
wdm-wjxjy-800ml 410 1177 480 1362
