wdm-wjxjy-800ml 1346 524 1549 1209
wdm-wjxjy-800ml 1229 541 1405 1194
wdm-wjxjy-800ml 1126 539 1290 1124
wdm-wjxjy-800ml 1026 541 1167 1103
wdm-wjxjy-800ml 946 547 1073 1074
wdm-wjxjy-800ml 873 544 979 1065
wdm-wjxjy-800ml 820 544 938 1044
wdm-wjxjy-500ml 752 624 864 1009
wdm-wjxjy-500ml 685 618 779 989
wdm-wjxjy-500ml 643 609 729 986
wdm-wjxjy-500ml 599 609 670 965
wdm-wjxjy-500ml 555 609 629 941
wdm-wjxjy-500ml 532 618 579 936
cbl-lhdj-900g 414 1041 458 1221
cbl-lhdj-900g 443 1050 514 1247
cbl-lhdj-900g 485 1065 549 1277
cbl-hdj-900g 526 1089 582 1306
cbl-hdj-900g 564 1103 670 1330
cbl-lyxdbj-300g 599 1256 690 1380
cbl-lyxdbj-300g 652 1291 773 1427
cbl-lyxdbj-500g 758 1333 899 1512
cbl-lyxdbj-500g 849 1371 996 1562
cbl-lyxdbj-500g 938 1421 1129 1609
cbl-lyxdbj-500g 1026 1468 1220 1689
cbl-lyxdbj-800g 1149 1512 1402 1786
cbl-lyxdbj-800g 1335 1606 1626 1897
cbl-lyxdbj-800g 1523 1703 1852 2041
cbl-lyxdbj-800g 1505 1391 1788 1656
