cbl-lyxdbj-800g 31 383 236 529
cbl-lyxdbj-800g 60 507 238 649
cbl-lyxdbj-800g 199 373 380 536
cbl-lyxdbj-800g 216 505 397 653
cbl-lyxtmj-800g 362 392 528 534
cbl-lyxtmj-800g 375 522 545 658
cbl-lyxtmj-800g 514 385 697 544
cbl-lyxtmj-800g 516 512 687 658
cbl-lyxdbj-500g 675 412 821 556
cbl-lyxdbj-500g 680 529 821 663
cbl-lyxdbj-500g 806 419 953 561
cbl-lyxdbj-500g 806 531 941 670
cbl-lyxdbj-300g 938 449 1072 578
cbl-lyxdbj-300g 936 558 1070 683
cbl-lyxdbj-300g 1065 451 1204 578
cbl-lyxdbj-300g 1058 553 1197 675
cbl-lyxsrdbj-300g 1184 451 1336 578
cbl-lyxsrdbj-300g 1187 561 1323 670
cbl-lyxsrdbj-300g 1316 456 1465 575
cbl-lyxsrdbj-300g 1314 558 1450 680
cbl-lyxtmj-300g 1445 458 1602 580
cbl-lyxtmj-300g 1436 563 1587 680
cbl-lyxtmj-300g 1582 451 1731 578
cbl-lyxtmj-300g 1572 563 1714 688
cbl-lyxljj-300g 1714 458 1872 588
cbl-lyxljj-300g 1702 561 1850 707
cbl-lhdj-900g 131 736 272 975
cbl-lhdj-900g 236 739 365 978
cbl-lhdj-900g 338 744 465 980
cbl-lhdj-900g 441 741 567 983
cbl-hdj-900g 543 753 662 988
cbl-hdj-900g 641 753 755 988
cbl-hdj-300g 1403 790 1560 887
cbl-hdj-300g 1397 866 1550 946
cbl-hdj-300g 1394 922 1541 997
