cbl-hdj-900g 150 641 361 1006
cbl-hdj-900g 338 650 520 1012
cbl-hdj-500g 508 700 726 862
cbl-hdj-500g 511 841 726 980
cbl-hdj-500g 706 703 911 859
cbl-hdj-500g 708 841 903 974
cbl-hdj-300g 870 803 1053 900
cbl-hdj-300g 873 889 1050 974
cbl-hdj-300g 1032 806 1211 897
cbl-hdj-300g 1023 886 1200 971
cbl-lyxdbj-500g 1156 691 1329 841
cbl-lyxdbj-500g 1182 833 1323 959
cbl-lyxdbj-300g 1306 733 1441 862
cbl-lyxdbj-300g 1297 850 1438 959
cbl-lyxdbj-300g 1414 741 1529 856
cbl-lyxdbj-300g 1406 844 1517 953
cbl-lyxtmj-300g 1500 747 1632 862
cbl-lyxtmj-300g 1485 847 1611 959
cbl-lyxtmj-300g 1594 747 1714 856
cbl-lyxtmj-300g 1585 850 1703 962
wdm-btlcjy-500ml 1238 1091 1347 1400
wdm-btlcjy-500ml 1158 1097 1253 1412
wdm-cxhy-510g 1094 1091 1176 1421
wdm-cxhy-510g 1038 1103 1117 1436
wdm-cxhy-510g 961 1109 1053 1447
wdm-zphy-510g 870 1103 964 1462
wdm-zphy-510g 806 1121 885 1471
wdm-spjbsc-500ml 723 1127 820 1491
wdm-spjbsc-500ml 629 1115 738 1515
wdm-zplj-450ml 529 1118 647 1530
wdm-zplj-450ml 429 1127 553 1547
wdm-cxmc-460ml 332 1133 458 1571
wdm-cxmc-460ml 214 1139 347 1586
wdm-wjxjy-1.3L 706 1589 841 1953
wdm-wjxjy-1.8L 544 1586 720 2018
wdm-wjxjy-1.8L 370 1618 567 2053
wdm-wjxjy-1.8L 182 1659 397 2106
wdm-wjxjy-1L 817 1571 950 1933
wdm-wjxjy-1L 929 1550 1032 1909
wdm-wjxjy-1L 1006 1536 1126 1883
wdm-wjxjy-500ml 1100 1544 1176 1839
wdm-wjxjy-500ml 1164 1530 1264 1824
wdm-wjxjy-500ml 1247 1521 1332 1806
