wdm-zphy-510g 510 312 571 531
wdm-zphy-510g 566 314 622 529
wdm-zphy-510g 610 312 673 531
wdm-cxhy-510g 666 307 732 527
wdm-cxhy-510g 720 309 783 529
wdm-cxhy-510g 776 307 834 534
wdm-cxmc-460ml 834 295 893 531
wdm-cxmc-460ml 883 292 946 527
wdm-cxmc-460ml 944 290 1003 527
wdm-cxmc-460ml 998 290 1059 531
wdm-qxmc-460ml 1054 283 1124 531
wdm-qxmc-460ml 1115 285 1178 531
wdm-spjbsc-500ml 1171 290 1237 522
wdm-spjbsc-500ml 1232 290 1300 524
wdm-spjbsc-500ml 1293 285 1361 517
wdm-spjbsc-500ml 1354 283 1420 522
wdm-spjbsc-500ml 1412 280 1481 519
wdm-wjxjy-500ml 498 568 563 770
wdm-wjxjy-500ml 551 566 615 773
wdm-wjxjy-500ml 605 563 668 775
wdm-btlcjy-500ml 654 566 724 775
wdm-btlcjy-500ml 715 568 788 770
wdm-btlcjy-500ml 773 563 839 773
wdm-btlcjy-500ml 829 561 893 770
wdm-zphy-510g 883 546 946 775
wdm-zphy-510g 937 551 998 778
wdm-zphy-510g 990 549 1046 770
wdm-zphy-510g 1042 549 1100 773
lyx-hsjy-500ml 1090 551 1159 775
lyx-hsjy-500ml 1151 553 1220 773
lyx-hsjy-500ml 1215 546 1283 778
lyx-tjyzjy-500ml 1281 551 1346 778
lyx-tjyzjy-500ml 1337 551 1410 775
lyx-tjyzjy-500ml 1398 546 1476 775
wdm-wjxjy-800ml 529 783 607 980
wdm-wjxjy-800ml 603 790 676 983
wdm-wjxjy-800ml 668 785 742 985
wdm-wjxjy-800ml 734 785 810 990
wdm-wjxjy-500ml 1110 795 1181 992
wdm-wjxjy-500ml 1173 802 1246 997
wdm-wjxjy-500ml 1239 802 1305 995
wdm-wjxjy-500ml 1295 800 1371 1005
wdm-wjxjy-500ml 1359 800 1434 997
wdm-wjxjy-1L 795 790 863 992
wdm-wjxjy-1L 846 785 922 997
wdm-wjxjy-1L 912 797 985 992
wdm-wjxjy-1L 978 790 1051 997
wdm-wjxjy-1L 1039 788 1115 1005
wdm-wjxjy-1.3L 568 1014 651 1217
wdm-wjxjy-1.3L 644 1009 729 1219
wdm-wjxjy-1.3L 720 1012 807 1224
wdm-wjxjy-1.3L 795 1012 878 1219
wdm-wjxjy-1.3L 868 1012 949 1227
wdm-wjxjy-1.8L 944 1012 1039 1229
wdm-wjxjy-1.8L 1027 1014 1120 1236
wdm-wjxjy-1.8L 1112 1014 1203 1231
wdm-wjxjy-1.8L 1195 1019 1290 1241
wdm-wjxjy-1.8L 1285 1019 1383 1241
wdm-wjxjy-1.8L 1373 1019 1478 1246
