wdm-wjxjy-1.3L 245 566 325 805
wdm-wjxjy-1.3L 286 549 375 803
wdm-wjxjy-800ml 342 508 408 805
wdm-wjxjy-800ml 392 495 462 784
wdm-wjxjy-800ml 438 477 512 779
wdm-wjxjy-500ml 488 512 549 771
wdm-wjxjy-500ml 527 490 595 762
wdm-wjxjy-500ml 575 473 651 760
wdm-wjxjy-500ml 638 451 706 745
wdm-wjxjy-500ml 684 429 764 742
wdm-cxmc-1.3L 742 373 858 721
wdm-cxmc-1.3L 825 325 962 708
wdm-spjbsc-1.3L 936 264 1095 684
wdm-spjbsc-1.3L 1069 197 1262 664
lyx-tjjy-500ml 260 851 312 1090
lyx-tjjy-500ml 297 853 349 1099
wdm-zplj-450ml 332 838 379 1103
wdm-zplj-450ml 362 842 412 1108
wdm-cxmc-460ml 401 834 449 1105
wdm-cxmc-460ml 432 827 482 1121
wdm-qxmc-460ml 469 823 523 1121
wdm-qxmc-460ml 510 818 571 1125
lyx-tjyzjy-500ml 558 823 629 1138
lyx-tjyzjy-500ml 610 814 690 1145
lyx-tjyzjy-500ml 666 808 749 1153
wdm-zphy-510g 729 810 799 1160
wdm-zphy-510g 782 803 864 1166
wdm-zphy-510g 845 790 940 1175
wdm-btlcjy-500ml 916 790 1021 1171
wdm-btlcjy-500ml 1001 779 1106 1175
wdm-spjbsc-500ml 1090 753 1221 1208
wdm-spjbsc-500ml 1203 736 1349 1210
