wdm-wjxjy-800ml 68 56 185 468
wdm-wjxjy-800ml 149 68 276 497
wdm-wjxjy-800ml 239 95 359 519
wdm-wjxjy-800ml 320 114 427 534
wdm-wjxjy-800ml 395 129 515 573
cbl-hdj-900g 490 314 637 602
cbl-hdj-900g 671 288 771 546
cbl-hdj-900g 839 431 956 661
cbl-hdj-900g 932 451 1056 678
wdm-wjxjy-800ml 727 141 827 524
wdm-wjxjy-800ml 593 153 703 575
wdm-wjxjy-800ml 803 139 885 473
wdm-wjxjy-800ml 585 619 710 1002
wdm-wjxjy-800ml 693 653 817 1044
wdm-wjxjy-800ml 981 549 1103 873
wdm-wjxjy-800ml 1061 529 1137 834
wdm-wjxjy-800ml 881 556 971 888
cbl-hdj-900g 824 702 937 931
cbl-hdj-900g 773 741 893 978
