cbl-hdj-900g 323 375 460 634
cbl-hdj-900g 441 378 582 646
cbl-lhdj-900g 94 380 245 636
cbl-lhdj-900g 209 378 345 641
cbl-lyxdbj-800g 550 366 728 514
cbl-lyxdbj-800g 558 500 731 644
cbl-lyxdbj-800g 716 358 897 514
cbl-lyxdbj-800g 716 500 889 646
cbl-lyxdbj-300g 880 412 1014 534
cbl-lyxdbj-300g 875 524 1019 644
cbl-lyxdbj-300g 1011 414 1155 531
cbl-lyxdbj-300g 1016 524 1148 641
wdm-cxmc-460ml 828 722 916 1061
wdm-cxmc-460ml 909 724 994 1061
wdm-wjxjy-500ml 992 744 1075 1049
wdm-wjxjy-500ml 1070 746 1162 1049
wdm-wjxjy-500ml 1158 746 1250 1049
wdm-wjxjy-800ml 1236 695 1350 1053
wdm-wjxjy-800ml 1341 700 1453 1046
wdm-zphy-510g 1458 741 1553 1056
wdm-zphy-510g 1536 739 1636 1044
wdm-wjxjy-1.3L 1053 1109 1187 1422
wdm-wjxjy-1.3L 1172 1107 1302 1417
wdm-qxmc-460ml 1289 1119 1377 1412
wdm-qxmc-460ml 1365 1112 1450 1419
wdm-qxmc-460ml 1441 1112 1531 1412
