wdm-btlcjy-500ml 441 780 541 1065
wdm-btlcjy-500ml 529 783 629 1068
wdm-btlcjy-500ml 617 780 714 1068
wdm-btlcjy-500ml 697 777 794 1068
wdm-cxmc-460ml 779 753 864 1065
wdm-cxmc-460ml 853 756 941 1074
wdm-cxmc-460ml 932 762 1020 1068
wdm-qxmc-460ml 991 756 1079 1059
cbl-hdj-500g 1073 886 1223 991
cbl-hdj-500g 1070 974 1223 1077
cbl-hdj-900g 1194 856 1323 1080
cbl-hdj-900g 1306 856 1429 1074
cbl-lyxdbj-800g 394 394 561 533
cbl-lyxdbj-800g 394 521 561 639
cbl-lyxdbj-800g 544 394 700 536
cbl-lyxdbj-800g 550 521 708 644
cbl-lyxdbj-500g 700 421 838 544
cbl-lyxdbj-500g 694 530 838 656
cbl-lyxdbj-500g 829 415 956 544
cbl-lyxdbj-500g 823 536 961 656
cbl-lyxdbj-300g 947 450 1079 559
cbl-lyxdbj-300g 950 544 1079 656
cbl-lyxdbj-300g 1067 450 1200 559
cbl-lyxdbj-300g 1067 550 1203 650
cbl-lyxsrdbj-300g 1185 450 1320 559
cbl-lyxsrdbj-300g 1188 550 1311 659
cbl-lyxsrdbj-300g 1308 450 1435 565
cbl-lyxsrdbj-300g 1306 553 1429 656
wdm-wjxjy-500ml 453 1271 544 1559
wdm-wjxjy-500ml 529 1274 626 1550
wdm-wjxjy-500ml 606 1265 711 1547
wdm-wjxjy-800ml 482 1759 585 2089
wdm-wjxjy-800ml 567 1759 664 2083
wdm-wjxjy-800ml 650 1756 753 2086
wdm-cxhy-510g 703 1253 785 1544
wdm-cxhy-510g 773 1253 853 1536
wdm-cxhy-510g 844 1253 920 1527
wdm-zphy-510g 903 1253 979 1536
wdm-zphy-510g 970 1253 1044 1533
wdm-zplj-450ml 1026 1241 1114 1539
wdm-zplj-450ml 1100 1233 1185 1533
wdm-spjbsc-500ml 1167 1250 1253 1533
wdm-spjbsc-500ml 1244 1247 1338 1541
wdm-wjxjy-1L 738 1759 853 2086
wdm-wjxjy-1L 832 1756 938 2074
wdm-wjxjy-1L 926 1762 1026 2071
wdm-wjxjy-1.3L 1014 1762 1135 2068
wdm-wjxjy-1.8L 1126 1744 1273 2059
wdm-wjxjy-1.8L 1256 1741 1403 2059
