cbl-lyxdbj-300g 164 733 311 853
cbl-lyxdbj-300g 164 839 326 965
cbl-lyxdbj-300g 294 733 438 862
cbl-lyxdbj-300g 294 844 453 971
cbl-lyxdbj-500g 426 709 585 847
cbl-lyxdbj-500g 438 836 588 971
cbl-lyxdbj-500g 573 709 720 853
cbl-lyxdbj-500g 573 836 723 971
cbl-lyxdbj-800g 706 694 885 839
cbl-lyxdbj-800g 703 827 885 974
cbl-lyxdbj-800g 867 824 1035 983
cbl-lyxtmj-300g 1023 741 1173 871
cbl-lyxtmj-300g 1026 853 1164 986
cbl-lyxtmj-300g 1161 741 1317 868
cbl-lyxtmj-300g 1161 859 1317 986
cbl-lyxtmj-300g 1306 744 1464 868
cbl-hdj-900g 206 1094 338 1336
cbl-hdj-900g 317 1097 450 1347
cbl-lhdj-900g 417 1097 550 1347
wdm-zplj-450ml 523 1015 629 1353
wdm-zplj-450ml 608 1015 703 1359
wdm-qxmc-460ml 688 1015 785 1359
wdm-qxmc-460ml 764 1009 856 1362
wdm-qxmc-460ml 844 1012 944 1368
wdm-cxmc-460ml 929 1015 1023 1377
wdm-cxmc-460ml 1011 1027 1111 1377
wdm-cxmc-460ml 1091 1024 1191 1380
wdm-spjbsc-500ml 1173 1030 1273 1377
wdm-spjbsc-500ml 1258 1027 1364 1391
wdm-spjbsc-500ml 1350 1024 1453 1383
wdm-spjbsc-500ml 1438 1036 1547 1394
wdm-cxhy-510g 1535 1039 1635 1397
wdm-cxhy-510g 1620 1036 1726 1397
wdm-wjxjy-800ml 267 1400 382 1697
wdm-wjxjy-800ml 358 1403 485 1715
wdm-wjxjy-800ml 453 1406 564 1712
wdm-wjxjy-800ml 544 1403 656 1721
wdm-wjxjy-800ml 641 1412 747 1718
wdm-wjxjy-800ml 732 1421 856 1721
wdm-wjxjy-500ml 829 1427 935 1733
wdm-wjxjy-500ml 923 1430 1017 1739
wdm-wjxjy-500ml 1008 1439 1103 1741
wdm-btlcjy-500ml 1091 1444 1200 1739
wdm-btlcjy-500ml 1188 1441 1285 1750
wdm-btlcjy-500ml 1270 1444 1379 1759
wdm-btlcjy-1L 1376 1447 1494 1774
wdm-btlcjy-1L 1473 1450 1611 1786
wdm-btlcjy-1L 1594 1444 1726 1777
wdm-wjxjy-1.8L 264 1741 426 2036
wdm-wjxjy-1.8L 406 1756 564 2047
wdm-wjxjy-1.8L 544 1759 706 2039
wdm-wjxjy-1.3L 685 1774 820 2053
wdm-wjxjy-1.3L 808 1791 941 2053
wdm-wjxjy-1.3L 932 1797 1067 2065
wdm-wjxjy-1.3L 1058 1809 1194 2074
wdm-wjxjy-1L 1179 1803 1294 2118
wdm-wjxjy-1L 1282 1809 1400 2112
wdm-wjxjy-1L 1385 1818 1500 2112
wdm-wjxjy-1L 1491 1824 1617 2127
wdm-wjxjy-1L 1585 1841 1726 2141
