wdm-cxmc-1.3L 200 368 341 697
wdm-cxmc-1.3L 308 344 441 677
wdm-cxmc-1.3L 397 306 538 665
wdm-cxmc-1.3L 497 274 656 641
wdm-wjxjy-1.8L 626 212 782 621
wdm-wjxjy-1.8L 756 156 941 606
wdm-wjxjy-1.8L 900 112 1103 571
wdm-wjxjy-1.8L 1058 53 1261 533
wdm-wjxjy-1.8L 1235 1 1447 503
wdm-wjxjy-1.8L 1423 1 1650 462
wdm-wjxjy-800ml 270 724 373 1065
wdm-wjxjy-800ml 335 721 447 1077
wdm-wjxjy-800ml 426 703 529 1071
wdm-wjxjy-800ml 500 686 608 1062
wdm-wjxjy-800ml 576 668 685 1050
wdm-wjxjy-800ml 658 653 794 1044
wdm-wjxjy-800ml 826 639 941 1024
wdm-wjxjy-800ml 903 624 1029 1015
wdm-wjxjy-800ml 1006 603 1120 1006
wdm-wjxjy-800ml 1094 583 1220 997
wdm-wjxjy-800ml 1223 559 1341 989
wdm-wjxjy-800ml 1300 518 1450 977
wdm-wjxjy-800ml 1420 497 1541 968
wdm-wjxjy-800ml 885 1491 1017 1871
wdm-wjxjy-800ml 791 1503 908 1862
wdm-wjxjy-800ml 708 1489 820 1865
wdm-wjxjy-500ml 641 1530 732 1850
wdm-wjxjy-500ml 567 1524 656 1850
wdm-wjxjy-500ml 503 1524 591 1833
wdm-wjxjy-500ml 429 1521 514 1830
wdm-wjxjy-500ml 364 1515 453 1812
wdm-wjxjy-1L 1053 1491 1203 1891
wdm-wjxjy-1L 1170 1494 1308 1897
wdm-wjxjy-1L 1282 1497 1420 1906
wdm-wjxjy-1.3L 1403 1509 1594 1944
wdm-wjxjy-1.3L 1567 1506 1747 1959
wdm-zphy-510g 288 1124 370 1415
wdm-zphy-510g 350 1121 435 1412
wdm-cxhy-510g 408 1118 497 1412
wdm-cxhy-510g 470 1106 550 1415
wdm-cxhy-510g 532 1100 611 1418
wdm-cxmc-460ml 588 1091 685 1427
wdm-cxmc-460ml 661 1080 747 1415
wdm-qxmc-460ml 720 1074 829 1415
wdm-qxmc-460ml 794 1071 900 1409
wdm-zplj-450ml 870 1062 967 1424
wdm-zplj-450ml 941 1062 1041 1421
wdm-zplj-450ml 1006 1050 1129 1433
wdm-spjbsc-500ml 1097 1044 1206 1427
wdm-spjbsc-500ml 1188 1044 1291 1412
wdm-spjbsc-500ml 1273 1030 1391 1418
wdm-spjbsc-500ml 1373 1027 1497 1427
wdm-btlcjy-500ml 1473 1027 1591 1412
