wdm-btlcjy-1L 575 255 633 445
wdm-btlcjy-1L 633 255 693 447
wdm-btlcjy-1L 689 253 748 449
wdm-btlcjy-1L 745 258 802 451
wdm-btlcjy-1L 800 258 858 453
wdm-btlcjy-1L 858 260 916 453
wdm-btlcjy-1L 912 262 964 451
wdm-btlcjy-1L 558 495 616 687
wdm-btlcjy-1L 616 495 681 691
wdm-btlcjy-1L 677 489 739 695
wdm-btlcjy-1L 737 489 800 699
wdm-btlcjy-1L 797 491 856 695
wdm-btlcjy-1L 852 495 914 693
wdm-btlcjy-1L 912 493 975 695
wdm-wjxjy-1.8L 902 733 983 928
wdm-wjxjy-1.8L 823 737 906 930
wdm-wjxjy-1.8L 745 733 833 930
wdm-wjxjy-1.8L 668 737 750 930
wdm-wjxjy-1.8L 593 737 670 928
wdm-wjxjy-1.8L 514 739 595 928
wdm-wjxjy-1.8L 435 737 518 931
wdm-wjxjy-1.8L 352 735 437 933
wdm-wjxjy-1.8L 268 731 352 933
wdm-wjxjy-1.8L 177 962 266 1170
wdm-wjxjy-1.8L 262 968 348 1166
wdm-wjxjy-1.8L 345 970 425 1166
wdm-wjxjy-1.8L 418 970 502 1166
wdm-wjxjy-1.8L 500 966 581 1162
wdm-wjxjy-1.8L 577 968 660 1162
wdm-wjxjy-1.8L 656 964 737 1164
wdm-wjxjy-1.8L 731 966 812 1162
wdm-wjxjy-1.8L 808 966 887 1160
wdm-wjxjy-1.8L 883 966 964 1156
wdm-wjxjy-1.8L 181 1195 264 1364
wdm-wjxjy-1.8L 262 1201 341 1364
wdm-wjxjy-1.8L 341 1195 422 1366
wdm-wjxjy-1.8L 418 1195 500 1362
wdm-wjxjy-1.8L 500 1193 579 1351
wdm-wjxjy-1.8L 579 1195 658 1351
wdm-wjxjy-1.8L 654 1193 739 1353
wdm-wjxjy-1.8L 750 1189 835 1349
wdm-wjxjy-1.8L 850 1185 929 1345
wdm-wjxjy-1.8L 177 1395 254 1562
wdm-wjxjy-1.8L 250 1393 339 1562
wdm-wjxjy-1.8L 333 1395 420 1568
wdm-wjxjy-1.8L 452 1385 533 1556
wdm-wjxjy-1.8L 529 1387 612 1556
wdm-wjxjy-1.8L 631 1387 714 1549
wdm-wjxjy-1.8L 729 1385 804 1543
wdm-wjxjy-1.8L 802 1381 881 1539
wdm-wjxjy-1.8L 875 1378 948 1533
wdm-zplj-450ml 183 243 235 430
wdm-zplj-450ml 229 243 277 431
wdm-zplj-450ml 275 243 323 435
wdm-zplj-450ml 323 249 375 445
wdm-zplj-450ml 375 247 427 443
wdm-zplj-450ml 429 253 477 443
wdm-zplj-450ml 475 253 527 447
wdm-zplj-450ml 527 253 579 447
wdm-zplj-450ml 185 489 235 683
wdm-zplj-450ml 225 491 283 689
wdm-zplj-450ml 279 493 331 687
wdm-zplj-450ml 329 493 381 693
wdm-zplj-450ml 377 493 427 693
wdm-zplj-450ml 425 495 475 693
wdm-zplj-450ml 470 493 516 691
wdm-zplj-450ml 518 499 564 687
