wdm-zphy-510g 495 1 577 256
wdm-zphy-510g 570 1 654 256
wdm-zphy-510g 652 1 729 260
wdm-zphy-510g 720 1 798 260
wdm-zphy-510g 793 1 875 262
wdm-zphy-510g 445 1035 525 1324
wdm-zphy-510g 520 1030 606 1324
wdm-zphy-510g 598 1031 677 1320
wdm-zphy-510g 677 1030 758 1322
wdm-cxhy-510g 445 699 535 972
wdm-cxhy-510g 525 701 612 974
wdm-cxhy-510g 610 699 697 970
wdm-cxhy-510g 691 705 783 974
wdm-cxhy-510g 460 1376 535 1620
wdm-cxhy-510g 527 1374 602 1628
wdm-cxhy-510g 598 1387 675 1628
wdm-cxhy-510g 670 1383 752 1628
