lyx-tjjy-500ml 182 389 271 691
lyx-tjjy-500ml 266 391 357 688
lyx-tjjy-500ml 353 389 431 683
lyx-tjjy-500ml 545 1062 633 1348
lyx-tjjy-500ml 623 1063 716 1346
lyx-tjjy-500ml 713 1066 803 1351
wdm-wjxjy-500ml 490 80 557 328
wdm-wjxjy-500ml 554 79 628 326
wdm-wjxjy-500ml 623 88 691 320
wdm-wjxjy-500ml 685 79 759 323
wdm-wjxjy-500ml 756 76 828 323
wdm-btlcjy-800ml 248 48 333 329
wdm-btlcjy-800ml 328 52 414 326
wdm-btlcjy-800ml 410 57 496 325
wdm-wjxjy-800ml 433 402 520 680
wdm-wjxjy-800ml 514 405 596 688
wdm-wjxjy-800ml 593 400 676 683
wdm-wjxjy-800ml 673 399 757 685
wdm-wjxjy-800ml 751 397 836 683
wdm-btlcjy-1L 223 736 322 1034
wdm-btlcjy-1L 314 734 414 1028
wdm-btlcjy-1L 408 736 513 1025
wdm-btlcjy-1L 519 729 625 1025
wdm-btlcjy-1L 636 731 733 1025
wdm-wjxjy-1.8L 125 1088 262 1365
wdm-wjxjy-1.8L 254 1089 391 1365
wdm-wjxjy-1.8L 380 1082 520 1365
