wdm-wjxjy-800ml 693 797 885 1127
wdm-wjxjy-800ml 785 843 995 1175
wdm-wjxjy-800ml 878 875 1087 1220
wdm-wjxjy-800ml 968 920 1168 1262
wdm-wjxjy-800ml 1060 960 1272 1318
wdm-wjxjy-800ml 1156 1008 1366 1374
wdm-wjxjy-500ml 591 787 799 1091
wdm-wjxjy-500ml 520 741 714 1045
wdm-wjxjy-500ml 428 704 631 1010
wdm-btlcjy-500ml 349 658 531 958
wdm-btlcjy-500ml 258 608 462 922
wdm-wjxjy-1L 1272 1072 1518 1440
wdm-wjxjy-1L 1401 1125 1626 1440
wdm-wjxjy-1L 1551 1185 1758 1440
wdm-spjbsc-500ml 376 204 583 545
wdm-spjbsc-500ml 487 260 683 581
wdm-cxhy-510g 558 297 758 618
wdm-cxhy-510g 633 331 822 652
wdm-zphy-510g 704 362 901 687
wdm-zphy-510g 778 397 976 720
wdm-cxmc-460ml 851 408 1066 756
wdm-cxmc-460ml 937 437 1139 791
wdm-qxmc-460ml 1004 479 1218 833
wdm-qxmc-460ml 1095 512 1303 866
wdm-qxmc-460ml 1333 610 1556 993
wdm-zplj-450ml 1253 587 1476 949
wdm-zplj-450ml 1166 547 1389 914
cbl-lyxdbj-500g 1222 187 1403 356
cbl-lyxdbj-500g 1178 293 1345 454
cbl-lyxdbj-300g 1089 149 1245 302
cbl-lyxdbj-300g 1051 247 1195 393
cbl-lyxdbj-300g 964 93 1118 256
cbl-lyxdbj-300g 922 195 1070 339
cbl-lyxljj-300g 837 37 1001 191
cbl-lyxljj-300g 791 131 947 279
cbl-lyxsrdbj-300g 712 1 866 137
cbl-lyxsrdbj-300g 668 83 826 227
cbl-lyxtmj-300g 556 31 701 174
