cbl-lyxtmj-300g 270 927 456 1080
cbl-lyxtmj-300g 270 1053 461 1203
cbl-lyxtmj-300g 288 1177 461 1321
cbl-lyxdbj-300g 482 1047 661 1200
cbl-lyxdbj-300g 479 1171 673 1297
cbl-lyxdbj-300g 653 1036 832 1194
cbl-lyxdbj-300g 658 1174 826 1300
cbl-lyxdbj-500g 808 1012 997 1189
cbl-lyxdbj-500g 820 1159 988 1297
cbl-lyxdbj-800g 967 1106 1170 1291
cbl-hdj-500g 1135 1050 1344 1197
cbl-hdj-500g 1141 1174 1332 1300
cbl-hdj-900g 1291 1012 1444 1283
cbl-hdj-900g 1411 1015 1567 1274
cbl-hdj-900g 876 2221 1014 2489
cbl-hdj-900g 1000 2209 1129 2462
cbl-hdj-900g 1111 2191 1241 2441
cbl-hdj-900g 1220 2168 1347 2415
cbl-hdj-900g 1326 2156 1456 2400
wdm-btlcjy-500ml 1294 1359 1391 1677
wdm-btlcjy-500ml 1376 1359 1488 1671
wdm-cxhy-510g 617 1391 720 1736
wdm-cxhy-510g 703 1386 800 1724
wdm-cxmc-460ml 785 1347 891 1718
wdm-cxmc-460ml 876 1341 970 1709
wdm-qxmc-460ml 958 1339 1064 1709
wdm-qxmc-460ml 1044 1339 1132 1686
wdm-spjbsc-500ml 303 1391 417 1789
wdm-spjbsc-500ml 406 1394 520 1771
wdm-spjbsc-500ml 514 1409 623 1759
wdm-zphy-510g 1208 1350 1306 1683
wdm-zphy-510g 1120 1353 1220 1686
wdm-zplj-450ml 320 1833 441 2203
wdm-zplj-450ml 423 1818 538 2177
wdm-wjxjy-1.3L 529 1803 694 2159
wdm-wjxjy-1.3L 676 1780 841 2144
wdm-wjxjy-1.3L 826 1753 1000 2118
wdm-wjxjy-1.8L 988 1736 1179 2100
wdm-wjxjy-1.8L 1164 1721 1323 2056
wdm-wjxjy-1.8L 1294 1706 1456 2044
wdm-wjxjy-1L 1476 353 1629 786
wdm-wjxjy-1L 1373 341 1517 786
wdm-wjxjy-800ml 1238 306 1400 786
wdm-wjxjy-800ml 1132 291 1267 771
wdm-wjxjy-800ml 1003 289 1153 774
wdm-wjxjy-800ml 891 274 1026 771
wdm-wjxjy-800ml 767 256 900 768
wdm-wjxjy-800ml 626 244 782 759
wdm-wjxjy-500ml 511 321 647 750
wdm-wjxjy-500ml 379 303 532 744
wdm-wjxjy-500ml 235 294 391 741
