cbl-lyxdbj-300g 970 1777 1129 1933
cbl-lyxdbj-300g 976 1897 1126 2033
cbl-lyxdbj-300g 982 1989 1132 2133
cbl-lyxdbj-500g 1120 1733 1294 1909
cbl-lyxdbj-500g 1138 1868 1294 2021
cbl-lyxdbj-500g 1144 1977 1297 2130
cbl-lyxdbj-800g 1294 1727 1494 1921
cbl-lyxdbj-800g 1294 1859 1488 2059
cbl-lyxdbj-800g 1294 1994 1500 2200
cbl-lyxtmj-300g 1350 1380 1517 1524
cbl-lyxtmj-300g 1353 1500 1511 1630
wdm-cxhy-510g 882 1774 1000 2162
wdm-cxhy-510g 794 1783 903 2150
wdm-spjbsc-500ml 700 1783 814 2159
wdm-spjbsc-500ml 605 1780 720 2153
wdm-wjxjy-500ml 217 556 338 944
wdm-wjxjy-500ml 317 553 447 947
wdm-wjxjy-1.3L 426 527 608 950
wdm-wjxjy-1.3L 585 527 761 968
wdm-wjxjy-1L 735 518 882 965
wdm-wjxjy-1L 855 521 1005 977
wdm-wjxjy-1L 982 527 1129 980
wdm-wjxjy-800ml 1105 497 1247 977
wdm-wjxjy-800ml 1229 492 1370 980
wdm-wjxjy-800ml 1347 483 1497 980
wdm-wjxjy-800ml 1473 489 1617 980
wdm-wjxjy-1L 129 1018 270 1400
