wdm-wjxjy-1.3L 355 51 502 409
wdm-wjxjy-1.3L 484 51 631 424
wdm-wjxjy-800ml 616 17 731 412
wdm-wjxjy-800ml 716 17 826 419
wdm-wjxjy-800ml 816 7 936 422
wdm-btlcjy-500ml 926 75 1036 422
wdm-zphy-510g 1019 66 1119 424
wdm-qxmc-460ml 1102 41 1209 419
wdm-spjbsc-500ml 1194 61 1299 431
lyx-tjyzjy-500ml 1292 53 1414 434
cbl-lyxdbj-500g 114 817 297 946
cbl-lyxdbj-500g 123 917 287 1058
cbl-lyxdbj-300g 258 858 397 975
cbl-lyxdbj-300g 258 949 397 1063
cbl-lyxtmj-300g 370 866 509 985
cbl-lyxtmj-300g 367 961 506 1073
cbl-hdj-900g 394 1127 511 1344
cbl-hdj-900g 492 1139 609 1346
