wdm-wjxjy-800ml 438 1 588 444
wdm-wjxjy-800ml 550 1 685 453
wdm-wjxjy-800ml 626 12 753 471
wdm-wjxjy-800ml 720 36 829 492
wdm-wjxjy-800ml 788 68 900 492
wdm-wjxjy-800ml 858 97 964 503
wdm-cxmc-460ml 417 956 544 1374
wdm-cxmc-460ml 503 950 611 1350
wdm-cxmc-460ml 567 947 670 1327
wdm-cxhy-510g 629 956 717 1312
wdm-cxhy-510g 685 950 773 1303
wdm-cxhy-510g 738 939 826 1289
wdm-zphy-510g 803 939 888 1277
wdm-zphy-510g 858 942 932 1256
wdm-zphy-510g 900 930 976 1256
wdm-spjbsc-500ml 953 918 1014 1236
wdm-spjbsc-500ml 991 921 1067 1230
wdm-spjbsc-500ml 1020 906 1100 1221
wdm-btlcjy-500ml 473 1386 608 1750
wdm-btlcjy-500ml 561 1368 658 1706
wdm-btlcjy-500ml 632 1356 729 1674
wdm-btlcjy-500ml 700 1327 805 1650
wdm-btlcjy-500ml 767 1324 853 1624
wdm-wjxjy-500ml 823 1306 908 1603
wdm-wjxjy-500ml 879 1294 958 1580
wdm-wjxjy-500ml 932 1280 1003 1547
wdm-spjbsc-1.3L 970 1259 1070 1530
wdm-spjbsc-1.3L 1026 1239 1126 1515
wdm-spjbsc-1.3L 1105 1227 1185 1477
wdm-spjbsc-1.3L 1155 1206 1238 1453
wdm-spjbsc-1.3L 1217 1200 1282 1430
wdm-wjxjy-800ml 458 1789 588 2124
wdm-wjxjy-800ml 544 1759 664 2086
wdm-wjxjy-800ml 620 1724 732 2036
wdm-wjxjy-800ml 697 1700 794 1992
wdm-wjxjy-800ml 761 1668 858 1947
wdm-wjxjy-800ml 829 1647 911 1906
wdm-wjxjy-800ml 882 1618 967 1877
wdm-wjxjy-800ml 929 1603 1017 1842
wdm-wjxjy-1L 979 1565 1055 1809
wdm-wjxjy-1L 1029 1542 1103 1786
wdm-wjxjy-1L 1073 1515 1147 1756
wdm-wjxjy-1L 1129 1506 1191 1730
wdm-wjxjy-1L 1170 1483 1232 1700
wdm-wjxjy-2L 482 2186 644 2560
wdm-wjxjy-2L 591 2112 738 2509
wdm-wjxjy-2L 703 2044 835 2427
wdm-wjxjy-1.8L 800 1997 920 2365
wdm-wjxjy-1.8L 876 1936 991 2262
wdm-wjxjy-1.8L 950 1892 1070 2218
wdm-wjxjy-1.8L 1029 1839 1129 2144
wdm-wjxjy-1.3L 1088 1818 1185 2100
wdm-wjxjy-1.3L 1150 1783 1238 2050
lyx-tjjy-500ml 1064 912 1141 1197
lyx-tjjy-500ml 1108 900 1185 1197
lyx-tjyzjy-500ml 1161 903 1235 1180
lyx-tjyzjy-500ml 1194 897 1270 1174
lyx-tjyzjy-500ml 1238 889 1294 1165
cbl-lyxtmj-800g 553 609 753 777
cbl-lyxtmj-800g 603 750 758 918
cbl-lyxtmj-800g 726 630 870 780
cbl-lyxtmj-800g 714 756 867 915
cbl-lyxtmj-300g 1220 703 1288 800
cbl-lyxtmj-300g 1214 783 1279 880
cbl-lyxtmj-300g 1267 700 1344 797
cbl-lyxtmj-300g 1267 780 1344 886
cbl-lyxdbj-300g 1091 694 1185 800
cbl-lyxdbj-300g 1164 697 1247 803
cbl-lyxdbj-300g 1091 780 1176 892
cbl-lyxdbj-300g 1155 783 1244 880
cbl-lyxdbj-800g 826 633 979 783
cbl-lyxdbj-800g 844 756 973 909
cbl-lyxdbj-800g 944 642 1047 780
cbl-lyxdbj-800g 941 756 1044 906
cbl-lyxdbj-500g 1023 668 1123 786
cbl-lyxdbj-500g 1017 768 1114 903
cbl-hdj-900g 500 633 638 930
cbl-hdj-900g 367 615 538 942
