cbl-hdj-900g 505 705 634 951
cbl-hdj-900g 590 717 715 975
cbl-lhdj-900g 673 722 815 992
cbl-lhdj-900g 778 731 924 1014
wdm-wjxjy-800ml 439 580 549 931
wdm-wjxjy-800ml 359 570 468 924
wdm-wjxjy-800ml 315 570 407 912
wdm-wjxjy-800ml 251 573 356 895
wdm-wjxjy-800ml 198 570 307 883
wdm-wjxjy-800ml 151 570 242 873
wdm-wjxjy-500ml 124 607 195 868
wdm-wjxjy-500ml 81 605 156 858
wdm-wjxjy-500ml 37 605 105 849
cbl-lyxdbj-300g 1078 170 1266 341
cbl-lyxdbj-300g 1078 319 1256 470
cbl-lyxdbj-300g 1249 149 1468 327
cbl-lyxdbj-300g 1249 305 1449 473
cbl-lyxdbj-300g 1456 122 1681 309
cbl-lyxdbj-300g 1446 295 1666 463
cbl-lyxdbj-300g 1676 92 1920 300
cbl-lyxdbj-300g 1661 275 1910 461
