wdm-wjxjy-500ml 533 537 638 817
wdm-wjxjy-500ml 584 552 702 832
wdm-wjxjy-500ml 643 559 767 842
wdm-wjxjy-500ml 711 564 841 861
wdm-wjxjy-800ml 799 517 928 886
wdm-wjxjy-800ml 867 525 1009 908
wdm-wjxjy-800ml 950 534 1106 927
wdm-wjxjy-800ml 1050 532 1202 952
wdm-wjxjy-800ml 1009 20 1153 439
wdm-wjxjy-800ml 1109 1 1267 447
wdm-wjxjy-800ml 1231 1 1404 449
wdm-wjxjy-800ml 1358 1 1533 447
wdm-wjxjy-1L 916 54 1067 432
wdm-wjxjy-1L 848 73 977 439
wdm-wjxjy-1L 726 78 877 434
wdm-cxmc-460ml 641 98 762 430
wdm-spjbsc-500ml 602 125 699 442
wdm-spjbsc-500ml 541 117 641 430
wdm-spjbsc-500ml 480 122 587 432
cbl-lyxtmj-300g 955 1134 1121 1308
cbl-lyxtmj-300g 1084 1173 1262 1354
cbl-lyxdbj-300g 843 1095 989 1256
cbl-lyxdbj-300g 741 1054 882 1205
cbl-lyxdbj-800g 636 991 828 1166
cbl-lyxdbj-800g 528 959 711 1130
cbl-lyxdbj-800g 438 927 602 1081
cbl-hdj-900g 465 603 584 810
