wdm-wjxjy-800ml 198 473 252 635
wdm-wjxjy-800ml 246 471 295 632
wdm-wjxjy-800ml 381 641 430 793
wdm-wjxjy-500ml 423 657 466 793
wdm-wjxjy-500ml 462 654 505 792
wdm-wjxjy-500ml 501 652 543 790
wdm-wjxjy-500ml 539 651 582 789
wdm-wjxjy-800ml 544 810 595 970
wdm-wjxjy-800ml 497 809 547 970
wdm-wjxjy-800ml 450 810 498 968
wdm-wjxjy-800ml 407 809 455 974
wdm-wjxjy-800ml 359 810 410 974
wdm-cxhy-510g 471 489 514 628
wdm-cxhy-510g 507 486 547 628
wdm-cxhy-510g 544 484 584 638
wdm-cxhy-510g 144 487 205 635
wdm-cxhy-510g 81 484 150 639
wdm-qxmc-460ml 294 483 334 635
wdm-qxmc-460ml 329 480 373 634
wdm-wjxjy-1.3L 92 654 160 803
wdm-wjxjy-1.3L 155 647 217 797
wdm-wjxjy-1.3L 213 650 272 797
wdm-wjxjy-1.3L 268 650 329 796
wdm-wjxjy-1.3L 326 647 387 799
wdm-wjxjy-1.8L 95 816 172 990
wdm-wjxjy-1.8L 169 818 239 984
wdm-wjxjy-1.8L 234 819 302 977
wdm-wjxjy-1.8L 298 816 365 981
wdm-zphy-510g 366 492 407 632
wdm-zphy-510g 402 490 440 631
wdm-zphy-510g 436 489 475 632
