wdm-cxmc-1.3L 1368 886 1466 1105
wdm-cxmc-1.3L 1459 883 1563 1105
wdm-wjxjy-1.3L 1281 883 1376 1115
wdm-wjxjy-1.3L 1195 883 1290 1115
wdm-wjxjy-1.8L 1100 866 1200 1120
wdm-wjxjy-1.8L 1003 866 1112 1117
wdm-wjxjy-1.8L 907 866 1017 1112
wdm-wjxjy-1.8L 812 869 917 1110
wdm-wjxjy-1.8L 722 864 820 1112
wdm-wjxjy-1.8L 615 869 724 1112
wdm-wjxjy-1.8L 510 869 624 1117
wdm-wjxjy-1.8L 400 866 515 1120
wdm-wjxjy-1L 378 522 454 778
wdm-wjxjy-1L 446 520 520 786
wdm-wjxjy-1L 510 522 595 793
wdm-wjxjy-1L 588 527 661 791
wdm-wjxjy-1L 654 522 734 788
wdm-wjxjy-1L 722 520 788 781
wdm-btlcjy-1L 781 522 863 778
wdm-btlcjy-500ml 859 552 917 776
wdm-btlcjy-500ml 910 552 976 776
wdm-btlcjy-500ml 971 544 1037 778
wdm-btlcjy-500ml 1029 549 1095 769
wdm-cxhy-510g 1276 544 1337 771
wdm-cxhy-510g 1329 544 1385 786
wdm-zphy-510g 1378 542 1442 771
wdm-zphy-510g 1432 544 1493 771
wdm-cxmc-460ml 1266 215 1342 464
wdm-cxmc-460ml 1327 217 1388 456
wdm-cxmc-460ml 1381 212 1449 466
wdm-qxmc-460ml 1437 215 1498 459
wdm-qxmc-460ml 1490 212 1559 461
wdm-spjbsc-500ml 1210 225 1271 466
wdm-spjbsc-500ml 1137 232 1212 466
wdm-wjxjy-500ml 1085 239 1154 466
wdm-wjxjy-500ml 1027 239 1093 471
wdm-wjxjy-500ml 963 239 1034 471
wdm-wjxjy-800ml 905 200 973 464
wdm-wjxjy-800ml 839 195 910 466
wdm-wjxjy-800ml 778 198 851 464
wdm-wjxjy-800ml 710 200 788 471
wdm-wjxjy-800ml 649 198 720 464
wdm-wjxjy-800ml 581 198 661 469
wdm-wjxjy-800ml 510 191 590 466
wdm-wjxjy-800ml 444 198 522 469
wdm-wjxjy-800ml 373 188 451 473
cbl-lyxdbj-300g 629 1193 722 1276
cbl-lyxdbj-300g 629 1261 720 1337
cbl-lyxdbj-300g 710 1195 803 1286
cbl-lyxdbj-300g 720 1266 790 1339
cbl-lyxdbj-300g 793 1237 888 1339
lyx-tjjy-500ml 1088 537 1151 778
lyx-tjjy-500ml 1146 537 1224 776
lyx-tjjy-500ml 1215 539 1285 783
