cbl-hdj-300g 64 518 356 659
cbl-hdj-300g 76 641 358 768
cbl-hdj-300g 335 530 582 659
cbl-hdj-300g 341 647 582 774
cbl-hdj-500g 256 897 511 1059
cbl-hdj-500g 267 1044 517 1206
cbl-hdj-500g 500 886 697 1039
cbl-hdj-500g 494 1015 694 1177
cbl-lyxdbj-800g 791 574 988 768
cbl-lyxsrdbj-500g 923 483 1094 636
cbl-lyxsrdbj-500g 970 612 1091 759
cbl-lyxsrdbj-500g 1079 494 1200 633
cbl-lyxsrdbj-500g 1076 618 1194 756
cbl-lyxtmj-500g 1170 500 1285 636
cbl-lyxtmj-500g 1170 624 1279 753
cbl-lyxtmj-500g 1258 509 1367 639
cbl-lyxtmj-500g 1253 624 1367 756
cbl-lyxdbj-500g 1344 521 1426 639
cbl-lyxdbj-500g 1335 624 1423 759
cbl-lyxdbj-500g 1403 527 1497 639
cbl-lyxdbj-500g 1394 630 1482 759
cbl-lyxdbj-500g 1470 530 1576 641
cbl-lyxdbj-500g 1458 630 1556 762
cbl-lyxdbj-500g 1179 806 1303 936
cbl-lyxdbj-500g 1179 921 1300 1047
cbl-lyxdbj-500g 1288 800 1403 918
cbl-lyxdbj-500g 1267 909 1394 1050
cbl-lyxtmj-800g 1364 783 1479 903
cbl-lyxtmj-800g 1367 889 1461 1030
cbl-lyxtmj-800g 1450 777 1564 900
cbl-lyxtmj-800g 1438 880 1541 1012
