cbl-lyxtmj-300g 479 77 746 318
cbl-lyxtmj-300g 476 291 749 524
cbl-lyxtmj-300g 738 94 996 339
cbl-lyxtmj-300g 735 306 988 530
cbl-lyxdbj-300g 523 744 779 962
cbl-lyxdbj-300g 526 947 782 1136
cbl-lyxdbj-300g 770 762 1011 968
cbl-lyxdbj-300g 770 953 1014 1144
cbl-lyxdbj-500g 499 1297 758 1539
cbl-lyxdbj-500g 496 1503 752 1744
cbl-lyxdbj-500g 738 1289 996 1521
cbl-lyxdbj-500g 746 1480 996 1715
cbl-lyxdbj-800g 482 1889 796 2209
cbl-lyxdbj-800g 764 1865 1058 2171
cbl-lyxdbj-800g 490 2106 790 2418
cbl-lyxdbj-800g 764 2071 1055 2368
cbl-hdj-300g 964 1797 1226 1941
cbl-hdj-300g 1011 1909 1223 2039
cbl-hdj-300g 1208 1833 1443 1991
cbl-hdj-300g 1020 2024 1311 2230
cbl-hdj-300g 1270 1997 1555 2191
cbl-hdj-300g 1043 2183 1317 2330
cbl-hdj-300g 1293 2168 1564 2283
