cbl-lyxsrdbj-300g 1127 541 1183 605
cbl-lyxsrdbj-300g 1124 595 1176 649
cbl-lyxsrdbj-300g 1171 541 1215 602
cbl-lyxsrdbj-300g 1168 590 1220 649
cbl-lyxtmj-300g 1205 544 1251 602
cbl-lyxtmj-300g 1203 590 1249 641
cbl-lyxtmj-300g 1239 544 1281 602
cbl-lyxtmj-300g 1237 585 1281 641
cbl-lyxdbj-500g 1273 531 1329 585
cbl-lyxdbj-500g 1317 531 1366 588
cbl-lyxdbj-500g 1276 578 1324 631
cbl-lyxdbj-500g 1312 575 1361 634
cbl-lyxtmj-800g 1349 529 1398 585
cbl-lyxtmj-800g 1346 570 1405 624
cbl-lyxtmj-800g 1388 527 1437 578
cbl-lyxtmj-800g 1388 570 1432 631
cbl-lyxdbj-800g 1424 524 1471 578
cbl-lyxdbj-800g 1417 563 1468 627
cbl-lyxdbj-800g 1454 522 1507 578
cbl-lyxdbj-800g 1459 563 1507 622
