cbl-lyxdbj-300g 229 477 479 703
cbl-lyxdbj-300g 217 650 470 859
cbl-lyxdbj-300g 444 503 656 706
cbl-lyxdbj-300g 617 536 794 712
cbl-lyxdbj-300g 626 697 779 841
cbl-lyxtmj-300g 741 550 920 718
cbl-lyxtmj-300g 879 556 1026 727
cbl-lyxtmj-300g 732 697 903 853
cbl-hdj-300g 976 665 1114 765
cbl-hdj-300g 950 739 1108 841
cbl-hdj-300g 1056 594 1244 715
cbl-hdj-300g 1088 689 1235 786
cbl-lyxdbj-500g 1156 562 1320 724
cbl-lyxdbj-500g 1282 586 1388 718
cbl-lyxdbj-800g 1314 556 1461 721
cbl-lyxdbj-800g 1423 589 1532 733
cbl-lyxdbj-800g 1341 700 1429 821
cbl-hdj-900g 1232 939 1344 1159
cbl-hdj-900g 1288 936 1391 1156
wdm-wjxjy-500ml 1153 889 1232 1186
wdm-wjxjy-500ml 1088 903 1170 1197
wdm-wjxjy-500ml 1029 897 1108 1218
wdm-btlcjy-500ml 976 903 1056 1221
wdm-btlcjy-500ml 903 900 1006 1236
wdm-cxmc-460ml 835 909 929 1253
wdm-cxmc-460ml 758 889 858 1277
wdm-cxmc-460ml 717 894 788 1274
wdm-spjbsc-500ml 626 897 726 1306
wdm-spjbsc-500ml 535 918 641 1321
wdm-spjbsc-500ml 432 909 547 1321
wdm-cxhy-510g 344 900 444 1339
wdm-cxhy-510g 244 906 361 1359
wdm-cxhy-510g 123 921 250 1380
wdm-wjxjy-800ml 106 1941 253 2362
wdm-wjxjy-800ml 235 1900 353 2274
wdm-wjxjy-800ml 326 1839 453 2221
wdm-wjxjy-800ml 423 1806 550 2159
wdm-wjxjy-800ml 529 1765 623 2100
wdm-wjxjy-1L 603 1736 714 2065
wdm-wjxjy-1L 697 1706 791 2018
wdm-wjxjy-1L 779 1674 876 1953
wdm-wjxjy-1L 853 1624 932 1912
wdm-cxmc-1.3L 903 1597 1000 1871
wdm-cxmc-1.3L 973 1571 1067 1827
wdm-wjxjy-1.3L 1047 1541 1120 1794
wdm-wjxjy-1.3L 1100 1500 1191 1786
wdm-wjxjy-1.3L 1164 1480 1250 1721
