cbl-lyxtmj-300g 347 1430 485 1547
cbl-lyxtmj-300g 355 1536 494 1644
cbl-lyxtmj-300g 479 1436 617 1542
cbl-lyxtmj-300g 491 1527 614 1639
cbl-lyxdbj-300g 614 1427 732 1530
cbl-lyxdbj-300g 605 1515 741 1633
cbl-lyxdbj-300g 729 1421 855 1527
cbl-lyxdbj-300g 732 1512 867 1627
cbl-lyxdbj-800g 841 1386 1003 1506
cbl-lyxdbj-800g 847 1486 991 1621
cbl-lyxdbj-800g 988 1374 1123 1497
cbl-lyxdbj-800g 988 1483 1123 1609
cbl-hdj-900g 144 1124 276 1344
cbl-hdj-900g 261 1124 397 1342
cbl-hdj-900g 379 1133 500 1344
cbl-hdj-900g 491 1121 611 1342
cbl-hdj-900g 597 1130 705 1330
wdm-wjxjy-1.3L 1097 868 1226 1168
wdm-wjxjy-1.3L 1208 877 1335 1162
wdm-wjxjy-1.3L 1317 877 1444 1162
wdm-wjxjy-800ml 1426 856 1500 1165
wdm-wjxjy-800ml 1494 868 1588 1168
wdm-wjxjy-800ml 1561 874 1647 1168
