lyx-hsjy-500ml 235 212 291 435
lyx-hsjy-500ml 291 214 348 437
lyx-hsjy-500ml 348 212 414 433
lyx-hsjy-500ml 408 206 473 435
lyx-hsjy-500ml 254 466 316 681
lyx-hsjy-500ml 306 458 372 685
lyx-hsjy-500ml 362 458 429 680
lyx-hsjy-500ml 422 460 485 680
lyx-hsjy-500ml 279 701 341 901
lyx-hsjy-500ml 329 703 397 905
lyx-hsjy-500ml 389 703 447 903
lyx-hsjy-500ml 445 705 504 903
lyx-tjyzjy-500ml 470 205 531 428
lyx-tjyzjy-500ml 529 203 595 433
lyx-tjyzjy-500ml 593 195 662 428
lyx-tjyzjy-500ml 658 191 720 426
lyx-tjyzjy-500ml 479 458 545 678
lyx-tjyzjy-500ml 535 458 606 678
lyx-tjyzjy-500ml 604 456 666 674
lyx-tjyzjy-500ml 666 456 731 683
lyx-tjyzjy-500ml 504 706 560 914
lyx-tjyzjy-500ml 558 697 618 905
lyx-tjyzjy-500ml 614 701 673 908
lyx-tjyzjy-500ml 673 699 737 912
lyx-tjjy-500ml 716 187 789 420
lyx-tjjy-500ml 791 183 858 418
lyx-tjjy-500ml 856 178 923 416
lyx-tjjy-500ml 922 170 995 414
lyx-tjjy-500ml 993 168 1060 414
lyx-tjjy-500ml 725 453 789 672
lyx-tjjy-500ml 791 451 852 676
lyx-tjjy-500ml 850 449 916 676
lyx-tjjy-500ml 914 447 985 676
lyx-tjjy-500ml 985 447 1056 674
lyx-tjjy-500ml 731 699 791 906
lyx-tjjy-500ml 787 705 850 910
lyx-tjjy-500ml 850 701 916 912
lyx-tjjy-500ml 916 703 983 916
lyx-tjjy-500ml 981 703 1045 918
lyx-hsjy-1L 298 926 364 1120
lyx-hsjy-1L 354 926 427 1130
lyx-hsjy-1L 414 928 481 1130
lyx-hsjy-1L 470 926 543 1139
lyx-hsjy-1L 533 924 600 1137
lyx-hsjy-1L 591 931 666 1139
lyx-hsjy-1L 295 1153 364 1339
lyx-hsjy-1L 347 1160 423 1345
lyx-hsjy-1L 408 1162 475 1349
lyx-hsjy-1L 460 1164 533 1356
lyx-hsjy-1L 520 1168 587 1358
lyx-hsjy-1L 577 1166 643 1364
lyx-hsjy-1L 114 1374 189 1566
lyx-hsjy-1L 168 1383 243 1578
lyx-hsjy-1L 225 1387 295 1583
lyx-hsjy-1L 281 1391 352 1595
lyx-hsjy-1L 335 1401 410 1597
lyx-hsjy-1L 393 1406 462 1610
lyx-hsjy-1L 452 1412 518 1620
lyx-hsjy-1L 508 1414 581 1618
lyx-hsjy-1L 572 1422 643 1628
lyx-hsjy-1L 629 1428 700 1633
lyx-tjjy-1L 652 935 720 1143
lyx-tjjy-1L 710 941 789 1151
lyx-tjjy-1L 781 939 848 1155
lyx-tjjy-1L 839 943 918 1155
lyx-tjjy-1L 908 947 987 1162
lyx-tjjy-1L 973 947 1047 1166
lyx-tjjy-1L 631 1176 702 1370
lyx-tjjy-1L 695 1183 762 1368
lyx-tjjy-1L 754 1183 831 1381
lyx-tjjy-1L 820 1185 895 1383
lyx-tjjy-1L 887 1189 962 1389
lyx-tjjy-1L 952 1197 1031 1393
lyx-tjjy-1L 687 1435 762 1647
lyx-tjjy-1L 748 1441 827 1653
lyx-tjjy-1L 812 1443 885 1660
lyx-tjjy-1L 877 1451 952 1666
lyx-tjjy-1L 941 1458 1023 1678
