wdm-spjbsc-1.3L 33 385 82 545
wdm-spjbsc-1.3L 63 382 108 545
wdm-wjxjy-1.8L 91 377 136 546
wdm-wjxjy-1.8L 120 368 171 551
wdm-wjxjy-1.8L 146 362 211 551
wdm-wjxjy-1.8L 183 348 246 556
wdm-wjxjy-1.8L 225 345 293 557
wdm-wjxjy-1.8L 288 337 356 560
wdm-wjxjy-1L 340 331 399 557
wdm-wjxjy-1L 391 322 453 563
wdm-wjxjy-1L 446 311 510 566
wdm-wjxjy-1L 488 299 560 569
wdm-wjxjy-1L 551 288 633 572
wdm-wjxjy-1L 611 271 700 572
wdm-wjxjy-1L 688 246 790 571
wdm-wjxjy-1L 771 228 890 576
wdm-wjxjy-1.8L 888 186 1024 572
wdm-wjxjy-1L 579 600 654 876
wdm-wjxjy-1L 645 594 739 896
wdm-wjxjy-1L 726 600 831 919
wdm-btlcjy-1L 823 602 934 939
wdm-cxmc-1.3L 506 597 600 854
wdm-cxmc-1.3L 450 588 534 829
wdm-zplj-450ml 323 574 363 777
wdm-zplj-450ml 417 594 465 811
wdm-zplj-450ml 382 588 425 800
wdm-zplj-450ml 351 577 394 788
wdm-zplj-450ml 293 571 333 772
wdm-zplj-450ml 268 574 302 763
wdm-qxmc-460ml 243 568 280 752
wdm-cxhy-510g 266 792 303 963
wdm-cxhy-510g 290 799 328 971
wdm-cxhy-510g 310 808 353 986
wdm-cxhy-510g 343 819 390 1003
cbl-hdj-900g 376 872 451 1029
cbl-hdj-900g 430 892 505 1052
cbl-lyxdbj-500g 473 892 593 1019
cbl-lyxdbj-500g 474 985 574 1099
cbl-lyxdbj-500g 557 919 696 1056
cbl-lyxdbj-500g 556 1017 665 1146
cbl-lyxtmj-300g 640 997 753 1123
cbl-lyxdbj-300g 722 1037 848 1176
cbl-lyxdbj-300g 719 1129 843 1252
cbl-lyxdbj-300g 819 1157 954 1319
