wdm-wjxjy-500ml 448 462 509 668
wdm-wjxjy-500ml 488 462 554 672
wdm-wjxjy-500ml 546 459 609 672
wdm-wjxjy-500ml 599 457 663 681
wdm-wjxjy-500ml 646 457 709 679
wdm-wjxjy-800ml 695 413 773 685
wdm-wjxjy-800ml 756 415 833 689
wdm-wjxjy-800ml 822 406 892 685
wdm-wjxjy-800ml 877 404 954 694
wdm-wjxjy-800ml 946 402 1033 694
wdm-wjxjy-800ml 1024 396 1103 696
wdm-wjxjy-800ml 1080 387 1171 700
wdm-wjxjy-800ml 1167 394 1252 704
wdm-wjxjy-1.3L 1237 404 1360 711
wdm-wjxjy-1.3L 1354 396 1495 713
wdm-wjxjy-1.3L 1484 387 1631 715
wdm-wjxjy-1.3L 1609 374 1780 721
wdm-wjxjy-1.3L 1754 368 1920 723
