wdm-wjxjy-800ml 30 116 85 297
wdm-wjxjy-800ml 77 119 131 302
wdm-wjxjy-800ml 130 120 185 305
wdm-wjxjy-800ml 183 128 237 314
wdm-wjxjy-800ml 237 132 293 319
wdm-wjxjy-800ml 290 139 340 323
wdm-wjxjy-800ml 348 145 399 326
wdm-wjxjy-800ml 403 148 459 328
wdm-wjxjy-800ml 470 152 525 336
wdm-wjxjy-800ml 523 159 577 340
wdm-wjxjy-800ml 573 163 626 340
wdm-wjxjy-800ml 622 174 673 345
wdm-wjxjy-800ml 670 177 716 348
wdm-wjxjy-800ml 714 185 762 352
wdm-wjxjy-800ml 757 188 810 357
wdm-wjxjy-800ml 802 192 846 362
wdm-wjxjy-800ml 843 196 896 359
wdm-wjxjy-800ml 891 200 937 363
wdm-wjxjy-800ml 934 203 982 365
cbl-hdj-900g 260 388 323 512
cbl-hdj-900g 320 394 379 519
cbl-lyxtmj-300g 399 414 457 466
cbl-lyxtmj-300g 393 462 457 516
cbl-lyxtmj-300g 456 417 517 465
cbl-lyxtmj-300g 454 465 519 520
cbl-lyxtmj-300g 514 419 577 472
cbl-lyxtmj-300g 514 468 574 520
cbl-lyxdbj-300g 31 797 97 856
cbl-lyxdbj-300g 37 849 102 905
cbl-lyxdbj-300g 96 802 162 854
cbl-lyxdbj-300g 99 849 166 903
cbl-lyxdbj-300g 168 797 230 854
cbl-lyxdbj-300g 162 851 234 905
cbl-lyxdbj-500g 242 786 308 849
cbl-lyxdbj-500g 237 839 308 902
cbl-lyxdbj-500g 305 783 368 845
cbl-lyxdbj-500g 300 842 365 899
cbl-lyxdbj-500g 240 577 319 645
cbl-lyxdbj-500g 239 634 317 700
cbl-lyxdbj-500g 316 579 390 646
cbl-lyxdbj-500g 314 639 390 703
cbl-lyxtmj-500g 6 572 90 637
cbl-lyxtmj-500g 5 629 88 697
cbl-lyxtmj-500g 90 572 168 639
cbl-lyxtmj-500g 86 632 166 699
cbl-lyxtmj-500g 165 574 243 637
cbl-lyxtmj-500g 165 637 243 702
wdm-spjbsc-500ml 571 371 614 522
wdm-spjbsc-500ml 610 372 651 522
wdm-spjbsc-500ml 648 374 688 522
wdm-spjbsc-500ml 686 376 728 525
wdm-spjbsc-500ml 726 374 766 529
wdm-spjbsc-500ml 765 380 806 529
wdm-cxhy-510g 802 386 843 528
wdm-cxhy-510g 842 386 882 529
wdm-cxhy-510g 877 388 914 529
wdm-cxhy-510g 911 392 943 531
wdm-cxhy-510g 942 391 977 528
wdm-cxhy-510g 971 392 1005 531
wdm-zphy-510g 383 554 425 702
wdm-zphy-510g 434 552 477 702
wdm-zplj-450ml 482 549 523 699
wdm-zplj-450ml 522 548 560 708
wdm-qxmc-460ml 556 548 596 705
wdm-qxmc-460ml 591 552 628 706
wdm-wjxjy-500ml 737 569 776 706
wdm-wjxjy-500ml 771 569 808 705
wdm-wjxjy-500ml 806 568 845 705
wdm-wjxjy-500ml 840 568 876 705
wdm-wjxjy-500ml 871 569 911 702
wdm-btlcjy-500ml 908 569 948 706
wdm-btlcjy-500ml 945 569 979 706
wdm-btlcjy-500ml 974 572 1014 706
wdm-wjxjy-800ml 376 729 419 900
wdm-wjxjy-800ml 416 734 463 894
wdm-wjxjy-800ml 457 728 497 892
wdm-wjxjy-800ml 496 732 540 889
wdm-wjxjy-800ml 539 734 580 886
wdm-wjxjy-800ml 576 729 623 886
wdm-wjxjy-800ml 619 732 663 885
wdm-wjxjy-800ml 659 726 702 889
wdm-wjxjy-800ml 699 731 740 882
wdm-wjxjy-800ml 739 731 779 880
wdm-wjxjy-800ml 776 731 817 888
wdm-wjxjy-800ml 814 734 854 880
wdm-wjxjy-800ml 850 729 890 882
wdm-wjxjy-800ml 886 725 928 882
wdm-wjxjy-800ml 922 729 962 885
wdm-wjxjy-800ml 960 722 1002 880
wdm-wjxjy-800ml 650 912 696 1059
wdm-wjxjy-800ml 693 914 740 1062
wdm-wjxjy-800ml 736 900 779 1054
wdm-wjxjy-800ml 774 902 822 1062
wdm-wjxjy-800ml 819 903 863 1052
wdm-wjxjy-800ml 859 902 906 1048
wdm-wjxjy-800ml 902 899 940 1051
wdm-wjxjy-800ml 940 892 980 1046
wdm-spjbsc-1.3L 594 923 653 1063
wdm-spjbsc-1.3L 542 920 600 1066
wdm-cxmc-1.3L 365 1109 437 1272
wdm-cxmc-1.3L 433 1103 493 1257
wdm-wjxjy-1.3L 486 1108 550 1266
wdm-wjxjy-1.3L 543 1099 603 1256
wdm-wjxjy-1.8L 868 1068 936 1219
wdm-wjxjy-1.8L 928 1062 983 1217
