wdm-wjxjy-800ml 283 479 372 725
wdm-wjxjy-800ml 351 472 431 722
wdm-wjxjy-800ml 418 475 501 716
wdm-wjxjy-800ml 487 470 564 710
wdm-wjxjy-800ml 553 472 626 702
wdm-wjxjy-500ml 612 504 681 704
wdm-wjxjy-500ml 666 499 731 695
wdm-wjxjy-500ml 720 493 791 691
wdm-qxmc-460ml 770 481 837 691
wdm-qxmc-460ml 822 475 883 695
wdm-wjxjy-1.3L 368 764 472 993
wdm-wjxjy-1.3L 456 760 554 985
wdm-wjxjy-1.3L 545 754 633 974
cbl-lyxdbj-300g 1231 787 1314 864
cbl-lyxdbj-300g 1237 847 1320 916
cbl-lyxdbj-300g 1303 789 1387 858
cbl-lyxdbj-300g 1310 849 1387 914
