lyx-hsjy-500ml 542 82 605 362
lyx-hsjy-500ml 599 71 673 366
lyx-hsjy-500ml 673 72 746 369
lyx-tjjy-500ml 746 71 828 369
lyx-tjjy-500ml 823 63 916 368
lyx-tjyzjy-500ml 177 403 254 659
lyx-tjyzjy-500ml 248 406 326 656
lyx-nmzyjy-380ml 314 419 380 659
lyx-nmzyjy-380ml 377 417 445 662
lyx-nmzyjy-380ml 439 422 508 662
lyx-tjjy-500ml 502 409 574 666
lyx-tjjy-500ml 573 411 646 668
lyx-tjjy-500ml 646 412 719 669
lyx-tjjy-500ml 716 414 791 669
lyx-tjjy-500ml 494 694 563 912
lyx-tjjy-500ml 562 694 630 914
lyx-tjjy-500ml 626 697 693 917
lyx-tjjy-500ml 691 702 759 922
lyx-tjjy-500ml 757 705 830 916
lyx-hsjy-1L 162 688 245 896
lyx-hsjy-1L 228 688 313 900
lyx-hsjy-1L 302 692 382 903
wdm-spjbsc-1.3L 100 925 188 1096
wdm-spjbsc-1.3L 180 936 259 1096
wdm-spjbsc-1.3L 254 942 336 1109
