wdm-btlcjy-1L 235 212 388 800
wdm-btlcjy-1L 344 224 514 803
wdm-btlcjy-1L 497 250 650 797
wdm-btlcjy-1L 620 277 732 789
wdm-btlcjy-500ml 691 333 817 789
wdm-btlcjy-500ml 788 350 894 794
wdm-cxmc-460ml 876 333 953 780
wdm-cxmc-460ml 929 327 1038 777
wdm-wjxjy-500ml 1008 380 1100 774
wdm-wjxjy-500ml 1073 389 1155 774
wdm-wjxjy-500ml 1132 403 1220 774
wdm-wjxjy-500ml 1200 415 1291 762
wdm-wjxjy-500ml 1264 412 1344 765
wdm-wjxjy-500ml 1326 427 1408 759
wdm-wjxjy-500ml 1379 433 1453 753
wdm-wjxjy-800ml 1347 1174 1432 1489
wdm-wjxjy-800ml 1288 1180 1376 1509
wdm-wjxjy-800ml 1241 1200 1314 1530
wdm-wjxjy-800ml 1188 1218 1264 1559
wdm-wjxjy-800ml 1150 1227 1226 1594
wdm-wjxjy-800ml 1067 1247 1170 1639
wdm-wjxjy-800ml 1000 1274 1088 1659
wdm-wjxjy-800ml 938 1292 1038 1694
wdm-wjxjy-800ml 861 1309 979 1730
wdm-spjbsc-500ml 303 889 403 1356
wdm-spjbsc-500ml 373 883 526 1339
wdm-spjbsc-500ml 482 874 623 1303
wdm-cxhy-510g 582 865 700 1286
wdm-cxhy-510g 670 862 779 1271
wdm-cxhy-510g 753 850 861 1247
wdm-cxhy-510g 832 850 920 1230
wdm-cxhy-510g 894 839 985 1218
wdm-zphy-510g 958 842 1032 1200
wdm-zphy-510g 1011 824 1088 1186
wdm-zphy-510g 1070 827 1150 1168
wdm-wjxjy-1L 770 1368 879 1762
wdm-wjxjy-1L 658 1383 788 1812
wdm-wjxjy-1L 567 1421 694 1853
wdm-wjxjy-1L 464 1465 600 1918
wdm-wjxjy-1L 355 1489 497 1977
wdm-wjxjy-1.8L 400 2042 553 2474
wdm-wjxjy-1.8L 503 1962 679 2365
wdm-wjxjy-1.8L 632 1900 797 2265
wdm-wjxjy-1.8L 744 1842 873 2150
wdm-wjxjy-1.8L 864 1777 1003 2118
wdm-wjxjy-1.3L 970 1730 1076 2027
wdm-wjxjy-1.3L 1058 1677 1167 1971
wdm-wjxjy-1.3L 1144 1650 1255 1930
wdm-wjxjy-1.3L 1232 1592 1338 1894
wdm-wjxjy-1.3L 1297 1568 1382 1839
lyx-tjjy-500ml 1126 818 1197 1159
lyx-tjjy-500ml 1170 812 1244 1142
lyx-tjjy-500ml 1223 812 1311 1130
lyx-hsjy-500ml 1279 812 1361 1115
lyx-hsjy-500ml 1338 803 1414 1106
