cbl-lyxdbj-300g 456 268 608 400
cbl-lyxdbj-300g 323 239 476 383
cbl-lyxdbj-300g 326 362 485 500
cbl-lyxdbj-300g 461 386 620 518
cbl-lyxdbj-500g 161 177 338 356
cbl-lyxdbj-500g 164 318 344 486
cbl-lyxdbj-500g 1 136 179 315
cbl-lyxdbj-500g 1 291 182 462
cbl-lyxtmj-300g 597 289 744 421
cbl-lyxtmj-300g 600 397 750 533
cbl-lhdj-900g 714 291 829 550
cbl-lhdj-900g 806 312 932 556
cbl-hdj-900g 903 333 1017 571
wdm-btlcjy-500ml 570 668 676 994
wdm-btlcjy-500ml 479 659 585 991
wdm-wjxjy-800ml 379 594 494 997
wdm-wjxjy-800ml 261 583 397 1000
wdm-wjxjy-800ml 156 568 300 1003
wdm-wjxjy-800ml 35 556 182 1006
wdm-cxhy-510g 1741 762 1791 989
wdm-cxhy-510g 1776 762 1835 1000
wdm-spjbsc-500ml 1708 753 1758 1000
wdm-spjbsc-500ml 1682 747 1723 1006
