cbl-lyxdbj-300g 911 380 1091 533
cbl-lyxdbj-300g 908 506 1085 647
cbl-lyxdbj-300g 1082 383 1247 533
cbl-lyxdbj-300g 1073 515 1241 659
cbl-lyxdbj-300g 1232 391 1391 544
cbl-lyxdbj-300g 1226 524 1382 656
cbl-lyxdbj-300g 1373 406 1541 550
cbl-lyxdbj-300g 1358 530 1523 653
cbl-hdj-900g 1497 389 1635 665
cbl-hdj-900g 1588 391 1753 668
cbl-hdj-900g 1714 397 1873 665
wdm-wjxjy-500ml 988 1794 1085 2106
wdm-wjxjy-500ml 897 1794 1003 2115
wdm-wjxjy-800ml 732 1756 847 2133
wdm-wjxjy-800ml 620 1762 744 2144
wdm-wjxjy-800ml 517 1780 641 2153
wdm-wjxjy-800ml 406 1783 523 2171
wdm-wjxjy-800ml 288 1789 423 2183
