wdm-wjxjy-500ml 523 183 685 636
wdm-wjxjy-500ml 667 180 794 639
wdm-wjxjy-500ml 808 144 938 636
wdm-wjxjy-500ml 764 168 876 639
cbl-lyxtmj-300g 994 1050 1173 1212
cbl-lyxtmj-300g 988 1189 1185 1339
cbl-lyxtmj-300g 1094 915 1276 1059
cbl-lyxtmj-500g 1314 824 1529 997
cbl-lyxtmj-500g 1138 818 1320 983
cbl-lyxtmj-500g 1314 962 1523 1133
cbl-lyxdbj-300g 814 930 997 1089
cbl-lyxdbj-300g 805 1050 994 1209
cbl-lyxdbj-300g 805 1165 982 1324
cbl-lyxdbj-300g 873 800 1047 953
cbl-lyxdbj-500g 620 836 838 1018
cbl-lyxdbj-500g 611 989 829 1156
cbl-lyxdbj-500g 629 1127 820 1297
