wdm-wjxjy-800ml 210 272 250 449
wdm-wjxjy-800ml 240 271 288 449
wdm-wjxjy-800ml 280 265 336 449
wdm-wjxjy-800ml 328 254 380 452
wdm-wjxjy-800ml 370 251 417 449
wdm-wjxjy-800ml 408 248 462 446
wdm-wjxjy-800ml 451 243 510 449
wdm-wjxjy-800ml 510 239 566 443
wdm-wjxjy-800ml 550 231 613 440
wdm-wjxjy-800ml 611 225 673 437
wdm-wjxjy-800ml 663 217 728 439
wdm-wjxjy-800ml 716 206 783 437
wdm-wjxjy-800ml 774 205 846 437
wdm-wjxjy-800ml 840 191 910 431
wdm-wjxjy-800ml 900 185 974 428
wdm-wjxjy-800ml 925 8 994 220
wdm-wjxjy-800ml 862 22 930 225
wdm-wjxjy-800ml 799 31 865 231
wdm-wjxjy-800ml 743 43 810 234
wdm-wjxjy-800ml 688 51 748 246
wdm-wjxjy-800ml 634 63 693 252
wdm-wjxjy-800ml 580 74 645 259
wdm-wjxjy-800ml 534 74 594 259
wdm-wjxjy-800ml 496 86 545 263
wdm-wjxjy-800ml 448 91 499 269
wdm-wjxjy-800ml 399 99 454 265
wdm-wjxjy-800ml 359 108 410 283
wdm-wjxjy-800ml 322 119 366 285
wdm-wjxjy-800ml 291 128 331 274
wdm-wjxjy-800ml 239 122 294 269
wdm-wjxjy-800ml 11 209 50 352
wdm-wjxjy-800ml 42 203 80 340
wdm-wjxjy-800ml 73 200 113 336
wdm-btlcjy-500ml 91 485 125 614
wdm-btlcjy-500ml 114 483 151 614
wdm-btlcjy-500ml 137 482 179 617
wdm-btlcjy-500ml 170 482 217 619
lyx-tjjy-500ml 208 477 250 623
lyx-tjjy-500ml 242 472 283 628
lyx-tjjy-500ml 280 472 322 632
lyx-tjjy-500ml 220 643 259 799
lyx-tjjy-500ml 253 649 288 799
lyx-tjjy-500ml 286 654 326 802
wdm-wjxjy-500ml 313 479 356 637
wdm-wjxjy-500ml 350 482 394 636
wdm-wjxjy-500ml 386 479 433 642
wdm-wjxjy-500ml 426 477 471 645
wdm-wjxjy-1L 319 656 371 817
wdm-wjxjy-1L 363 659 410 817
wdm-wjxjy-1L 399 662 454 828
wdm-wjxjy-1L 446 663 499 829
wdm-wjxjy-800ml 463 462 514 648
wdm-wjxjy-800ml 508 460 565 651
wdm-wjxjy-800ml 556 462 610 651
wdm-wjxjy-800ml 603 460 663 649
wdm-wjxjy-800ml 479 663 537 836
wdm-wjxjy-800ml 530 669 590 842
wdm-wjxjy-800ml 582 674 640 848
wdm-wjxjy-800ml 631 676 699 851
wdm-btlcjy-1L 76 634 116 779
wdm-btlcjy-1L 108 640 148 785
wdm-btlcjy-1L 143 642 183 792
wdm-btlcjy-1L 173 639 222 799
lyx-tjjy-1L 214 826 262 982
lyx-tjjy-1L 256 832 302 996
lyx-tjjy-1L 297 840 340 1003
wdm-wjxjy-1.3L 688 679 770 869
wdm-wjxjy-1.3L 760 679 843 879
wdm-wjxjy-1.3L 833 691 920 892
wdm-wjxjy-1.8L 740 903 833 1106
wdm-wjxjy-1.8L 822 917 917 1122
