wdm-wjxjy-500ml 17 312 111 624
wdm-wjxjy-500ml 96 315 188 624
wdm-wjxjy-500ml 170 309 261 618
wdm-wjxjy-500ml 252 303 335 609
wdm-wjxjy-500ml 329 300 426 609
wdm-btlcjy-500ml 414 253 520 618
wdm-btlcjy-500ml 511 241 620 609
wdm-btlcjy-500ml 611 241 711 609
wdm-btlcjy-500ml 705 227 820 600
lyx-tjjy-500ml 811 212 923 597
lyx-tjjy-500ml 917 200 1035 589
lyx-tjjy-500ml 1026 189 1140 589
wdm-qxmc-460ml 1126 171 1240 589
wdm-qxmc-460ml 1235 168 1338 594
wdm-qxmc-460ml 1332 159 1446 594
wdm-wjxjy-500ml 85 703 188 1039
wdm-wjxjy-500ml 170 697 282 1041
wdm-wjxjy-500ml 270 700 376 1047
wdm-wjxjy-500ml 364 697 461 1050
wdm-wjxjy-500ml 458 694 567 1050
wdm-wjxjy-800ml 114 1091 229 1444
wdm-wjxjy-800ml 211 1094 326 1450
wdm-wjxjy-800ml 311 1094 423 1453
wdm-wjxjy-800ml 411 1097 529 1453
wdm-wjxjy-800ml 511 1097 623 1456
wdm-wjxjy-800ml 611 1097 729 1459
wdm-wjxjy-800ml 714 1100 823 1456
wdm-wjxjy-800ml 129 1491 252 1806
wdm-wjxjy-800ml 238 1500 361 1815
wdm-wjxjy-800ml 352 1506 467 1809
wdm-wjxjy-800ml 452 1497 573 1818
wdm-wjxjy-1L 561 1512 682 1824
wdm-wjxjy-1L 667 1503 779 1833
wdm-wjxjy-1L 767 1512 879 1839
wdm-wjxjy-1L 867 1521 985 1844
wdm-btlcjy-500ml 808 1097 932 1465
wdm-btlcjy-500ml 926 1103 1049 1465
wdm-spjbsc-1.3L 979 1524 1123 1850
wdm-spjbsc-1.3L 1114 1524 1258 1868
wdm-spjbsc-1.3L 1252 1533 1405 1868
wdm-cxmc-1.3L 1393 1527 1546 1868
wdm-cxmc-1.3L 1535 1539 1699 1886
wdm-spjbsc-1.3L 946 1906 1099 2271
wdm-spjbsc-1.3L 1088 1915 1249 2286
wdm-spsc-2L 1238 1924 1402 2303
wdm-spsc-2L 1385 1933 1558 2300
wdm-spsc-2L 1543 1939 1714 2312
wdm-wjxjy-1.8L 523 1889 673 2230
wdm-wjxjy-1.8L 658 1891 814 2247
wdm-wjxjy-1.8L 799 1897 958 2265
wdm-wjxjy-1.3L 399 1894 538 2236
wdm-wjxjy-1.3L 273 1889 414 2221
wdm-wjxjy-1.3L 138 1874 290 2209
wdm-zplj-450ml 1032 1100 1132 1471
wdm-zplj-450ml 1120 1103 1220 1471
wdm-zplj-450ml 1214 1103 1311 1474
wdm-zplj-450ml 1308 1100 1408 1477
wdm-cxhy-510g 1405 1109 1514 1480
wdm-cxhy-510g 1502 1118 1599 1471
wdm-cxhy-510g 1590 1115 1696 1477
wdm-spjbsc-500ml 555 680 661 1041
wdm-spjbsc-500ml 652 674 755 1050
wdm-spjbsc-500ml 746 674 849 1050
lyx-tjyzjy-500ml 846 668 955 1044
lyx-tjyzjy-500ml 952 665 1064 1050
wdm-cxmc-460ml 1055 650 1158 1039
wdm-cxmc-460ml 1149 650 1252 1047
wdm-cxmc-460ml 1243 647 1352 1050
wdm-cxmc-460ml 1343 639 1452 1041
wdm-zphy-510g 1443 662 1538 1039
wdm-zphy-510g 1532 653 1638 1053
wdm-zphy-510g 1626 656 1729 1047
