cbl-hdj-900g 1641 1403 1894 1827
cbl-hdj-900g 1461 1392 1688 1821
cbl-hdj-900g 1282 1406 1500 1812
cbl-hdj-900g 1111 1412 1317 1809
cbl-hdj-900g 932 1406 1147 1809
cbl-hdj-900g 758 1412 973 1812
cbl-hdj-900g 588 1415 820 1824
cbl-hdj-900g 408 1415 650 1812
cbl-hdj-900g 235 1436 464 1839
cbl-hdj-900g 67 1430 308 1830
cbl-hdj-900g 1600 1903 1805 2224
cbl-hdj-900g 1432 1903 1629 2212
cbl-hdj-900g 1261 1906 1450 2212
cbl-hdj-900g 1105 1909 1288 2212
cbl-hdj-900g 950 1909 1138 2230
cbl-hdj-900g 797 1906 994 2212
cbl-hdj-900g 653 1900 844 2209
cbl-hdj-900g 491 1909 700 2224
cbl-hdj-900g 335 1909 544 2197
cbl-hdj-900g 176 1903 391 2209
