cbl-lhdj-900g 935 1265 1100 1509
cbl-lhdj-900g 1035 1306 1206 1541
cbl-hdj-900g 850 1233 1008 1459
cbl-hdj-900g 726 1174 891 1400
cbl-hdj-900g 461 1080 608 1303
cbl-lyxdbj-800g 1485 1062 1691 1271
cbl-lyxdbj-500g 1326 1003 1520 1203
cbl-lyxdbj-500g 1282 1106 1467 1303
cbl-lyxdbj-300g 1197 977 1353 1147
cbl-lyxdbj-300g 1032 1027 1185 1183
cbl-lyxdbj-300g 1082 894 1226 1053
cbl-lyxdbj-300g 447 718 606 880
cbl-lyxsrdbj-300g 576 771 726 924
cbl-lyxsrdbj-300g 697 824 844 968
cbl-lyxtmj-300g 820 856 967 1021
cbl-lyxtmj-300g 938 906 1097 1074
wdm-wjxjy-800ml 541 139 700 568
wdm-wjxjy-800ml 641 189 806 600
wdm-wjxjy-800ml 741 215 941 630
wdm-wjxjy-800ml 832 241 1029 691
wdm-spjbsc-500ml 1256 418 1461 850
wdm-cxhy-510g 1420 518 1647 912
wdm-cxhy-510g 1529 562 1750 947
wdm-cxhy-510g 1606 586 1838 968
