cbl-lyxdbj-300g 382 254 477 330
cbl-lyxdbj-300g 390 320 477 383
cbl-lyxdbj-300g 468 252 555 330
cbl-lyxdbj-300g 465 320 565 386
cbl-lyxdbj-300g 548 256 636 330
cbl-lyxdbj-300g 553 317 638 386
cbl-lyxdbj-300g 629 254 711 327
cbl-lyxdbj-300g 631 320 711 383
cbl-lyxdbj-500g 704 242 790 322
cbl-lyxdbj-500g 707 312 792 383
cbl-lyxdbj-500g 782 247 863 322
cbl-lyxdbj-500g 785 315 868 386
cbl-lyxdbj-500g 853 247 936 320
cbl-lyxdbj-500g 855 312 936 391
cbl-lyxdbj-500g 931 242 1014 320
cbl-lyxdbj-500g 933 312 1014 383
cbl-lyxdbj-800g 755 422 843 498
cbl-lyxdbj-800g 763 488 846 566
cbl-lyxdbj-800g 841 420 933 498
cbl-lyxdbj-800g 846 488 936 559
cbl-lyxdbj-800g 929 417 1016 495
cbl-lyxdbj-800g 929 483 1016 564
wdm-cxmc-1.3L 1460 117 1536 308
wdm-cxmc-1.3L 1382 117 1468 305
wdm-cxmc-1.3L 1314 112 1397 303
wdm-cxmc-1.3L 1236 112 1326 305
wdm-cxmc-1.3L 1168 112 1246 305
wdm-wjxjy-1.3L 1099 110 1182 312
wdm-wjxjy-1.3L 1014 100 1111 308
wdm-cxmc-1.3L 1007 325 1097 517
wdm-cxmc-1.3L 1090 327 1175 522
wdm-cxmc-1.3L 1165 325 1236 520
wdm-cxmc-1.3L 1229 332 1307 512
wdm-wjxjy-1.3L 1292 337 1358 515
wdm-wjxjy-1.3L 1346 337 1421 512
wdm-wjxjy-1.3L 1404 337 1465 510
wdm-wjxjy-1.3L 1458 332 1526 505
wdm-wjxjy-1.3L 1516 334 1597 508
wdm-wjxjy-800ml 1011 534 1077 722
wdm-wjxjy-800ml 1065 534 1126 720
wdm-wjxjy-800ml 1111 530 1168 717
wdm-wjxjy-800ml 1158 534 1211 710
wdm-wjxjy-800ml 1202 527 1260 710
wdm-cxmc-460ml 1380 520 1433 700
wdm-cxmc-460ml 1426 527 1480 703
wdm-cxmc-460ml 1472 527 1529 700
wdm-qxmc-460ml 1514 520 1563 695
wdm-qxmc-460ml 1551 520 1599 693
wdm-spjbsc-500ml 1585 525 1633 691
wdm-spjbsc-500ml 1629 522 1675 693
wdm-btlcjy-500ml 1158 734 1211 900
wdm-btlcjy-500ml 1204 732 1248 893
wdm-cxhy-510g 1402 717 1443 883
wdm-cxhy-510g 1436 715 1480 871
wdm-btlcjy-1L 1470 705 1519 881
wdm-btlcjy-1L 1514 693 1563 861
wdm-btlcjy-1L 1558 695 1609 866
wdm-btlcjy-1L 1602 691 1653 856
wdm-btlcjy-1L 1643 688 1692 856
wdm-wjxjy-1L 1024 937 1080 1127
wdm-wjxjy-1L 1072 934 1129 1117
wdm-wjxjy-1L 1119 925 1170 1110
wdm-wjxjy-500ml 1243 730 1292 888
wdm-wjxjy-500ml 1287 730 1333 888
wdm-wjxjy-800ml 1165 912 1226 1110
wdm-wjxjy-800ml 1216 908 1265 1100
wdm-wjxjy-800ml 1260 908 1321 1088
wdm-wjxjy-800ml 1311 903 1368 1088
wdm-wjxjy-800ml 1360 898 1414 1083
wdm-wjxjy-800ml 1404 895 1455 1071
wdm-wjxjy-800ml 1451 888 1514 1069
wdm-wjxjy-800ml 1497 883 1553 1056
wdm-zphy-510g 1324 725 1375 891
wdm-zphy-510g 1363 717 1407 886
