wdm-wjxjy-1L 1338 268 1426 694
wdm-wjxjy-1L 1282 256 1385 677
wdm-wjxjy-1L 1238 242 1329 692
wdm-wjxjy-1L 1150 224 1261 692
wdm-wjxjy-1L 1067 206 1176 686
wdm-btlcjy-500ml 1011 242 1120 689
wdm-btlcjy-500ml 926 221 1026 712
wdm-cxmc-460ml 841 162 950 712
wdm-cxmc-460ml 770 144 864 706
wdm-cxmc-460ml 664 115 803 718
wdm-qxmc-460ml 567 94 720 721
wdm-qxmc-460ml 479 71 617 694
wdm-qxmc-460ml 385 36 532 692
wdm-cxhy-510g 391 892 544 1403
wdm-cxhy-510g 482 874 611 1362
wdm-zphy-510g 582 880 717 1344
wdm-zphy-510g 682 862 794 1312
wdm-spjbsc-500ml 455 1512 594 1942
wdm-spjbsc-500ml 547 1477 667 1889
wdm-spjbsc-500ml 623 1447 758 1850
wdm-wjxjy-500ml 764 868 888 1300
wdm-wjxjy-500ml 853 853 961 1271
wdm-wjxjy-500ml 932 839 1029 1236
wdm-wjxjy-800ml 1020 756 1176 1203
wdm-wjxjy-800ml 1123 750 1217 1171
wdm-wjxjy-800ml 1185 736 1276 1162
wdm-wjxjy-800ml 1244 718 1335 1142
wdm-wjxjy-800ml 1303 727 1385 1115
wdm-wjxjy-800ml 853 1309 973 1703
wdm-wjxjy-800ml 944 1286 1044 1668
wdm-wjxjy-800ml 1017 1262 1103 1630
