lyx-tjyzjy-500ml 66 185 150 422
lyx-tjyzjy-500ml 137 186 226 436
lyx-tjyzjy-500ml 199 188 283 434
lyx-tjyzjy-500ml 262 192 336 436
lyx-tjyzjy-500ml 322 194 399 437
lyx-tjyzjy-500ml 394 196 460 442
lyx-tjyzjy-500ml 451 194 520 439
lyx-tjyzjy-500ml 516 197 585 443
lyx-tjyzjy-500ml 514 457 573 651
lyx-tjyzjy-500ml 457 459 520 656
lyx-tjyzjy-500ml 402 459 468 656
lyx-tjyzjy-500ml 345 457 413 654
lyx-tjyzjy-500ml 285 456 359 654
lyx-tjyzjy-500ml 222 457 302 657
lyx-tjyzjy-500ml 168 452 242 654
lyx-tjyzjy-500ml 103 452 185 657
lyx-hsjy-1L 128 657 205 831
lyx-hsjy-1L 190 659 268 832
lyx-hsjy-1L 250 656 325 831
lyx-hsjy-1L 311 654 383 831
lyx-hsjy-1L 368 657 443 831
lyx-hsjy-1L 431 652 502 832
lyx-hsjy-1L 488 651 562 831
lyx-hsjy-1L 159 834 237 982
lyx-hsjy-1L 216 837 290 976
lyx-hsjy-1L 270 831 345 969
lyx-hsjy-1L 326 828 383 972
lyx-hsjy-1L 370 820 434 971
lyx-hsjy-1L 426 825 486 972
lyx-hsjy-1L 479 828 533 968
