wdm-btlcjy-1L 1 216 39 373
wdm-btlcjy-1L 34 211 87 376
wdm-btlcjy-1L 84 213 136 376
wdm-wjxjy-1.3L 128 211 206 379
wdm-wjxjy-1.3L 200 211 275 381
wdm-wjxjy-1.3L 271 211 350 382
wdm-wjxjy-1.3L 344 219 425 387
wdm-wjxjy-1.3L 425 216 510 386
wdm-wjxjy-1.8L 371 405 451 584
wdm-wjxjy-1.8L 445 405 519 587
wdm-wjxjy-1.8L 515 402 589 589
wdm-cxhy-510g 218 422 259 578
wdm-cxhy-510g 253 425 294 578
wdm-cxhy-510g 294 428 333 584
wdm-cxhy-510g 330 425 374 579
wdm-wjxjy-1.3L 774 426 842 601
wdm-wjxjy-1.3L 836 437 903 601
wdm-wjxjy-1.3L 901 434 969 607
wdm-wjxjy-1.3L 965 434 1036 602
wdm-wjxjy-1.3L 1031 437 1100 608
wdm-cxmc-1.3L 586 429 653 595
wdm-cxmc-1.3L 650 432 713 595
wdm-cxmc-1.3L 712 434 780 593
wdm-wjxjy-1L 510 222 569 387
wdm-wjxjy-1L 569 225 619 392
wdm-wjxjy-1L 615 217 668 389
wdm-wjxjy-1L 665 225 719 396
wdm-wjxjy-1L 715 231 766 398
wdm-wjxjy-1L 762 225 816 401
wdm-wjxjy-1L 815 232 868 399
wdm-wjxjy-1L 865 225 921 404
wdm-wjxjy-1L 916 228 969 407
wdm-wjxjy-1L 969 226 1022 404
wdm-wjxjy-1L 1016 229 1074 407
wdm-wjxjy-1L 1072 234 1127 407
wdm-wjxjy-1L 1124 232 1181 405
wdm-wjxjy-500ml 1191 252 1242 408
wdm-wjxjy-500ml 1241 249 1287 401
wdm-wjxjy-500ml 1286 249 1337 402
wdm-wjxjy-500ml 1330 252 1365 404
wdm-wjxjy-800ml 1095 426 1151 613
wdm-wjxjy-800ml 1150 426 1203 610
wdm-wjxjy-800ml 1198 428 1254 607
wdm-wjxjy-800ml 1248 434 1309 617
wdm-wjxjy-800ml 1309 437 1365 605
