wdm-wjxjy-500ml 350 363 406 563
wdm-wjxjy-500ml 394 373 445 561
wdm-wjxjy-500ml 438 373 487 551
wdm-wjxjy-500ml 470 373 526 566
wdm-wjxjy-500ml 516 373 570 566
wdm-wjxjy-500ml 560 375 616 573
wdm-wjxjy-800ml 604 346 670 588
wdm-wjxjy-800ml 658 341 726 583
wdm-wjxjy-800ml 709 344 780 590
wdm-wjxjy-800ml 765 346 836 600
wdm-wjxjy-800ml 819 339 892 607
wdm-wjxjy-800ml 877 346 953 607
wdm-wjxjy-1.3L 941 358 1048 612
wdm-wjxjy-1.3L 1023 358 1138 631
wdm-wjxjy-1.3L 1114 353 1231 634
wdm-zphy-510g 360 592 411 783
wdm-zphy-510g 397 595 445 785
wdm-zphy-510g 428 597 487 802
wdm-spjbsc-500ml 475 600 531 807
wdm-spjbsc-500ml 511 612 575 809
wdm-spjbsc-500ml 553 614 616 819
wdm-spjbsc-500ml 597 617 655 829
wdm-qxmc-460ml 643 614 709 831
wdm-qxmc-460ml 689 619 743 841
wdm-qxmc-460ml 728 622 789 856
wdm-qxmc-460ml 775 627 838 853
wdm-btlcjy-500ml 823 646 892 856
wdm-btlcjy-500ml 877 651 945 873
wdm-btlcjy-500ml 928 656 1002 873
wdm-btlcjy-500ml 987 663 1060 897
wdm-wjxjy-1.3L 1067 649 1187 914
