wdm-qxmc-460ml 11 99 107 458
wdm-cxhy-510g 47 468 139 752
wdm-cxhy-510g 108 465 198 736
wdm-spjbsc-500ml 323 461 381 689
wdm-spjbsc-500ml 365 467 417 681
wdm-wjxjy-500ml 397 460 439 668
wdm-wjxjy-500ml 430 467 479 660
wdm-wjxjy-500ml 465 464 511 652
wdm-wjxjy-500ml 492 465 537 648
wdm-wjxjy-500ml 526 464 565 638
wdm-wjxjy-500ml 553 458 587 632
wdm-wjxjy-500ml 575 461 616 621
wdm-wjxjy-500ml 605 461 643 619
wdm-wjxjy-500ml 630 460 655 623
wdm-wjxjy-500ml 649 460 679 609
wdm-wjxjy-800ml 79 90 176 448
wdm-wjxjy-800ml 155 112 244 454
wdm-wjxjy-800ml 224 129 301 451
wdm-wjxjy-800ml 272 147 340 452
wdm-wjxjy-800ml 324 160 395 448
wdm-wjxjy-800ml 375 176 440 447
wdm-wjxjy-800ml 414 193 475 451
wdm-wjxjy-800ml 452 205 507 448
wdm-wjxjy-800ml 487 218 537 447
wdm-wjxjy-800ml 521 228 572 448
wdm-wjxjy-800ml 553 232 602 448
wdm-wjxjy-800ml 585 245 624 450
wdm-wjxjy-800ml 16 806 120 1147
wdm-wjxjy-800ml 91 786 185 1109
wdm-wjxjy-800ml 152 768 236 1067
wdm-wjxjy-800ml 211 754 294 1036
wdm-wjxjy-800ml 271 728 349 1010
wdm-wjxjy-800ml 326 716 392 983
wdm-wjxjy-800ml 372 705 433 952
wdm-wjxjy-800ml 408 694 472 932
wdm-wjxjy-1.3L 440 700 504 907
wdm-wjxjy-1.3L 479 689 543 884
wdm-wjxjy-1.3L 520 679 572 860
wdm-wjxjy-1.3L 560 668 610 842
wdm-wjxjy-1.3L 582 655 631 821
wdm-wjxjy-1L 616 255 669 457
wdm-wjxjy-1L 649 261 694 451
wdm-zphy-510g 176 474 250 718
wdm-zphy-510g 229 467 294 705
wdm-zphy-510g 282 467 334 696
