wdm-wjxjy-1.8L 467 143 598 485
wdm-wjxjy-1.8L 592 132 726 485
wdm-wjxjy-1.8L 716 121 856 483
wdm-wjxjy-1.8L 847 115 984 481
wdm-wjxjy-1L 984 154 1079 477
wdm-wjxjy-1L 1065 141 1164 477
wdm-wjxjy-1L 1160 126 1267 477
wdm-btlcjy-1L 1264 124 1373 471
wdm-btlcjy-1L 1369 111 1486 468
wdm-btlcjy-1L 1477 109 1586 466
wdm-btlcjy-1L 1579 105 1698 468
cbl-lyxtmj-300g 1271 715 1381 817
cbl-lyxtmj-300g 1181 798 1311 909
cbl-lyxdbj-300g 1060 711 1181 807
cbl-lyxdbj-300g 1058 798 1182 902
cbl-lyxdbj-300g 941 702 1058 805
cbl-lyxdbj-300g 945 790 1060 894
cbl-lyxtmj-500g 813 654 960 779
cbl-lyxtmj-500g 811 764 950 881
cbl-lyxtmj-500g 667 653 818 773
cbl-lyxtmj-500g 669 760 815 877
cbl-lyxtmj-500g 518 651 675 771
cbl-lyxtmj-500g 524 749 671 875
cbl-lyxdbj-500g 371 653 528 768
cbl-lyxdbj-500g 377 749 528 873
cbl-lyxdbj-500g 247 656 381 766
cbl-lyxdbj-500g 245 754 390 868
cbl-lyxdbj-500g 124 649 275 760
cbl-lyxdbj-500g 128 751 264 858
