wdm-wjxjy-800ml 532 736 685 1271
wdm-wjxjy-800ml 667 739 823 1283
wdm-wjxjy-800ml 811 744 955 1286
wdm-wjxjy-800ml 938 744 1085 1291
wdm-wjxjy-800ml 1070 744 1243 1300
wdm-wjxjy-800ml 1205 762 1382 1312
wdm-wjxjy-800ml 1352 750 1526 1315
wdm-wjxjy-800ml 11 1356 176 1783
wdm-wjxjy-800ml 155 1359 329 1803
wdm-wjxjy-800ml 305 1365 458 1809
wdm-wjxjy-800ml 438 1377 602 1818
wdm-wjxjy-800ml 579 1391 740 1841
wdm-wjxjy-800ml 735 1391 893 1847
wdm-wjxjy-800ml 879 1403 1035 1859
wdm-wjxjy-800ml 1026 1412 1190 1871
wdm-wjxjy-800ml 1173 1418 1343 1874
wdm-wjxjy-800ml 1332 1421 1502 1886
wdm-wjxjy-800ml 1482 1439 1661 1906
wdm-wjxjy-800ml 1646 1447 1840 1915
