wdm-wjxjy-800ml 1156 586 1267 1071
wdm-wjxjy-800ml 1208 615 1323 1071
wdm-wjxjy-800ml 1279 627 1361 1074
wdm-wjxjy-1L 1079 586 1206 1089
wdm-wjxjy-1L 997 556 1135 1083
wdm-wjxjy-1L 908 521 1050 1080
wdm-wjxjy-1L 788 480 956 1086
wdm-wjxjy-1.3L 608 462 820 1094
wdm-wjxjy-1.3L 417 391 653 1097
wdm-wjxjy-1.3L 258 291 482 1121
wdm-spjbsc-500ml 226 1327 358 2015
wdm-spjbsc-500ml 326 1309 500 1965
wdm-spjbsc-500ml 461 1291 620 1891
wdm-cxhy-510g 597 1274 703 1833
wdm-cxhy-510g 679 1265 803 1794
wdm-cxhy-510g 764 1250 897 1762
wdm-cxhy-510g 853 1236 964 1736
wdm-qxmc-460ml 929 1206 1008 1686
wdm-qxmc-460ml 979 1191 1064 1656
wdm-qxmc-460ml 1029 1186 1132 1639
wdm-cxmc-1.3L 1100 1177 1214 1618
wdm-cxmc-1.3L 1170 1162 1282 1577
cbl-hdj-900g 482 2036 679 2509
cbl-hdj-900g 611 1968 788 2391
cbl-hdj-900g 735 1897 891 2303
