wdm-cxmc-460ml 691 527 873 1133
wdm-cxmc-460ml 832 542 988 1144
wdm-cxmc-460ml 970 550 1091 1136
wdm-cxmc-460ml 1076 577 1226 1133
wdm-wjxjy-1.3L 1088 1 1329 480
wdm-wjxjy-1.3L 1297 1 1532 509
wdm-wjxjy-500ml 520 553 700 1127
wdm-wjxjy-500ml 350 524 535 1127
cbl-hdj-900g 911 30 1126 453
cbl-hdj-900g 714 1 953 430
cbl-hdj-900g 523 1 741 394
cbl-hdj-900g 297 1 538 368
cbl-lyxtmj-300g 358 1271 620 1480
cbl-lyxtmj-300g 364 1442 608 1656
cbl-lyxdbj-800g 570 1362 858 1644
cbl-lyxdbj-800g 808 1350 1076 1618
wdm-wjxjy-1L 291 1783 467 2374
wdm-wjxjy-1L 447 1765 641 2336
wdm-wjxjy-1L 620 1750 791 2294
wdm-wjxjy-1L 756 1733 947 2271
wdm-wjxjy-1L 894 1709 1070 2256
wdm-wjxjy-1L 1047 1686 1200 2192
wdm-wjxjy-1L 1158 1686 1350 2186
