cbl-lyxsrdbj-300g 393 195 493 283
cbl-lyxsrdbj-300g 400 270 490 349
cbl-lyxsrdbj-300g 483 207 583 288
cbl-lyxsrdbj-300g 488 275 585 361
cbl-lyxsrdbj-300g 490 344 585 414
cbl-lyxtmj-300g 578 280 668 356
cbl-lyxtmj-300g 666 285 756 361
cbl-lyxtmj-300g 663 346 754 419
cbl-lyxdbj-500g 746 266 839 353
cbl-lyxdbj-500g 751 341 839 417
cbl-lyxdbj-500g 832 268 920 358
cbl-lyxdbj-500g 834 349 920 422
cbl-lyxdbj-300g 968 534 1049 605
cbl-lyxdbj-300g 1037 536 1120 602
cbl-lyxdbj-300g 963 597 1046 661
cbl-lyxdbj-300g 1042 602 1120 661
cbl-lyxdbj-800g 776 502 883 590
cbl-lyxdbj-800g 781 580 883 661
cbl-lyxdbj-800g 873 507 976 588
cbl-lyxdbj-800g 868 583 978 663
cbl-hdj-900g 1137 288 1220 431
cbl-hdj-900g 1205 288 1281 424
cbl-hdj-900g 1268 290 1346 422
cbl-hdj-300g 1112 539 1205 592
cbl-lhdj-900g 1185 522 1266 658
cbl-lhdj-900g 1254 524 1324 658
