wdm-wjxjy-800ml 500 953 711 1424
wdm-wjxjy-800ml 623 909 814 1371
wdm-wjxjy-800ml 720 859 900 1309
wdm-wjxjy-800ml 820 818 976 1233
wdm-wjxjy-800ml 935 765 1076 1183
wdm-wjxjy-800ml 1006 736 1138 1133
wdm-wjxjy-800ml 1067 700 1206 1086
wdm-wjxjy-800ml 1141 662 1270 1036
wdm-wjxjy-800ml 1200 627 1326 997
wdm-wjxjy-800ml 1258 603 1370 947
wdm-wjxjy-800ml 1303 580 1420 921
wdm-wjxjy-800ml 1344 550 1456 880
wdm-wjxjy-800ml 947 1606 1138 2062
wdm-wjxjy-800ml 1058 1533 1223 1977
wdm-wjxjy-800ml 1126 1447 1291 1886
wdm-wjxjy-800ml 1206 1371 1367 1789
wdm-wjxjy-800ml 1311 1303 1447 1697
wdm-wjxjy-800ml 1385 1250 1503 1647
wdm-wjxjy-800ml 1447 1197 1556 1600
wdm-wjxjy-800ml 1494 1139 1606 1527
wdm-wjxjy-800ml 1564 1071 1673 1433
wdm-wjxjy-800ml 1614 1030 1708 1391
wdm-wjxjy-800ml 1656 997 1744 1333
wdm-wjxjy-800ml 1691 953 1779 1274
