wdm-wjxjy-1L 73 539 294 1124
wdm-wjxjy-1L 276 536 467 1103
wdm-wjxjy-1L 447 542 632 1109
wdm-wjxjy-1L 600 539 806 1100
wdm-wjxjy-1L 785 542 976 1094
wdm-wjxjy-1L 1008 536 1223 1115
wdm-wjxjy-1L 1182 533 1376 1109
wdm-wjxjy-500ml 1394 586 1567 1106
wdm-wjxjy-500ml 1556 574 1735 1100
wdm-wjxjy-500ml 1729 580 1914 1106
wdm-wjxjy-800ml 658 1218 829 1768
wdm-wjxjy-800ml 503 1209 673 1759
wdm-wjxjy-800ml 350 1221 532 1765
wdm-wjxjy-800ml 203 1224 388 1768
wdm-wjxjy-800ml 44 1227 238 1774
wdm-spjbsc-500ml 808 1280 961 1762
wdm-qxmc-460ml 944 1259 1064 1762
wdm-cxhy-510g 1056 1297 1191 1768
wdm-cxhy-510g 1176 1289 1326 1777
wdm-cxhy-510g 1306 1297 1444 1777
wdm-cxmc-1.3L 1441 1274 1667 1812
wdm-cxmc-1.3L 1644 1277 1873 1809
cbl-hdj-900g 1317 1980 1494 2336
cbl-hdj-900g 1153 1968 1335 2336
wdm-wjxjy-1.3L 914 1883 1106 2327
wdm-wjxjy-1.3L 423 1877 638 2312
wdm-wjxjy-1.8L 723 1874 932 2289
