lyx-hsjy-500ml 842 449 962 781
lyx-hsjy-500ml 736 463 851 780
lyx-hsjy-500ml 643 469 753 777
lyx-hsjy-500ml 548 472 662 770
lyx-tjjy-500ml 443 489 562 783
lyx-tjjy-500ml 353 498 477 780
lyx-tjjy-500ml 266 497 394 781
lyx-tjjy-500ml 173 510 308 781
lyx-tjyzjy-500ml 96 513 225 789
lyx-tjyzjy-500ml 22 521 151 790
lyx-tjyzjy-500ml 1 523 77 795
lyx-hsjy-1L 837 826 948 1097
lyx-hsjy-1L 736 824 845 1083
lyx-hsjy-1L 637 820 751 1078
lyx-hsjy-1L 550 820 665 1075
lyx-tjjy-1L 466 815 586 1069
lyx-tjjy-1L 385 820 502 1066
lyx-tjjy-1L 314 826 422 1058
lyx-tjjy-1L 245 829 356 1046
