wdm-cxhy-510g 691 930 838 1406
wdm-cxhy-510g 800 930 932 1400
cbl-lyxtmj-300g 108 483 364 697
cbl-lyxtmj-300g 123 668 376 859
cbl-lyxtmj-800g 905 650 1138 856
cbl-lyxtmj-800g 900 462 1150 683
cbl-lyxdbj-300g 332 503 573 700
cbl-lyxdbj-300g 353 674 576 862
cbl-lyxdbj-300g 558 680 761 853
cbl-lyxdbj-300g 547 509 758 703
cbl-lyxdbj-500g 735 665 929 853
cbl-lyxdbj-500g 714 486 935 689
cbl-lyxdbj-800g 1120 653 1335 853
cbl-lyxdbj-800g 1103 477 1350 686
cbl-lhdj-900g 1305 518 1453 850
cbl-lhdj-900g 1411 527 1553 842
cbl-hdj-900g 1517 518 1685 850
cbl-hdj-900g 1638 539 1791 850
wdm-cxmc-460ml 147 915 335 1456
wdm-cxmc-460ml 308 921 485 1430
wdm-spjbsc-500ml 441 918 608 1439
wdm-spjbsc-500ml 573 924 729 1409
wdm-btlcjy-500ml 903 927 1044 1377
wdm-btlcjy-500ml 1011 918 1155 1371
wdm-wjxjy-500ml 1126 927 1253 1356
wdm-wjxjy-500ml 1220 930 1350 1350
wdm-wjxjy-800ml 1305 897 1435 1327
wdm-wjxjy-800ml 1408 897 1547 1330
wdm-wjxjy-800ml 1517 892 1647 1309
wdm-wjxjy-800ml 1608 892 1744 1312
wdm-wjxjy-1L 1573 1350 1697 1683
wdm-wjxjy-1L 1476 1371 1611 1703
wdm-wjxjy-1L 1364 1389 1500 1724
wdm-wjxjy-1L 1282 1392 1394 1736
wdm-wjxjy-1L 1179 1394 1314 1765
wdm-wjxjy-1L 1070 1415 1203 1797
wdm-wjxjy-1L 932 1415 1091 1815
wdm-wjxjy-1L 823 1430 973 1800
wdm-cxmc-1.3L 685 1450 885 1868
wdm-cxmc-1.3L 514 1477 735 1909
wdm-spjbsc-1.3L 341 1492 553 1939
wdm-spjbsc-1.3L 147 1462 382 1980
wdm-wjxjy-1.8L 191 1989 447 2494
wdm-wjxjy-1.8L 414 1956 647 2433
wdm-wjxjy-1.8L 611 1912 820 2371
