cbl-lyxdbj-300g 167 1706 370 1906
cbl-lyxdbj-300g 161 1818 382 2018
cbl-lyxdbj-300g 341 1662 538 1853
cbl-lyxdbj-300g 353 1783 538 1959
cbl-lyxdbj-500g 1088 1444 1264 1615
cbl-lyxdbj-500g 1114 1583 1244 1715
cbl-lyxdbj-500g 1206 1421 1370 1589
cbl-lyxdbj-500g 1235 1559 1358 1680
cbl-lyxdbj-500g 1300 1394 1461 1556
cbl-lyxdbj-500g 1335 1524 1458 1650
cbl-lyxtmj-300g 506 1615 691 1803
cbl-lyxtmj-300g 517 1741 694 1906
cbl-lyxtmj-300g 653 1580 832 1756
cbl-lyxtmj-300g 658 1706 832 1853
cbl-hdj-300g 794 1539 1006 1700
cbl-hdj-300g 956 1503 1138 1647
cbl-hdj-300g 803 1633 1003 1747
cbl-hdj-300g 803 1700 997 1815
cbl-hdj-300g 985 1603 1138 1703
cbl-hdj-300g 982 1665 1138 1765
wdm-cxhy-510g 1311 997 1438 1339
wdm-cxhy-510g 1406 986 1511 1315
wdm-cxhy-510g 1488 980 1567 1303
wdm-cxhy-510g 1544 956 1638 1283
wdm-spjbsc-500ml 1247 1012 1344 1347
wdm-spjbsc-500ml 1164 1027 1264 1371
wdm-spjbsc-500ml 1082 1030 1185 1386
wdm-spjbsc-500ml 1006 1039 1106 1403
wdm-cxmc-460ml 1573 556 1667 950
wdm-cxmc-460ml 1644 553 1735 947
wdm-btlcjy-500ml 908 1053 1029 1433
wdm-btlcjy-500ml 814 1077 926 1444
wdm-btlcjy-500ml 708 1074 826 1456
wdm-btlcjy-500ml 603 1097 729 1480
wdm-wjxjy-500ml 491 1109 623 1512
wdm-wjxjy-500ml 358 1121 506 1536
wdm-wjxjy-500ml 226 1144 385 1562
wdm-wjxjy-500ml 85 1144 256 1586
wdm-wjxjy-800ml 353 474 538 1074
wdm-wjxjy-800ml 194 465 388 1094
wdm-wjxjy-800ml 17 462 226 1100
wdm-wjxjy-1L 494 506 673 1071
wdm-wjxjy-1L 638 512 811 1050
wdm-wjxjy-1L 776 524 929 1041
wdm-wjxjy-1.3L 894 541 1058 1021
wdm-wjxjy-1.3L 1029 550 1191 1006
wdm-wjxjy-1.8L 1153 518 1317 986
wdm-wjxjy-1.8L 1279 518 1458 980
wdm-zplj-450ml 1432 550 1550 962
wdm-zplj-450ml 1523 553 1600 950
