wdm-wjxjy-800ml 987 522 1064 824
wdm-wjxjy-800ml 1045 539 1126 824
wdm-wjxjy-800ml 1101 543 1178 849
wdm-cxmc-460ml 1160 558 1247 858
wdm-qxmc-460ml 1226 539 1308 866
wdm-qxmc-460ml 1293 541 1387 895
wdm-cxhy-510g 1339 570 1439 904
cbl-hdj-900g 424 122 576 427
cbl-hdj-900g 274 97 454 420
cbl-lyxdbj-300g 454 774 629 916
cbl-lyxdbj-300g 439 654 628 799
cbl-lyxdbj-300g 441 535 622 677
cbl-lyxdbj-300g 610 754 756 897
cbl-lyxdbj-300g 601 643 753 785
cbl-lyxdbj-300g 603 533 756 672
cbl-lyxdbj-300g 726 531 851 660
cbl-lyxdbj-300g 735 645 856 764
cbl-lyxdbj-300g 733 747 856 875
