cbl-lyxtmj-300g 1097 318 1305 500
cbl-lyxtmj-300g 1100 486 1255 639
cbl-lyxtmj-300g 976 350 1141 521
cbl-lyxtmj-300g 991 503 1132 653
cbl-lyxdbj-300g 864 386 1023 539
cbl-lyxdbj-300g 876 518 1020 677
cbl-lyxdbj-300g 800 412 920 553
cbl-lyxdbj-300g 811 536 923 677
cbl-lyxdbj-500g 732 400 847 547
cbl-lyxdbj-500g 750 539 853 671
cbl-lyxdbj-500g 676 406 785 556
cbl-lyxdbj-500g 694 542 803 686
cbl-lyxdbj-800g 591 412 711 562
cbl-lyxdbj-800g 608 544 735 689
cbl-lyxdbj-800g 532 427 635 571
cbl-lyxdbj-800g 553 544 658 706
wdm-cxhy-510g 1314 1253 1438 1600
wdm-cxhy-510g 1244 1233 1347 1574
wdm-spjbsc-500ml 1117 1192 1217 1506
wdm-spjbsc-500ml 1067 1177 1155 1471
wdm-spjbsc-500ml 1003 1156 1088 1450
wdm-wjxjy-500ml 682 1059 770 1303
wdm-wjxjy-500ml 735 1074 797 1327
wdm-wjxjy-500ml 770 1097 811 1324
wdm-wjxjy-500ml 800 1100 850 1356
wdm-wjxjy-500ml 823 1115 888 1374
wdm-zphy-510g 923 1139 1011 1415
wdm-zphy-510g 879 1121 953 1400
wdm-wjxjy-800ml 1164 1606 1314 1915
wdm-wjxjy-800ml 1100 1562 1197 1862
wdm-wjxjy-800ml 1038 1524 1135 1818
wdm-wjxjy-1L 994 1494 1079 1765
wdm-wjxjy-1L 926 1471 1017 1736
wdm-wjxjy-1L 870 1433 958 1700
wdm-wjxjy-1L 823 1409 905 1662
wdm-wjxjy-1L 782 1389 864 1630
wdm-wjxjy-1L 741 1365 803 1589
wdm-wjxjy-1L 705 1336 779 1565
