wdm-wjxjy-800ml 573 1233 685 1583
wdm-wjxjy-800ml 685 1183 794 1515
wdm-wjxjy-800ml 738 1212 855 1509
wdm-wjxjy-800ml 832 1203 935 1477
wdm-wjxjy-800ml 914 1192 1014 1447
wdm-wjxjy-800ml 1003 1189 1117 1500
wdm-wjxjy-800ml 1088 1171 1185 1492
wdm-wjxjy-800ml 1153 1159 1247 1509
wdm-wjxjy-800ml 1250 1121 1350 1447
wdm-wjxjy-800ml 320 709 414 1012
wdm-wjxjy-800ml 373 733 473 1065
wdm-wjxjy-800ml 488 753 608 1068
wdm-wjxjy-800ml 570 750 667 1053
wdm-wjxjy-800ml 647 744 747 1047
wdm-wjxjy-800ml 729 733 817 1036
wdm-wjxjy-800ml 864 727 950 1024
wdm-wjxjy-800ml 929 724 1017 1012
