wdm-wjxjy-800ml 188 120 250 323
wdm-wjxjy-800ml 245 122 308 329
wdm-wjxjy-800ml 300 126 359 331
wdm-wjxjy-800ml 353 132 408 336
wdm-wjxjy-800ml 405 139 457 343
wdm-wjxjy-800ml 453 143 505 342
wdm-wjxjy-800ml 502 145 554 346
wdm-wjxjy-800ml 548 148 602 345
wdm-wjxjy-800ml 343 349 406 549
wdm-wjxjy-800ml 402 359 463 551
wdm-wjxjy-800ml 462 360 523 548
wdm-wjxjy-800ml 525 362 590 546
wdm-wjxjy-800ml 582 362 645 542
wdm-wjxjy-800ml 633 369 691 542
wdm-wjxjy-800ml 680 372 737 543
wdm-wjxjy-800ml 725 371 794 543
wdm-wjxjy-800ml 782 372 845 548
wdm-wjxjy-800ml 439 574 497 723
wdm-wjxjy-800ml 493 572 551 719
wdm-wjxjy-800ml 542 571 602 716
wdm-wjxjy-800ml 593 569 651 714
wdm-wjxjy-800ml 643 569 697 719
wdm-wjxjy-800ml 686 566 736 716
wdm-wjxjy-800ml 725 566 783 716
wdm-wjxjy-800ml 770 568 826 714
wdm-wjxjy-1L 163 368 234 546
wdm-wjxjy-1L 225 369 291 549
wdm-wjxjy-1L 282 368 348 554
wdm-wjxjy-1L 274 572 333 729
wdm-wjxjy-1L 330 569 385 725
wdm-wjxjy-1L 379 571 433 719
wdm-wjxjy-2L 299 752 373 885
wdm-wjxjy-2L 368 745 439 877
wdm-wjxjy-2L 433 749 502 874
wdm-wjxjy-2L 497 746 560 874
wdm-wjxjy-2L 551 739 617 866
wdm-wjxjy-2L 610 737 670 866
wdm-wjxjy-2L 665 740 726 862
wdm-wjxjy-2L 719 734 790 859
wdm-wjxjy-2L 308 911 379 1071
wdm-wjxjy-2L 371 903 443 1065
wdm-wjxjy-2L 437 911 506 1065
wdm-wjxjy-2L 499 899 560 1045
wdm-wjxjy-2L 553 917 616 1059
wdm-wjxjy-2L 608 912 673 1049
wdm-wjxjy-2L 663 903 719 1040
wdm-wjxjy-2L 713 899 783 1039
