wdm-wjxjy-800ml 620 874 705 1156
wdm-wjxjy-800ml 685 894 764 1174
wdm-wjxjy-800ml 752 900 826 1191
wdm-wjxjy-800ml 805 912 890 1209
wdm-wjxjy-800ml 882 909 970 1221
wdm-wjxjy-800ml 949 909 1043 1239
wdm-wjxjy-800ml 1038 903 1132 1236
wdm-wjxjy-800ml 1108 894 1188 1218
wdm-wjxjy-800ml 1170 903 1252 1215
wdm-wjxjy-800ml 1238 889 1332 1191
wdm-wjxjy-800ml 1308 877 1373 1165
wdm-wjxjy-800ml 1349 862 1411 1144
wdm-wjxjy-800ml 1002 1262 1105 1591
wdm-wjxjy-800ml 1088 1253 1185 1580
wdm-wjxjy-800ml 1158 1236 1252 1547
wdm-wjxjy-800ml 1205 1218 1285 1527
wdm-wjxjy-800ml 1258 1203 1329 1506
wdm-wjxjy-800ml 1311 1191 1376 1491
wdm-wjxjy-800ml 1364 1180 1423 1462
wdm-wjxjy-800ml 1399 1171 1467 1436
wdm-wjxjy-800ml 1440 1159 1493 1415
wdm-wjxjy-800ml 1476 1141 1535 1394
wdm-wjxjy-800ml 1520 1136 1570 1371
wdm-wjxjy-800ml 1555 1127 1611 1362
cbl-hdj-900g 196 1533 376 1839
cbl-hdj-900g 190 1815 385 2127
cbl-hdj-900g 326 1500 502 1786
cbl-hdj-900g 352 1762 520 2044
cbl-hdj-900g 467 1471 629 1747
cbl-hdj-900g 579 1418 723 1694
cbl-hdj-900g 679 1389 802 1644
cbl-hdj-900g 776 1359 888 1600
cbl-hdj-900g 502 1727 629 1974
cbl-hdj-900g 614 1677 726 1900
cbl-hdj-900g 693 1630 805 1856
cbl-hdj-900g 790 1589 896 1806
cbl-hdj-900g 888 1541 970 1756
cbl-hdj-900g 929 1497 1035 1715
