cbl-hdj-900g 850 636 1129 1133
cbl-hdj-900g 1079 659 1306 1127
cbl-hdj-900g 1250 662 1453 1106
wdm-cxhy-510g 1385 494 1556 1092
wdm-cxhy-510g 1482 503 1632 1083
wdm-cxhy-510g 1573 518 1723 1092
wdm-wjxjy-500ml 1 1427 244 2103
wdm-wjxjy-500ml 208 1397 426 2056
wdm-wjxjy-500ml 379 1377 585 2012
wdm-wjxjy-500ml 556 1353 723 1971
wdm-wjxjy-800ml 688 1224 867 1921
wdm-wjxjy-800ml 832 1221 1006 1889
wdm-wjxjy-800ml 958 1200 1129 1850
wdm-wjxjy-800ml 1091 1186 1256 1800
wdm-wjxjy-1.8L 1191 1174 1403 1771
wdm-wjxjy-1.8L 1356 1159 1561 1736
wdm-wjxjy-1.8L 1506 1142 1700 1689
wdm-wjxjy-1.8L 1629 1118 1829 1665
