wdm-wjxjy-800ml 496 1189 640 1697
wdm-wjxjy-800ml 629 1197 776 1691
wdm-wjxjy-800ml 764 1180 896 1689
wdm-wjxjy-800ml 882 1183 1029 1683
wdm-wjxjy-800ml 1017 1177 1155 1677
wdm-wjxjy-800ml 1138 1180 1279 1671
wdm-wjxjy-800ml 1267 1183 1396 1674
wdm-wjxjy-800ml 214 1762 382 2227
wdm-wjxjy-800ml 361 1765 526 2227
wdm-wjxjy-800ml 511 1756 667 2224
wdm-wjxjy-800ml 652 1739 802 2215
wdm-wjxjy-800ml 788 1736 938 2191
wdm-wjxjy-800ml 926 1727 1076 2203
wdm-wjxjy-800ml 1058 1715 1205 2174
wdm-wjxjy-800ml 1193 1712 1338 2180
wdm-wjxjy-800ml 1320 1709 1464 2153
wdm-wjxjy-800ml 1449 1700 1590 2144
wdm-wjxjy-800ml 1576 1697 1711 2127
