wdm-wjxjy-800ml 943 700 1062 1016
wdm-wjxjy-800ml 1039 689 1153 1027
wdm-wjxjy-800ml 1126 689 1245 1027
wdm-wjxjy-500ml 1228 733 1335 1043
wdm-wjxjy-500ml 1316 729 1420 1031
wdm-wjxjy-500ml 1406 733 1516 1035
wdm-wjxjy-1.3L 726 724 874 1025
wdm-wjxjy-1.3L 835 714 983 1020
wdm-spjbsc-500ml 766 312 878 637
wdm-spjbsc-500ml 837 302 954 633
wdm-btlcjy-500ml 939 299 1049 633
wdm-btlcjy-500ml 1028 291 1141 633
lyx-hsjy-500ml 1116 258 1245 624
lyx-hsjy-500ml 1224 250 1356 614
lyx-hsjy-500ml 1339 241 1479 614
