wdm-spjbsc-500ml 1044 868 1144 1191
wdm-spjbsc-500ml 967 868 1058 1215
wdm-spjbsc-500ml 879 877 976 1203
wdm-wjxjy-500ml 797 894 888 1206
wdm-wjxjy-500ml 717 900 814 1203
wdm-wjxjy-800ml 608 850 720 1209
wdm-wjxjy-800ml 517 859 626 1218
wdm-wjxjy-800ml 420 856 535 1224
cbl-lyxdbj-300g 1464 965 1606 1074
cbl-lyxdbj-300g 1470 1062 1614 1174
cbl-lyxdbj-300g 1594 953 1735 1071
cbl-lyxdbj-300g 1591 1053 1732 1171
cbl-lyxdbj-300g 1717 950 1858 1065
cbl-lyxdbj-300g 1717 1053 1864 1165
cbl-hdj-900g 1344 947 1482 1186
cbl-hdj-900g 1235 947 1356 1186
cbl-hdj-900g 1135 950 1253 1197
