wdm-zphy-510g 81 395 143 624
wdm-zphy-510g 131 391 195 626
wdm-zphy-510g 187 387 248 626
wdm-zphy-510g 243 391 300 622
wdm-zphy-510g 297 393 356 626
wdm-zphy-510g 352 393 412 622
wdm-zphy-510g 406 389 466 618
wdm-cxhy-510g 460 391 520 626
wdm-cxhy-510g 516 397 575 626
wdm-cxhy-510g 570 391 625 626
wdm-cxhy-510g 623 389 687 626
wdm-cxhy-510g 681 399 737 633
wdm-cxhy-510g 735 399 791 637
wdm-cxhy-510g 789 397 847 633
wdm-cxmc-460ml 845 383 904 628
wdm-cxmc-460ml 900 383 964 622
wdm-cxmc-460ml 962 383 1022 624
wdm-cxmc-460ml 1018 385 1079 633
wdm-cxmc-460ml 1077 380 1139 630
lyx-tjjy-500ml 95 658 164 876
lyx-tjjy-500ml 160 658 227 868
lyx-tjjy-500ml 223 658 295 878
lyx-tjjy-500ml 293 653 358 880
lyx-tjjy-500ml 356 656 423 880
lyx-tjjy-500ml 420 655 491 880
lyx-tjjy-500ml 487 658 552 881
lyx-tjjy-500ml 552 656 618 878
lyx-tjyzjy-500ml 612 664 679 878
lyx-tjyzjy-500ml 675 660 747 881
lyx-tjyzjy-500ml 737 660 812 885
lyx-hsjy-500ml 820 662 887 883
lyx-hsjy-500ml 887 655 954 883
lyx-hsjy-500ml 954 655 1018 881
lyx-hsjy-500ml 1014 658 1087 883
lyx-hsjy-500ml 1083 662 1150 878
lyx-tjjy-1L 108 912 183 1141
lyx-tjjy-1L 177 918 250 1143
lyx-tjjy-1L 243 918 322 1143
lyx-tjjy-1L 312 916 391 1145
lyx-tjjy-1L 381 916 460 1133
lyx-tjjy-1L 454 920 527 1141
lyx-hsjy-1L 520 920 600 1143
lyx-hsjy-1L 598 920 681 1143
lyx-hsjy-1L 681 918 762 1143
lyx-hsjy-1L 760 922 837 1145
lyx-hsjy-1L 835 924 914 1143
lyx-hsjy-1L 910 926 983 1143
lyx-hsjy-1L 983 922 1062 1145
lyx-hsjy-1L 1060 924 1133 1149
wdm-cxmc-1.3L 656 1178 745 1397
wdm-cxmc-1.3L 745 1180 833 1399
wdm-cxmc-1.3L 831 1180 916 1397
wdm-cxmc-1.3L 914 1178 1004 1395
wdm-cxmc-1.3L 993 1176 1091 1405
wdm-wjxjy-800ml 122 1433 191 1626
wdm-wjxjy-800ml 187 1435 262 1628
wdm-wjxjy-800ml 266 1435 345 1635
wdm-wjxjy-800ml 339 1433 408 1616
wdm-wjxjy-800ml 404 1433 472 1628
wdm-wjxjy-800ml 464 1433 537 1643
wdm-wjxjy-800ml 531 1437 608 1641
wdm-wjxjy-800ml 606 1435 681 1641
wdm-wjxjy-800ml 677 1435 750 1639
wdm-wjxjy-800ml 745 1437 818 1631
wdm-wjxjy-800ml 814 1435 887 1637
wdm-wjxjy-800ml 879 1437 956 1647
wdm-wjxjy-800ml 950 1437 1012 1628
wdm-wjxjy-800ml 1010 1439 1089 1633
