wdm-wjxjy-500ml 450 1133 544 1436
wdm-wjxjy-500ml 532 1142 626 1442
wdm-wjxjy-500ml 647 233 744 565
wdm-wjxjy-500ml 732 230 832 562
wdm-wjxjy-500ml 823 221 926 565
wdm-wjxjy-500ml 911 215 1020 568
wdm-wjxjy-800ml 550 180 656 568
wdm-wjxjy-800ml 438 177 550 574
wdm-wjxjy-800ml 344 177 447 571
wdm-wjxjy-800ml 891 1106 1003 1483
wdm-wjxjy-800ml 991 1112 1100 1492
wdm-wjxjy-800ml 1085 1112 1203 1492
wdm-wjxjy-1L 1194 1130 1314 1509
wdm-wjxjy-1L 1303 1130 1423 1509
wdm-wjxjy-1L 1411 1133 1538 1509
wdm-btlcjy-1L 608 1106 720 1465
wdm-btlcjy-1L 706 1106 811 1465
wdm-btlcjy-1L 806 1112 900 1474
wdm-cxhy-510g 738 1509 820 1827
wdm-cxhy-510g 808 1521 897 1821
wdm-cxhy-510g 885 1530 967 1839
wdm-cxmc-1.3L 320 692 464 1042
wdm-cxmc-1.3L 450 689 585 1039
wdm-cxmc-460ml 1267 794 1356 1068
wdm-cxmc-460ml 1038 1533 1126 1862
wdm-cxmc-460ml 1120 1553 1214 1877
wdm-cxmc-1.3L 1188 156 1361 559
wdm-qxmc-460ml 300 1097 379 1421
wdm-qxmc-460ml 367 1100 456 1433
wdm-spjbsc-500ml 1200 1562 1294 1883
wdm-spjbsc-500ml 1285 1574 1382 1883
wdm-spjbsc-500ml 1376 1574 1485 1900
wdm-spjbsc-1.3L 706 706 841 1068
wdm-spsc-2L 1026 127 1200 562
wdm-spsc-2L 1353 89 1538 559
wdm-spsc-2L 1747 103 1920 530
wdm-wjxjy-1.3L 1582 147 1764 533
wdm-wjxjy-1.8L 579 680 720 1053
wdm-wjxjy-1.3L 832 694 979 1065
wdm-wjxjy-1.3L 958 700 1120 1083
wdm-wjxjy-1.3L 1120 715 1285 1077
wdm-zphy-510g 953 1524 1050 1856
lyx-tjjy-500ml 329 1459 420 1762
lyx-tjjy-500ml 408 1468 506 1777
lyx-tjjy-500ml 494 1468 585 1786
lyx-hsjy-500ml 573 1489 661 1797
lyx-hsjy-500ml 656 1503 753 1812
cbl-lyxdbj-300g 947 1942 1085 2080
cbl-lyxdbj-300g 947 2039 1085 2165
cbl-lyxdbj-500g 829 1897 961 2044
cbl-lyxdbj-500g 814 2006 958 2153
cbl-lyxdbj-500g 703 1883 835 2036
cbl-lyxdbj-500g 700 1997 835 2136
cbl-lyxdbj-800g 308 1818 456 1956
cbl-lyxdbj-800g 308 1924 458 2062
cbl-lyxtmj-800g 441 1839 591 1980
cbl-lyxtmj-800g 438 1944 591 2092
cbl-lyxtmj-800g 579 1859 714 2000
cbl-lyxtmj-800g 570 1968 717 2112
cbl-lhdj-900g 1197 1959 1326 2215
cbl-hdj-900g 1320 1992 1458 2268
