wdm-spjbsc-500ml 1210 533 1322 777
wdm-spjbsc-500ml 1276 529 1391 774
wdm-btlcjy-1L 493 470 606 785
wdm-btlcjy-1L 593 481 697 777
wdm-btlcjy-1L 683 487 789 785
wdm-wjxjy-1.3L 1008 516 1147 785
wdm-wjxjy-1.3L 1103 512 1245 781
wdm-wjxjy-1L 1339 497 1464 760
wdm-wjxjy-1L 1408 504 1551 756
wdm-wjxjy-800ml 916 491 1024 789
wdm-wjxjy-800ml 837 475 947 785
wdm-wjxjy-800ml 758 475 876 800
wdm-wjxjy-500ml 401 506 501 785
wdm-wjxjy-500ml 303 502 410 785
cbl-lyxdbj-300g 512 979 628 1089
cbl-lyxdbj-300g 508 1041 629 1149
cbl-lyxdbj-300g 612 972 726 1083
cbl-lyxdbj-300g 616 1050 724 1139
cbl-lyxdbj-300g 718 981 824 1087
cbl-lyxdbj-300g 712 1050 820 1143
cbl-lyxdbj-500g 808 962 920 1083
cbl-lyxdbj-500g 808 1047 914 1147
cbl-lyxdbj-500g 899 950 1014 1075
cbl-lyxdbj-500g 889 1029 1004 1139
cbl-lyxdbj-800g 993 935 1120 1068
cbl-lyxdbj-800g 987 1020 1106 1135
cbl-lyxdbj-800g 1101 924 1229 1066
cbl-lyxdbj-800g 1091 1016 1214 1131
