wdm-wjxjy-1.3L 182 486 341 842
wdm-wjxjy-1.3L 323 480 470 833
wdm-wjxjy-1.3L 453 471 608 830
wdm-wjxjy-1.3L 588 474 735 818
wdm-wjxjy-1.3L 720 471 861 824
wdm-wjxjy-1.8L 844 442 1000 818
wdm-wjxjy-1.8L 982 442 1147 815
wdm-wjxjy-1.8L 1126 436 1300 809
wdm-wjxjy-1.8L 1279 424 1447 800
wdm-wjxjy-1.8L 1429 424 1605 797
wdm-wjxjy-500ml 229 944 332 1256
wdm-wjxjy-500ml 314 947 426 1253
wdm-wjxjy-500ml 405 947 500 1250
wdm-wjxjy-500ml 482 942 608 1253
wdm-wjxjy-800ml 276 1280 385 1630
wdm-wjxjy-800ml 364 1286 473 1627
wdm-wjxjy-800ml 444 1286 564 1621
wdm-wjxjy-800ml 532 1277 655 1624
wdm-wjxjy-800ml 629 1274 761 1624
wdm-wjxjy-800ml 732 1268 853 1609
wdm-wjxjy-800ml 835 1256 950 1603
wdm-wjxjy-800ml 932 1265 1055 1603
wdm-wjxjy-800ml 1041 1256 1144 1603
wdm-wjxjy-1L 1132 1265 1238 1603
wdm-wjxjy-1L 1229 1262 1353 1606
wdm-wjxjy-1L 1332 1268 1444 1597
wdm-wjxjy-1L 1429 1256 1564 1597
wdm-zplj-450ml 858 903 955 1239
wdm-zplj-450ml 932 897 1029 1239
wdm-zplj-450ml 1008 894 1103 1236
wdm-qxmc-460ml 1076 892 1182 1233
wdm-qxmc-460ml 1161 892 1264 1227
wdm-qxmc-460ml 1238 889 1335 1224
wdm-cxmc-460ml 1323 889 1420 1230
wdm-cxmc-460ml 1397 880 1500 1233
wdm-cxmc-460ml 1485 877 1582 1230
wdm-btlcjy-500ml 267 1656 370 1953
wdm-btlcjy-500ml 347 1662 450 1947
wdm-btlcjy-500ml 426 1659 532 1939
wdm-btlcjy-500ml 508 1656 611 1939
wdm-spjbsc-500ml 585 1647 694 1939
wdm-spjbsc-500ml 664 1642 770 1930
wdm-spjbsc-500ml 741 1639 847 1924
wdm-spjbsc-500ml 826 1633 926 1930
wdm-cxmc-460ml 900 1642 994 1924
wdm-cxmc-460ml 973 1636 1064 1924
wdm-cxmc-460ml 1044 1630 1132 1927
wdm-cxmc-460ml 1111 1633 1194 1915
wdm-zphy-510g 1182 1636 1264 1912
wdm-zphy-510g 1253 1627 1344 1915
wdm-zphy-510g 1323 1636 1411 1915
wdm-zphy-510g 1394 1621 1485 1909
wdm-zphy-510g 1470 1621 1564 1900
cbl-lyxtmj-300g 285 2042 408 2159
cbl-lyxtmj-300g 279 2127 414 2236
cbl-lyxtmj-300g 394 2018 514 2150
cbl-lyxtmj-300g 391 2127 517 2236
cbl-lyxdbj-300g 497 2033 617 2159
cbl-lyxdbj-300g 500 2133 626 2242
cbl-lyxdbj-500g 600 1992 729 2142
cbl-lyxdbj-500g 605 2112 732 2230
cbl-lyxdbj-800g 964 1959 1114 2121
cbl-lyxdbj-800g 973 2092 1114 2215
cbl-lyxtmj-800g 1229 1962 1385 2115
cbl-lyxtmj-800g 1235 2077 1379 2209
cbl-hdj-900g 1353 1971 1473 2197
cbl-hdj-900g 1450 1959 1567 2200
cbl-hdj-300g 714 2033 864 2127
cbl-hdj-300g 711 2100 853 2174
cbl-hdj-300g 711 2150 855 2227
cbl-hdj-500g 841 2009 988 2144
cbl-hdj-500g 841 2133 988 2227
cbl-hdj-800g 1103 1962 1255 2124
cbl-hdj-800g 1100 2086 1244 2224
lyx-hsjy-500ml 585 921 700 1242
lyx-hsjy-500ml 676 921 788 1244
lyx-hsjy-500ml 764 915 867 1233
