wdm-wjxjy-1.3L 280 532 430 840
wdm-wjxjy-1.3L 416 529 548 829
wdm-wjxjy-1.3L 539 520 672 813
wdm-wjxjy-1.3L 663 514 795 801
wdm-cxmc-1.3L 781 510 907 786
wdm-cxmc-1.3L 895 513 1031 796
wdm-spjbsc-1.3L 209 166 374 510
wdm-spjbsc-1.3L 350 167 494 507
wdm-spjbsc-1.3L 483 175 616 502
wdm-cxmc-1.3L 600 181 733 505
wdm-cxmc-1.3L 716 189 853 499
wdm-cxmc-1.3L 827 182 951 490
wdm-wjxjy-1.3L 933 182 1054 486
wdm-wjxjy-1.3L 1030 187 1178 490
wdm-wjxjy-1.3L 1137 187 1291 484
wdm-spsc-2L 1039 492 1165 784
wdm-spsc-2L 1122 490 1265 782
wdm-spsc-2L 1224 484 1365 769
