wdm-wjxjy-800ml 537 879 629 1158
wdm-wjxjy-800ml 614 883 720 1156
wdm-wjxjy-800ml 572 554 674 856
wdm-wjxjy-800ml 658 556 753 862
wdm-wjxjy-800ml 737 556 833 858
wdm-wjxjy-1L 239 564 339 852
wdm-wjxjy-1L 324 568 422 856
wdm-wjxjy-1L 408 572 516 856
wdm-wjxjy-1L 495 570 589 856
wdm-wjxjy-1.3L 818 579 939 856
wdm-wjxjy-1.3L 931 577 1049 860
wdm-wjxjy-1.8L 1056 558 1199 866
wdm-wjxjy-1.8L 1191 558 1331 868
wdm-wjxjy-1.8L 1320 545 1470 875
wdm-qxmc-460ml 1162 883 1247 1170
wdm-qxmc-460ml 1233 891 1314 1172
