wdm-zplj-450ml 263 309 346 566
wdm-zplj-450ml 178 307 273 575
wdm-zplj-450ml 88 302 190 578
wdm-zplj-450ml 1 302 105 583
wdm-btlcjy-500ml 249 1 344 249
wdm-btlcjy-500ml 151 1 256 246
wdm-btlcjy-500ml 49 1 163 246
wdm-wjxjy-800ml 244 607 351 885
wdm-wjxjy-800ml 139 619 256 897
wdm-wjxjy-800ml 32 614 159 919
wdm-cxmc-1.3L 266 907 381 1117
wdm-cxmc-1.3L 156 927 276 1144
wdm-wjxjy-1.3L 37 946 173 1168
cbl-lyxtmj-800g 1634 366 1712 449
cbl-lyxtmj-800g 1620 436 1690 502
cbl-lyxtmj-300g 1520 446 1571 500
cbl-lyxtmj-300g 1532 397 1585 458
cbl-lyxsrdbj-300g 1498 395 1546 458
cbl-lyxsrdbj-300g 1483 449 1532 514
cbl-lyxdbj-300g 1446 392 1507 466
cbl-lyxdbj-300g 1432 451 1503 522
cbl-lyxdbj-500g 1568 380 1617 453
cbl-lyxdbj-500g 1554 441 1607 502
cbl-lyxdbj-500g 1595 383 1659 458
cbl-lyxdbj-500g 1581 439 1644 514
cbl-lyxdbj-800g 1688 378 1742 456
cbl-lyxdbj-800g 1671 429 1729 502
