cbl-lyxdbj-300g 549 175 633 247
cbl-lyxdbj-300g 556 237 635 308
cbl-lyxdbj-300g 620 166 701 241
cbl-lyxdbj-300g 631 229 710 300
cbl-lyxdbj-800g 685 127 793 218
cbl-lyxdbj-800g 697 204 803 302
cbl-lyxdbj-800g 779 120 881 210
cbl-lyxdbj-800g 789 197 893 285
cbl-lyxdbj-500g 874 118 966 208
cbl-lyxdbj-500g 876 191 966 279
cbl-lyxdbj-500g 956 106 1049 199
cbl-lyxdbj-500g 964 183 1056 270
cbl-lyxdbj-300g 1054 116 1143 197
cbl-lyxdbj-300g 1056 183 1143 258
cbl-lyxdbj-300g 1139 108 1226 187
cbl-lyxdbj-300g 1224 99 1306 179
cbl-lyxdbj-300g 1224 162 1314 243
cbl-lyxtmj-300g 1310 79 1404 166
cbl-lyxtmj-300g 1401 68 1506 154
cbl-lyxtmj-300g 1406 139 1499 227
wdm-btlcjy-500ml 670 627 737 812
wdm-btlcjy-500ml 722 622 781 806
wdm-btlcjy-500ml 768 616 831 808
wdm-cxmc-460ml 812 602 876 810
wdm-cxmc-460ml 856 600 916 806
wdm-cxmc-460ml 897 597 953 799
wdm-cxmc-460ml 943 595 1003 799
wdm-cxhy-510g 991 599 1043 799
wdm-cxhy-510g 1033 602 1091 800
wdm-zphy-510g 1076 595 1128 791
wdm-zphy-510g 1114 593 1172 791
wdm-zphy-510g 1153 591 1218 795
wdm-zphy-510g 1201 589 1260 783
wdm-spjbsc-500ml 1247 585 1308 785
wdm-spjbsc-500ml 1303 583 1370 787
wdm-spjbsc-500ml 1356 579 1424 783
wdm-spjbsc-500ml 1408 570 1472 777
wdm-wjxjy-500ml 666 858 722 1025
wdm-wjxjy-500ml 710 854 764 1033
wdm-wjxjy-500ml 747 856 812 1033
wdm-wjxjy-800ml 793 825 866 1035
wdm-wjxjy-800ml 845 827 916 1039
wdm-wjxjy-800ml 897 827 962 1035
wdm-wjxjy-800ml 947 820 1016 1029
wdm-wjxjy-800ml 1001 825 1072 1031
wdm-wjxjy-800ml 1053 814 1118 1029
wdm-wjxjy-800ml 1103 812 1168 1035
wdm-wjxjy-1L 1153 818 1228 1035
wdm-wjxjy-1L 1212 818 1287 1035
wdm-wjxjy-1L 1274 814 1345 1035
wdm-wjxjy-1L 1335 812 1410 1035
wdm-wjxjy-1L 1397 812 1466 1035
wdm-wjxjy-1L 1453 810 1518 1024
wdm-wjxjy-1.3L 687 1079 772 1274
wdm-wjxjy-1.3L 751 1077 837 1264
wdm-wjxjy-1.3L 820 1077 899 1270
wdm-wjxjy-1.3L 887 1077 966 1270
wdm-wjxjy-1.3L 953 1077 1031 1270
wdm-wjxjy-1.3L 1020 1074 1106 1274
wdm-wjxjy-1.8L 1093 1066 1185 1272
wdm-wjxjy-1.8L 1172 1064 1264 1279
wdm-wjxjy-1.8L 1256 1058 1347 1272
wdm-wjxjy-1.8L 1339 1052 1433 1283
wdm-wjxjy-1.8L 1422 1050 1518 1275
