wdm-cxhy-510g 926 1086 988 1300
wdm-cxhy-510g 970 1086 1026 1297
wdm-cxmc-460ml 738 1092 800 1300
wdm-cxmc-460ml 791 1089 847 1303
wdm-zphy-510g 835 1094 894 1300
wdm-zphy-510g 882 1077 944 1297
wdm-wjxjy-1L 1297 815 1379 1059
wdm-wjxjy-1L 1229 818 1311 1065
wdm-wjxjy-1L 1164 824 1241 1065
wdm-wjxjy-1L 1097 824 1170 1071
wdm-wjxjy-1L 1029 830 1108 1068
wdm-wjxjy-1L 964 830 1041 1062
wdm-wjxjy-1L 905 833 976 1071
wdm-wjxjy-500ml 1017 1094 1076 1294
wdm-wjxjy-500ml 1067 1089 1129 1303
wdm-wjxjy-500ml 1120 1092 1188 1292
wdm-wjxjy-500ml 1176 1086 1244 1292
wdm-wjxjy-500ml 1235 1089 1297 1297
wdm-wjxjy-500ml 1294 1086 1364 1294
wdm-wjxjy-500ml 850 862 911 1053
wdm-wjxjy-800ml 794 830 861 1053
wdm-wjxjy-800ml 732 830 803 1056
wdm-wjxjy-800ml 667 833 747 1068
wdm-wjxjy-800ml 605 839 682 1059
wdm-wjxjy-800ml 541 836 620 1065
wdm-wjxjy-800ml 479 839 547 1068
wdm-wjxjy-800ml 435 839 503 1074
wdm-cxmc-1.3L 667 1094 755 1309
wdm-cxmc-1.3L 588 1092 676 1297
wdm-spjbsc-1.3L 511 1092 603 1306
wdm-spjbsc-1.3L 429 1092 520 1309
wdm-wjxjy-1.3L 1297 1309 1394 1512
wdm-wjxjy-1.3L 1217 1318 1311 1530
wdm-wjxjy-1.3L 1138 1318 1226 1530
wdm-wjxjy-1.3L 1064 1321 1147 1518
wdm-wjxjy-1.8L 973 1318 1073 1527
wdm-wjxjy-1.8L 888 1318 985 1527
wdm-wjxjy-1.8L 797 1321 894 1536
wdm-wjxjy-1.8L 711 1318 811 1527
wdm-wjxjy-2L 617 1318 726 1527
wdm-wjxjy-2L 532 1324 635 1530
wdm-wjxjy-2L 438 1318 547 1536
