wdm-wjxjy-2L 444 671 603 1044
wdm-wjxjy-2L 585 674 744 1033
wdm-wjxjy-1.3L 720 691 861 1047
wdm-wjxjy-1.3L 844 694 994 1039
wdm-wjxjy-1.3L 979 683 1111 1036
wdm-wjxjy-500ml 1082 718 1182 1030
wdm-wjxjy-500ml 1176 712 1276 1039
wdm-wjxjy-500ml 1267 712 1370 1041
wdm-wjxjy-500ml 1353 712 1450 1044
wdm-wjxjy-500ml 1441 703 1541 1036
wdm-btlcjy-500ml 641 1177 750 1480
wdm-btlcjy-500ml 741 1180 829 1483
wdm-cxmc-460ml 817 1162 908 1491
wdm-cxmc-460ml 897 1159 982 1500
wdm-cxmc-460ml 967 1159 1050 1497
wdm-qxmc-460ml 1038 1159 1129 1497
wdm-qxmc-460ml 1117 1165 1206 1486
wdm-wjxjy-800ml 1194 1139 1297 1497
wdm-wjxjy-800ml 1285 1136 1394 1500
wdm-wjxjy-800ml 1382 1139 1497 1503
wdm-wjxjy-800ml 1288 1574 1397 1930
wdm-wjxjy-800ml 1382 1583 1494 1933
wdm-zplj-450ml 1217 1591 1300 1924
wdm-zplj-450ml 1129 1583 1223 1894
wdm-spjbsc-500ml 1056 1594 1138 1897
wdm-spjbsc-500ml 970 1586 1061 1894
wdm-spjbsc-500ml 900 1583 985 1880
lyx-tjjy-500ml 470 1162 573 1483
lyx-tjjy-500ml 561 1162 658 1486
lyx-tjyzjy-500ml 441 1544 544 1853
lyx-tjyzjy-500ml 532 1553 626 1856
wdm-zphy-510g 614 1565 697 1856
wdm-zphy-510g 676 1574 756 1871
wdm-cxhy-510g 753 1574 835 1874
wdm-cxhy-510g 826 1571 911 1877
cbl-lyxdbj-500g 741 1962 897 2127
cbl-lyxdbj-500g 738 2065 900 2215
cbl-lyxdbj-300g 864 2100 1000 2247
cbl-lhdj-900g 976 2027 1085 2233
cbl-lhdj-900g 1073 2036 1179 2256
cbl-lhdj-900g 1167 2030 1279 2247
cbl-hdj-900g 1258 2039 1373 2256
cbl-hdj-900g 1358 2053 1479 2277
