cbl-lyxdbj-800g 177 53 318 166
cbl-lyxdbj-800g 188 155 326 259
cbl-lyxdbj-800g 303 53 441 168
cbl-lyxdbj-800g 307 157 446 264
cbl-lyxdbj-800g 431 57 567 168
cbl-lyxdbj-800g 435 157 567 264
cbl-lyxdbj-500g 558 72 675 177
cbl-lyxdbj-500g 558 166 669 259
cbl-lyxdbj-500g 665 74 775 174
cbl-lyxdbj-500g 663 168 771 257
cbl-lyxdbj-500g 767 74 880 174
cbl-lyxdbj-500g 758 166 875 259
cbl-lyxtmj-300g 869 100 969 179
cbl-lyxtmj-300g 869 181 975 255
cbl-lyxtmj-300g 969 98 1077 187
cbl-lyxtmj-300g 965 179 1073 264
cbl-lyxdbj-300g 1071 98 1175 187
cbl-lyxdbj-300g 1071 179 1171 257
cbl-lyxdbj-300g 1173 91 1282 189
cbl-lyxdbj-300g 1167 179 1273 268
cbl-lyxdbj-300g 1273 94 1388 189
cbl-lyxdbj-300g 1263 179 1365 259
wdm-wjxjy-500ml 271 289 337 504
wdm-wjxjy-500ml 312 289 392 513
wdm-wjxjy-500ml 384 289 467 519
wdm-wjxjy-500ml 456 287 539 519
wdm-wjxjy-500ml 524 294 607 519
wdm-wjxjy-500ml 595 289 677 517
wdm-wjxjy-500ml 665 289 743 525
wdm-wjxjy-500ml 735 289 812 528
wdm-wjxjy-500ml 805 291 882 523
wdm-wjxjy-500ml 873 291 948 530
wdm-wjxjy-500ml 937 289 1012 519
wdm-wjxjy-500ml 1005 285 1086 523
cbl-hdj-900g 1073 347 1171 523
cbl-hdj-900g 1158 345 1250 523
cbl-lhdj-900g 1241 366 1335 523
cbl-lhdj-900g 1329 366 1418 528
lyx-tjjy-500ml 277 564 350 806
lyx-tjjy-500ml 341 557 422 811
wdm-btlcjy-500ml 412 574 495 813
wdm-btlcjy-500ml 484 572 563 806
wdm-spjbsc-500ml 552 562 626 815
wdm-spjbsc-500ml 620 572 692 813
lyx-tjyzjy-500ml 686 570 765 813
lyx-tjyzjy-500ml 754 570 831 808
wdm-cxmc-460ml 820 564 888 813
wdm-cxmc-460ml 880 564 950 811
wdm-qxmc-460ml 941 562 1012 811
wdm-qxmc-460ml 1003 562 1071 806
wdm-zphy-510g 1065 574 1131 806
wdm-zphy-510g 1126 579 1190 808
wdm-zphy-510g 1184 574 1250 806
wdm-cxhy-510g 1239 574 1312 811
wdm-cxhy-510g 1305 572 1375 802
lyx-tjjy-500ml 277 834 358 1077
lyx-tjyzjy-500ml 348 840 435 1085
wdm-wjxjy-800ml 426 825 512 1083
wdm-wjxjy-800ml 499 830 582 1083
wdm-wjxjy-800ml 571 834 652 1081
wdm-wjxjy-800ml 643 836 726 1077
wdm-wjxjy-800ml 716 836 795 1079
wdm-wjxjy-800ml 786 832 865 1072
wdm-wjxjy-800ml 856 834 935 1077
wdm-wjxjy-800ml 926 823 1007 1074
wdm-wjxjy-800ml 1003 830 1075 1072
wdm-wjxjy-800ml 1069 834 1141 1072
wdm-wjxjy-800ml 1137 823 1218 1068
wdm-wjxjy-800ml 1209 830 1286 1079
wdm-wjxjy-800ml 1282 828 1354 1079
wdm-wjxjy-1.3L 309 1094 414 1330
wdm-wjxjy-1.3L 403 1102 507 1334
wdm-wjxjy-1.3L 499 1106 595 1336
wdm-wjxjy-1.3L 588 1104 688 1330
wdm-wjxjy-1.3L 682 1104 786 1330
wdm-wjxjy-1.3L 780 1104 875 1332
wdm-wjxjy-1.3L 871 1100 971 1325
wdm-wjxjy-1.3L 965 1100 1060 1321
wdm-wjxjy-1.3L 1050 1089 1154 1321
wdm-spjbsc-1.3L 1148 1094 1246 1328
wdm-spjbsc-1.3L 1235 1096 1333 1319
