cbl-hdj-900g 690 422 805 656
cbl-hdj-900g 793 412 900 649
cbl-lyxtmj-300g 81 966 234 1095
cbl-lyxtmj-300g 215 963 354 1092
cbl-hdj-300g 349 949 524 1053
cbl-hdj-300g 354 1034 520 1097
cbl-lyxdbj-300g 120 846 263 966
cbl-lyxdbj-500g 493 900 634 1046
cbl-lyxdbj-500g 617 880 744 1034
wdm-zplj-450ml 1 312 120 683
wdm-zplj-450ml 76 312 210 678
wdm-spjbsc-500ml 176 327 307 683
wdm-spjbsc-500ml 283 312 395 670
wdm-cxmc-460ml 368 319 473 658
wdm-cxmc-460ml 456 322 559 658
wdm-qxmc-460ml 534 324 629 653
wdm-qxmc-460ml 612 324 705 649
wdm-wjxjy-500ml 888 368 976 639
wdm-wjxjy-500ml 1007 351 1095 634
wdm-wjxjy-800ml 893 727 963 997
wdm-wjxjy-800ml 971 724 1066 992
wdm-wjxjy-1L 1159 744 1266 1005
wdm-wjxjy-1L 1100 719 1200 970
wdm-wjxjy-1L 1051 702 1129 944
wdm-wjxjy-1L 1242 736 1339 970
wdm-wjxjy-1.3L 1088 344 1217 619
wdm-wjxjy-1.3L 1195 339 1300 619
wdm-wjxjy-1.8L 1281 319 1400 619
wdm-wjxjy-1.8L 1373 314 1505 612
