wdm-wjxjy-800ml 651 1 798 492
wdm-wjxjy-800ml 773 1 885 488
wdm-wjxjy-800ml 866 22 973 485
wdm-wjxjy-800ml 949 41 1063 483
wdm-wjxjy-800ml 1037 61 1127 483
wdm-wjxjy-800ml 1098 80 1207 478
wdm-wjxjy-800ml 1176 95 1261 483
wdm-wjxjy-800ml 1227 109 1312 470
wdm-wjxjy-800ml 1283 114 1368 468
wdm-wjxjy-800ml 1344 129 1432 466
wdm-wjxjy-800ml 1400 139 1483 468
wdm-wjxjy-800ml 1442 146 1510 458
wdm-wjxjy-800ml 1481 161 1546 463
wdm-wjxjy-800ml 1512 166 1581 463
wdm-wjxjy-800ml 1551 175 1627 463
wdm-zphy-510g 683 534 771 902
wdm-zphy-510g 761 556 842 885
wdm-zphy-510g 834 549 907 863
wdm-cxmc-460ml 895 546 971 849
wdm-cxmc-460ml 951 536 1037 829
wdm-zplj-450ml 1029 534 1107 814
wdm-zplj-450ml 1090 527 1163 807
wdm-spjbsc-500ml 1144 519 1210 792
wdm-spjbsc-500ml 1198 524 1254 778
wdm-spjbsc-500ml 1239 517 1303 758
wdm-spjbsc-500ml 1281 507 1332 751
lyx-tjjy-500ml 1322 500 1371 744
wdm-wjxjy-800ml 1361 505 1417 744
wdm-wjxjy-800ml 1395 509 1449 724
wdm-wjxjy-800ml 1429 497 1473 727
wdm-wjxjy-800ml 1459 505 1512 719
wdm-wjxjy-800ml 1498 500 1537 705
wdm-wjxjy-1L 661 980 783 1344
wdm-wjxjy-1L 766 961 873 1309
wdm-wjxjy-1L 851 934 944 1253
wdm-wjxjy-1L 920 909 1010 1229
wdm-wjxjy-1L 995 888 1085 1192
wdm-wjxjy-1L 1061 883 1127 1161
wdm-wjxjy-1L 1117 853 1195 1136
wdm-wjxjy-1L 1171 836 1246 1109
wdm-wjxjy-1L 1232 822 1298 1085
wdm-wjxjy-1.3L 1271 802 1349 1073
wdm-wjxjy-1.3L 1337 805 1405 1041
wdm-wjxjy-1.3L 1393 766 1461 1012
wdm-wjxjy-1.3L 1449 751 1517 988
