lyx-hsjy-500ml 364 151 450 431
lyx-hsjy-500ml 443 156 527 441
lyx-hsjy-500ml 525 153 608 439
lyx-hsjy-500ml 606 149 689 441
lyx-hsjy-500ml 689 149 770 443
lyx-hsjy-500ml 764 147 848 445
lyx-tjjy-500ml 370 495 456 770
lyx-tjjy-500ml 450 495 529 770
lyx-tjjy-500ml 523 493 604 772
lyx-tjjy-500ml 597 493 683 772
lyx-tjjy-500ml 675 491 754 772
lyx-tjjy-500ml 748 489 827 774
lyx-tjyzjy-500ml 323 806 404 1070
lyx-tjyzjy-500ml 398 808 475 1070
lyx-tjyzjy-500ml 470 805 554 1076
lyx-tjyzjy-500ml 545 808 625 1078
lyx-tjyzjy-500ml 622 808 702 1080
lyx-tjyzjy-500ml 695 810 779 1080
lyx-tjyzjy-500ml 772 810 862 1083
