cbl-lyxdbj-300g 8 1386 205 1639
cbl-lhdj-900g 138 1294 403 1692
cbl-lhdj-900g 208 1339 505 1777
cbl-lhdj-900g 264 1386 576 1871
cbl-hdj-900g 391 1450 720 2003
cbl-hdj-900g 582 1512 885 2168
wdm-cxhy-510g 682 1362 1058 2327
wdm-cxhy-510g 794 1412 1226 2456
wdm-spjbsc-1.3L 997 1424 1647 2560
wdm-wjxjy-1L 120 250 408 883
wdm-wjxjy-1L 194 230 500 894
wdm-wjxjy-800ml 361 136 638 912
wdm-wjxjy-800ml 455 74 764 900
wdm-wjxjy-1.8L 558 44 973 903
wdm-wjxjy-1.8L 782 1 1232 894
wdm-cxmc-1.3L 1044 1 1679 894
wdm-cxmc-1.3L 1505 1 1920 897
