wdm-wjxjy-1L 170 747 264 993
wdm-wjxjy-1L 247 747 324 983
wdm-wjxjy-1L 310 754 397 983
wdm-wjxjy-800ml 374 745 449 979
wdm-wjxjy-800ml 433 747 506 975
wdm-btlcjy-1L 789 981 864 1187
wdm-btlcjy-1L 851 983 924 1177
wdm-btlcjy-1L 901 977 972 1177
wdm-wjxjy-1.8L 635 985 728 1210
wdm-wjxjy-1.8L 553 991 647 1204
wdm-wjxjy-1.8L 462 993 566 1218
lyx-tjjy-500ml 324 499 399 697
lyx-tjjy-500ml 385 506 453 704
lyx-hsjy-500ml 443 508 506 706
lyx-hsjy-500ml 493 512 566 704
cbl-lyxtmj-300g 637 393 726 462
cbl-lyxtmj-300g 714 397 793 472
cbl-lyxtmj-300g 629 314 703 387
cbl-lyxtmj-800g 383 352 491 435
cbl-lyxtmj-800g 391 281 495 375
cbl-lyxtmj-800g 395 237 508 316
cbl-lyxdbj-300g 476 375 568 450
cbl-lyxdbj-300g 560 377 639 462
cbl-lyxdbj-800g 281 339 385 429
cbl-lyxdbj-800g 178 331 291 420
