wdm-wjxjy-800ml 511 1 644 359
wdm-wjxjy-800ml 626 1 753 365
wdm-wjxjy-800ml 735 1 855 371
wdm-wjxjy-800ml 850 1 973 377
wdm-wjxjy-800ml 944 1 1070 374
wdm-wjxjy-800ml 1038 1 1164 380
wdm-wjxjy-800ml 1138 33 1229 386
wdm-wjxjy-800ml 523 427 658 812
wdm-wjxjy-800ml 638 430 764 833
wdm-wjxjy-800ml 741 439 870 836
wdm-wjxjy-800ml 841 444 973 827
wdm-wjxjy-800ml 944 442 1073 836
wdm-wjxjy-800ml 1041 447 1167 836
wdm-wjxjy-800ml 1141 450 1258 827
wdm-wjxjy-1.3L 523 1715 673 2080
wdm-wjxjy-1.3L 644 1703 785 2080
wdm-wjxjy-1.3L 770 1700 923 2059
wdm-wjxjy-1.3L 900 1700 1055 2071
wdm-wjxjy-1.3L 1017 1706 1179 2068
wdm-wjxjy-1.3L 1147 1697 1317 2071
wdm-wjxjy-1.8L 526 2109 711 2500
wdm-wjxjy-1.8L 685 2109 858 2500
wdm-wjxjy-1.8L 829 2094 1023 2497
wdm-wjxjy-1.8L 985 2103 1167 2503
wdm-wjxjy-1.8L 1138 2103 1320 2497
