wdm-wjxjy-800ml 361 597 482 989
wdm-wjxjy-800ml 467 606 576 991
wdm-wjxjy-800ml 573 606 679 989
wdm-wjxjy-800ml 661 606 776 991
wdm-wjxjy-800ml 761 606 870 989
wdm-wjxjy-800ml 861 606 973 986
wdm-wjxjy-800ml 958 609 1070 989
wdm-wjxjy-800ml 1064 600 1179 986
wdm-wjxjy-800ml 1164 603 1288 986
wdm-wjxjy-500ml 873 1509 973 1839
wdm-wjxjy-500ml 958 1515 1070 1853
wdm-wjxjy-500ml 1053 1518 1161 1850
wdm-wjxjy-500ml 1147 1515 1256 1862
wdm-wjxjy-2L 311 1874 464 2247
wdm-wjxjy-2L 447 1874 608 2256
wdm-wjxjy-1.3L 594 1903 735 2274
wdm-wjxjy-1.3L 714 1912 867 2277
wdm-wjxjy-1.3L 853 1918 997 2289
wdm-wjxjy-1.3L 982 1921 1123 2297
wdm-wjxjy-1.3L 1117 1924 1279 2312
wdm-wjxjy-1.3L 1270 1933 1423 2312
wdm-wjxjy-1.3L 1408 1941 1564 2324
wdm-btlcjy-1L 344 1459 467 1836
wdm-btlcjy-1L 447 1462 570 1839
wdm-btlcjy-1L 553 1465 676 1839
wdm-btlcjy-1L 667 1462 782 1847
wdm-btlcjy-1L 764 1462 888 1839
wdm-btlcjy-500ml 320 1047 423 1362
wdm-btlcjy-500ml 411 1050 514 1371
wdm-btlcjy-500ml 506 1047 608 1386
wdm-btlcjy-500ml 597 1047 706 1394
wdm-spjbsc-500ml 691 1039 791 1391
wdm-spjbsc-500ml 785 1041 894 1389
wdm-spjbsc-500ml 876 1039 970 1394
wdm-spjbsc-500ml 967 1039 1073 1403
wdm-cxmc-460ml 1241 1489 1338 1853
wdm-cxmc-460ml 1332 1494 1429 1859
wdm-cxmc-460ml 1423 1500 1520 1874
wdm-cxmc-460ml 1517 1494 1614 1874
wdm-qxmc-460ml 1603 1494 1697 1877
wdm-qxmc-460ml 1685 1500 1794 1883
wdm-qxmc-460ml 1782 1512 1885 1877
wdm-cxhy-510g 1597 1047 1706 1409
wdm-cxhy-510g 1697 1050 1803 1418
wdm-cxhy-510g 1788 1050 1894 1418
wdm-zphy-510g 1420 1047 1520 1389
wdm-zphy-510g 1500 1056 1606 1409
wdm-zplj-450ml 1338 1033 1435 1409
wdm-zplj-450ml 1238 1033 1350 1412
wdm-zplj-450ml 1156 1027 1250 1400
wdm-zplj-450ml 1073 1027 1158 1397
