cbl-lyxdbj-300g 356 233 600 456
cbl-lyxdbj-300g 358 439 594 641
cbl-lyxdbj-300g 573 250 806 468
cbl-lyxdbj-300g 576 444 800 615
cbl-lyxdbj-500g 717 212 988 453
cbl-lyxdbj-500g 767 427 979 618
cbl-lyxdbj-500g 953 230 1144 447
cbl-lyxdbj-500g 950 436 1135 609
cbl-lyxtmj-300g 1108 291 1291 474
cbl-lyxtmj-300g 1244 300 1423 480
cbl-lyxtmj-300g 1247 465 1414 606
cbl-hdj-900g 1382 277 1529 627
cbl-hdj-900g 1464 286 1632 612
cbl-hdj-900g 1582 303 1732 603
wdm-cxhy-510g 423 806 570 1344
wdm-cxhy-510g 532 803 691 1297
wdm-cxhy-510g 658 794 797 1274
wdm-cxhy-510g 767 789 888 1239
wdm-spjbsc-500ml 864 768 988 1241
wdm-spjbsc-500ml 964 756 1094 1215
wdm-qxmc-460ml 1067 730 1182 1191
wdm-qxmc-460ml 1158 712 1270 1171
wdm-cxmc-460ml 1238 715 1356 1136
wdm-cxmc-460ml 1320 700 1432 1106
wdm-zplj-450ml 1391 706 1497 1127
wdm-zplj-450ml 1447 700 1564 1115
wdm-zplj-450ml 1520 697 1620 1089
wdm-wjxjy-800ml 467 1371 617 1818
wdm-wjxjy-800ml 744 1309 888 1727
wdm-wjxjy-800ml 873 1277 997 1683
wdm-wjxjy-800ml 967 1250 1082 1644
wdm-wjxjy-800ml 1058 1236 1182 1621
wdm-wjxjy-500ml 1156 1250 1273 1589
wdm-wjxjy-500ml 1244 1233 1338 1550
wdm-wjxjy-500ml 1320 1209 1411 1533
cbl-hdj-900g 588 1447 761 1780
wdm-btlcjy-500ml 1385 1189 1482 1509
wdm-btlcjy-500ml 1450 1177 1547 1480
wdm-wjxjy-1.8L 506 1850 682 2283
wdm-wjxjy-1.8L 658 1794 847 2183
wdm-wjxjy-1.3L 823 1739 970 2115
wdm-wjxjy-1.3L 947 1697 1103 2047
wdm-wjxjy-1L 1070 1671 1185 1991
wdm-wjxjy-1L 1158 1615 1267 1944
wdm-wjxjy-1L 1238 1597 1344 1900
wdm-wjxjy-1L 1314 1556 1423 1871
wdm-wjxjy-1L 1388 1518 1503 1830
