cbl-lyxdbj-300g 1124 341 1176 412
cbl-lyxdbj-300g 1068 336 1146 412
cbl-lyxdbj-300g 1137 397 1193 468
cbl-lyxdbj-300g 1093 409 1146 475
cbl-lyxdbj-300g 1020 422 1083 497
cbl-lyxdbj-300g 1020 356 1078 431
cbl-lyxtmj-300g 1166 339 1210 409
cbl-lyxtmj-300g 1178 402 1222 463
cbl-lyxtmj-300g 1198 331 1249 407
cbl-lyxsrdbj-300g 922 297 1003 380
cbl-lyxsrdbj-300g 903 370 983 449
cbl-lyxsrdbj-300g 927 441 993 519
cbl-lyxsrdbj-300g 971 366 1032 436
cbl-lyxsrdbj-300g 973 431 1032 512
cbl-lhdj-900g 1083 70 1139 241
cbl-lhdj-900g 1032 66 1093 239
cbl-lhdj-900g 993 58 1046 241
cbl-hdj-900g 951 53 1005 241
cbl-hdj-900g 890 44 966 246
cbl-hdj-900g 849 29 912 246
cbl-lyxdbj-800g 866 612 954 722
cbl-lyxdbj-800g 876 702 954 807
cbl-lyxtmj-800g 934 597 1015 700
cbl-lyxtmj-800g 934 673 1017 780
cbl-lyxtmj-800g 998 578 1056 678
cbl-lyxdbj-500g 1046 575 1103 658
cbl-lyxdbj-500g 1044 644 1105 719
cbl-lyxdbj-500g 1083 561 1146 641
cbl-lyxdbj-500g 1090 624 1149 705
cbl-lyxdbj-500g 1127 546 1173 629
cbl-lyxdbj-500g 1163 536 1210 609
