cbl-lyxtmj-300g 627 170 720 251
cbl-lyxtmj-300g 720 173 810 256
cbl-lyxtmj-300g 724 246 812 327
cbl-lyxdbj-500g 803 156 903 251
cbl-lyxdbj-500g 805 239 903 327
cbl-lyxdbj-500g 893 163 990 253
cbl-lyxdbj-500g 890 239 993 324
cbl-hdj-900g 1207 173 1300 322
cbl-hdj-900g 1285 173 1361 327
cbl-hdj-900g 1349 178 1427 327
cbl-lyxsrdbj-300g 434 85 539 173
cbl-lyxsrdbj-300g 437 166 546 251
cbl-lyxsrdbj-300g 444 239 544 319
cbl-lyxsrdbj-300g 532 95 634 180
cbl-lyxsrdbj-300g 537 166 634 251
cbl-lyxsrdbj-300g 542 244 637 322
cbl-lyxdbj-500g 839 412 949 502
cbl-lyxdbj-500g 846 492 946 583
cbl-lyxdbj-500g 942 409 1046 500
cbl-lyxdbj-500g 944 490 1044 583
cbl-lyxdbj-300g 1032 441 1120 514
cbl-lyxdbj-300g 1037 507 1124 583
cbl-lyxdbj-300g 1112 439 1200 512
cbl-lyxdbj-300g 1110 505 1200 580
