wdm-wjxjy-500ml 482 571 567 827
wdm-wjxjy-800ml 555 533 647 827
wdm-wjxjy-800ml 635 536 720 839
wdm-wjxjy-800ml 714 539 794 827
wdm-wjxjy-800ml 791 539 873 839
wdm-wjxjy-800ml 873 542 955 844
wdm-wjxjy-800ml 944 539 1026 836
wdm-wjxjy-800ml 1014 544 1103 836
wdm-wjxjy-800ml 1088 553 1182 844
wdm-wjxjy-800ml 1155 556 1247 842
lyx-hsjy-500ml 1232 586 1303 839
lyx-hsjy-500ml 1300 586 1373 850
lyx-hsjy-500ml 447 1186 520 1462
lyx-hsjy-500ml 520 1192 594 1462
lyx-hsjy-500ml 591 1192 664 1453
wdm-zphy-510g 1353 597 1414 844
wdm-zphy-510g 1403 597 1482 844
wdm-wjxjy-1L 479 853 567 1121
wdm-wjxjy-1L 558 853 635 1130
wdm-wjxjy-1L 632 853 717 1121
wdm-wjxjy-1L 708 847 791 1127
wdm-wjxjy-1L 782 856 861 1127
wdm-wjxjy-1L 861 856 947 1130
wdm-wjxjy-1L 932 856 1023 1124
wdm-wjxjy-1L 1011 862 1094 1133
wdm-wjxjy-1L 1088 874 1173 1133
wdm-btlcjy-1L 1311 871 1394 1133
wdm-btlcjy-1L 1379 865 1467 1142
wdm-cxmc-460ml 647 1192 720 1453
wdm-cxmc-460ml 714 1192 782 1444
wdm-cxmc-460ml 776 1192 844 1439
wdm-qxmc-460ml 835 1189 903 1453
wdm-qxmc-460ml 894 1189 967 1447
wdm-zphy-510g 955 1197 1011 1436
wdm-zphy-510g 1005 1186 1076 1444
wdm-zphy-510g 1061 1189 1135 1442
wdm-cxhy-510g 1117 1197 1188 1442
wdm-cxhy-510g 1173 1200 1238 1447
wdm-cxhy-510g 1229 1203 1297 1444
wdm-btlcjy-500ml 1282 1200 1355 1453
wdm-btlcjy-500ml 1347 1203 1405 1442
wdm-cxmc-1.3L 635 1492 741 1768
wdm-cxmc-1.3L 723 1494 829 1759
wdm-wjxjy-1.3L 823 1497 923 1753
wdm-wjxjy-1.3L 908 1497 1003 1747
wdm-wjxjy-1.3L 997 1494 1100 1742
wdm-wjxjy-1.3L 1076 1494 1185 1747
wdm-wjxjy-1.8L 1173 1480 1297 1756
wdm-wjxjy-1.8L 1285 1477 1400 1739
