cbl-lyxdbj-300g 814 1406 970 1547
cbl-lyxdbj-300g 829 1521 973 1653
cbl-lyxdbj-300g 953 1397 1108 1530
cbl-lyxdbj-300g 964 1512 1108 1641
cbl-lyxdbj-500g 1094 1356 1256 1503
cbl-lyxdbj-500g 1091 1474 1250 1624
cbl-lyxtmj-300g 676 1415 823 1553
cbl-lyxtmj-300g 520 1430 688 1568
cbl-lyxtmj-300g 526 1541 676 1683
cbl-lyxtmj-300g 673 1530 835 1668
cbl-hdj-900g 379 1403 550 1700
cbl-hdj-900g 226 1406 403 1718
wdm-wjxjy-500ml 94 194 232 591
wdm-wjxjy-500ml 211 206 341 606
wdm-wjxjy-500ml 332 218 464 606
wdm-wjxjy-500ml 450 227 573 606
wdm-wjxjy-800ml 132 706 291 1171
wdm-wjxjy-800ml 261 709 417 1174
wdm-wjxjy-800ml 403 721 556 1171
wdm-wjxjy-800ml 532 721 667 1168
wdm-wjxjy-800ml 656 727 791 1165
wdm-wjxjy-800ml 770 730 911 1162
wdm-wjxjy-800ml 879 733 1014 1156
wdm-wjxjy-1L 994 756 1132 1156
wdm-wjxjy-1L 1106 759 1232 1153
wdm-wjxjy-1.3L 1208 777 1376 1156
wdm-wjxjy-1.3L 1341 780 1511 1150
wdm-wjxjy-1.8L 1485 744 1664 1147
wdm-wjxjy-1.3L 1626 739 1800 1141
wdm-btlcjy-500ml 556 244 676 609
wdm-btlcjy-500ml 664 256 791 612
wdm-btlcjy-500ml 773 268 894 615
wdm-btlcjy-500ml 888 277 1014 627
wdm-cxmc-460ml 991 253 1108 636
wdm-cxmc-460ml 1091 259 1214 636
wdm-cxmc-460ml 1188 274 1308 650
wdm-spjbsc-500ml 1282 291 1388 641
wdm-spjbsc-500ml 1373 300 1485 650
wdm-spjbsc-500ml 1458 303 1564 639
wdm-cxhy-510g 1544 315 1644 650
wdm-cxhy-510g 1611 312 1726 656
