wdm-wjxjy-800ml 594 780 747 1291
wdm-wjxjy-800ml 729 786 873 1289
wdm-wjxjy-800ml 864 786 1008 1291
wdm-wjxjy-800ml 991 786 1141 1289
wdm-wjxjy-800ml 1117 797 1267 1294
wdm-wjxjy-800ml 1244 789 1391 1297
wdm-wjxjy-800ml 1364 794 1526 1303
wdm-wjxjy-800ml 1491 1312 1650 1741
wdm-wjxjy-800ml 1379 1315 1520 1747
wdm-wjxjy-800ml 1267 1306 1406 1759
wdm-wjxjy-800ml 1141 1303 1288 1765
wdm-wjxjy-800ml 1011 1291 1164 1765
wdm-wjxjy-800ml 882 1286 1035 1768
wdm-wjxjy-800ml 732 1297 897 1812
wdm-wjxjy-800ml 517 1286 667 1753
wdm-wjxjy-800ml 394 1289 541 1736
wdm-wjxjy-800ml 229 1871 388 2368
wdm-wjxjy-800ml 658 1859 808 2339
wdm-wjxjy-800ml 788 1862 941 2344
wdm-wjxjy-800ml 929 1862 1079 2353
wdm-wjxjy-800ml 1061 1868 1211 2356
wdm-wjxjy-800ml 1194 1871 1347 2359
wdm-wjxjy-800ml 1332 1868 1497 2356
wdm-wjxjy-800ml 1467 1871 1620 2347
