lyx-tjjy-500ml 396 168 451 337
lyx-tjjy-500ml 451 166 505 336
lyx-tjjy-500ml 499 166 556 334
lyx-tjjy-500ml 563 163 613 334
lyx-tjjy-500ml 611 159 662 336
wdm-spjbsc-500ml 403 385 460 565
wdm-spjbsc-500ml 451 386 500 562
wdm-spjbsc-500ml 496 382 546 560
wdm-spjbsc-500ml 539 383 590 559
wdm-btlcjy-500ml 583 383 640 556
wdm-btlcjy-500ml 633 383 686 554
wdm-btlcjy-500ml 677 382 736 551
wdm-wjxjy-500ml 494 594 546 756
wdm-wjxjy-500ml 539 589 596 754
wdm-wjxjy-500ml 585 586 645 751
lyx-tjjy-500ml 639 574 694 751
lyx-tjjy-500ml 685 574 740 749
lyx-tjjy-500ml 734 572 786 746
lyx-tjyzjy-500ml 783 572 842 749
lyx-tjyzjy-500ml 839 568 897 737
wdm-wjxjy-800ml 631 986 690 1180
wdm-wjxjy-800ml 682 985 745 1182
wdm-wjxjy-800ml 737 983 797 1179
wdm-wjxjy-800ml 788 976 857 1179
