wdm-wjxjy-1.3L 199 397 326 789
wdm-wjxjy-1.3L 296 380 423 786
wdm-wjxjy-1.3L 393 362 517 786
wdm-wjxjy-1.8L 499 297 649 786
wdm-wjxjy-1.8L 626 256 808 786
wdm-wjxjy-1.8L 779 212 964 783
wdm-wjxjy-1.8L 929 159 1164 783
wdm-wjxjy-1.8L 1135 89 1414 774
wdm-wjxjy-1.8L 1367 24 1673 762
wdm-wjxjy-1.8L 1623 1 1920 741
wdm-wjxjy-1.3L 267 859 399 1236
wdm-wjxjy-1.3L 367 859 502 1259
wdm-wjxjy-1.3L 467 853 596 1283
wdm-wjxjy-500ml 576 891 676 1289
wdm-wjxjy-800ml 652 839 773 1303
wdm-wjxjy-800ml 752 836 870 1327
wdm-wjxjy-800ml 840 841 964 1344
wdm-wjxjy-800ml 955 839 1085 1374
wdm-wjxjy-800ml 1067 833 1214 1403
wdm-wjxjy-800ml 1199 833 1361 1424
wdm-wjxjy-800ml 1340 827 1523 1462
wdm-wjxjy-800ml 1502 821 1714 1480
wdm-wjxjy-800ml 1685 809 1920 1527
wdm-btlcjy-500ml 290 1291 370 1591
wdm-btlcjy-500ml 346 1306 417 1627
wdm-cxhy-510g 399 1318 479 1639
wdm-cxhy-510g 458 1333 532 1659
wdm-cxhy-510g 517 1347 593 1686
wdm-qxmc-460ml 576 1356 664 1709
wdm-qxmc-460ml 640 1371 732 1741
wdm-qxmc-460ml 711 1391 799 1768
wdm-cxmc-460ml 785 1406 879 1803
wdm-cxmc-460ml 864 1427 961 1830
wdm-cxmc-460ml 946 1450 1052 1871
wdm-cxmc-460ml 1035 1477 1152 1909
wdm-spjbsc-500ml 1140 1500 1267 1953
wdm-spjbsc-500ml 1255 1524 1379 1997
wdm-spjbsc-500ml 1364 1562 1520 2047
wdm-spjbsc-500ml 1508 1591 1670 2118
wdm-spjbsc-500ml 1649 1606 1835 2177
cbl-lyxtmj-300g 296 1730 411 1874
cbl-lyxtmj-300g 388 1762 502 1909
cbl-lyxtmj-300g 388 1865 488 2012
cbl-lyxdbj-300g 470 1797 614 1959
cbl-lyxdbj-500g 564 1906 735 2106
cbl-lyxdbj-500g 664 1956 796 2177
cbl-lyxdbj-800g 764 1894 988 2115
cbl-lyxdbj-800g 767 2050 979 2247
