wdm-zphy-510g 1134 134 1185 385
wdm-zphy-510g 1178 136 1237 385
wdm-zphy-510g 1220 144 1268 390
wdm-zphy-510g 1259 149 1303 385
wdm-zphy-510g 1298 149 1344 378
wdm-zphy-510g 1334 151 1378 383
lyx-tjyzjy-500ml 1361 163 1420 390
lyx-tjyzjy-500ml 1410 166 1463 392
lyx-tjyzjy-500ml 1451 170 1503 392
wdm-btlcjy-500ml 1288 412 1342 619
wdm-btlcjy-500ml 1329 414 1376 619
wdm-btlcjy-500ml 1368 414 1417 609
lyx-hsjy-500ml 1407 402 1456 614
lyx-hsjy-500ml 1439 405 1485 597
wdm-wjxjy-500ml 659 722 729 958
wdm-wjxjy-500ml 722 724 793 966
wdm-wjxjy-500ml 788 717 854 951
wdm-zphy-510g 868 705 927 936
wdm-cxhy-510g 942 685 1000 907
wdm-cxhy-510g 988 683 1039 902
wdm-cxhy-510g 1029 683 1078 892
wdm-cxmc-460ml 1066 673 1117 880
wdm-cxmc-460ml 1107 670 1163 880
wdm-cxmc-460ml 1151 661 1203 868
wdm-spjbsc-500ml 1190 656 1242 853
wdm-spjbsc-500ml 1224 644 1273 853
wdm-spjbsc-500ml 1263 641 1317 839
lyx-tjjy-500ml 1307 639 1349 824
lyx-tjjy-500ml 1339 629 1388 812
lyx-hsjy-500ml 1373 622 1427 809
lyx-hsjy-500ml 1417 619 1461 797
wdm-wjxjy-800ml 717 988 795 1217
wdm-wjxjy-800ml 785 980 861 1192
wdm-wjxjy-800ml 851 961 927 1170
wdm-wjxjy-800ml 907 949 978 1149
wdm-wjxjy-1L 959 931 1020 1124
wdm-wjxjy-1L 1012 919 1076 1114
wdm-wjxjy-1.3L 1066 907 1144 1097
wdm-wjxjy-1.3L 1127 890 1207 1075
wdm-wjxjy-1.8L 1193 878 1261 1051
wdm-wjxjy-1.8L 1254 858 1322 1031
wdm-wjxjy-800ml 1310 844 1359 1014
wdm-wjxjy-800ml 1349 834 1403 997
wdm-wjxjy-800ml 1383 824 1437 978
