wdm-cxmc-460ml 114 1309 223 1621
wdm-qxmc-460ml 185 1297 294 1615
wdm-cxhy-510g 264 1324 361 1624
wdm-cxhy-510g 326 1321 435 1633
wdm-zphy-510g 414 1336 500 1633
wdm-zphy-510g 476 1327 570 1641
wdm-spjbsc-500ml 547 1333 650 1644
wdm-spjbsc-500ml 632 1341 732 1650
wdm-btlcjy-500ml 714 1344 811 1644
wdm-btlcjy-500ml 800 1353 891 1662
wdm-wjxjy-500ml 879 1365 979 1671
wdm-wjxjy-500ml 967 1362 1064 1677
wdm-wjxjy-1L 1041 1341 1161 1689
wdm-wjxjy-1L 1150 1344 1261 1689
wdm-wjxjy-1.3L 1238 1391 1391 1741
wdm-wjxjy-1.3L 1370 1377 1520 1730
wdm-wjxjy-1.8L 1503 1380 1682 1768
wdm-wjxjy-1.8L 1664 1377 1858 1768
