cbl-lyxdbj-300g 322 173 398 252
cbl-lyxdbj-300g 329 238 394 317
cbl-lyxdbj-300g 370 174 453 262
cbl-lyxdbj-300g 375 243 453 334
cbl-lyxdbj-800g 648 146 812 284
cbl-lyxdbj-800g 653 265 785 393
cbl-lyxdbj-800g 770 153 931 303
cbl-lyxdbj-800g 763 279 922 415
cbl-lyxdbj-800g 907 147 1115 320
cbl-lyxdbj-800g 899 292 1106 448
cbl-lyxtmj-300g 432 179 521 270
cbl-lyxtmj-300g 431 248 520 344
cbl-lyxtmj-300g 498 188 594 282
cbl-lyxtmj-300g 500 264 588 356
cbl-lyxtmj-300g 572 193 673 294
cbl-lyxtmj-300g 568 274 675 374
