wdm-wjxjy-500ml 566 434 663 746
wdm-wjxjy-500ml 634 422 734 729
wdm-wjxjy-800ml 566 773 673 1068
wdm-wjxjy-800ml 632 763 727 1029
wdm-wjxjy-800ml 695 753 790 997
wdm-wjxjy-800ml 768 729 854 973
wdm-wjxjy-800ml 1034 663 1110 888
wdm-wjxjy-800ml 1090 653 1144 866
wdm-wjxjy-800ml 1129 641 1183 849
wdm-wjxjy-800ml 1163 631 1222 831
wdm-wjxjy-800ml 1205 617 1263 814
wdm-wjxjy-800ml 1242 607 1298 797
wdm-wjxjy-800ml 1281 595 1339 780
wdm-wjxjy-1L 832 714 927 953
wdm-wjxjy-1L 905 700 978 924
wdm-wjxjy-1L 961 675 1042 907
wdm-btlcjy-500ml 705 422 798 712
wdm-btlcjy-500ml 771 414 851 697
wdm-spjbsc-500ml 822 409 898 683
wdm-spjbsc-500ml 881 407 954 673
wdm-spjbsc-500ml 934 402 998 661
wdm-cxmc-460ml 971 402 1037 651
wdm-cxmc-460ml 1017 392 1078 631
wdm-qxmc-460ml 1063 390 1112 622
wdm-qxmc-460ml 1093 388 1146 617
wdm-qxmc-460ml 1127 388 1181 612
wdm-wjxjy-1.8L 583 1085 705 1331
wdm-wjxjy-1.8L 673 1056 793 1273
wdm-wjxjy-1.8L 763 1012 893 1227
wdm-wjxjy-1.3L 1107 873 1178 1049
wdm-wjxjy-1.3L 1154 863 1220 1027
wdm-wjxjy-1.3L 1203 841 1266 1002
wdm-wjxjy-1.3L 1244 819 1312 978
wdm-cxmc-1.3L 1051 902 1129 1083
wdm-spjbsc-1.3L 995 931 1071 1109
wdm-spjbsc-1.3L 932 963 1017 1151
wdm-spjbsc-1.3L 863 988 951 1180
wdm-zplj-450ml 1037 80 1107 358
wdm-zplj-450ml 1093 83 1142 361
wdm-cxhy-510g 1127 100 1173 353
wdm-cxhy-510g 1161 107 1207 353
wdm-cxhy-510g 1198 112 1244 344
wdm-zphy-510g 1229 117 1278 346
wdm-zphy-510g 1261 124 1307 344
wdm-zphy-510g 1293 122 1342 339
