lyx-nmzyjy-380ml 350 62 412 297
lyx-nmzyjy-380ml 412 62 475 293
lyx-nmzyjy-380ml 464 60 527 293
lyx-nmzyjy-380ml 364 343 422 570
lyx-nmzyjy-380ml 414 345 475 570
lyx-nmzyjy-380ml 470 339 529 576
lyx-tjjy-500ml 547 853 612 1062
lyx-tjjy-500ml 608 856 670 1064
lyx-tjjy-500ml 664 853 727 1070
lyx-tjdyjy-375ml 366 608 423 816
lyx-tjdyjy-375ml 416 603 475 818
lyx-tjdyjy-375ml 470 608 531 818
lyx-tjyzjy-500ml 525 601 591 820
lyx-tjyzjy-500ml 587 599 652 824
lyx-tjyzjy-500ml 645 597 714 826
lyx-hsjy-500ml 727 862 789 1078
lyx-hsjy-500ml 785 860 856 1083
lyx-hsjy-500ml 847 864 920 1081
lyx-tjjy-1L 489 1093 562 1316
lyx-tjjy-1L 556 1105 623 1328
lyx-tjjy-1L 612 1108 685 1339
lyx-tjjy-1L 439 1389 512 1616
lyx-tjjy-1L 502 1393 573 1624
lyx-tjjy-1L 572 1405 645 1639
lyx-hsjy-1L 645 1412 718 1656
lyx-hsjy-1L 716 1422 793 1666
lyx-hsjy-1L 785 1424 858 1672
lyx-hsjy-1L 677 1116 748 1345
lyx-hsjy-1L 747 1114 808 1353
lyx-hsjy-1L 806 1124 883 1364
wdm-spjbsc-500ml 522 47 583 287
wdm-spjbsc-500ml 579 35 645 291
wdm-spjbsc-500ml 641 30 710 287
