wdm-wjxjy-500ml 64 839 247 1353
wdm-wjxjy-500ml 203 833 388 1327
wdm-wjxjy-800ml 1 62 211 756
wdm-wjxjy-800ml 161 83 373 756
wdm-wjxjy-800ml 326 118 526 768
wdm-wjxjy-1L 476 186 661 750
wdm-wjxjy-1L 614 212 758 753
wdm-wjxjy-1L 735 224 903 756
wdm-wjxjy-1L 879 239 1035 771
wdm-wjxjy-1.3L 994 286 1179 780
wdm-wjxjy-1.3L 1144 309 1323 771
wdm-wjxjy-1.8L 1288 297 1461 777
wdm-wjxjy-1.8L 1441 315 1597 774
wdm-cxmc-460ml 1573 344 1682 771
wdm-cxmc-460ml 1658 359 1750 765
wdm-zplj-450ml 1726 368 1811 756
wdm-zplj-450ml 1803 380 1885 762
wdm-btlcjy-500ml 347 824 520 1303
wdm-btlcjy-500ml 485 827 647 1297
wdm-btlcjy-500ml 617 821 767 1277
wdm-spjbsc-500ml 720 821 856 1259
wdm-spjbsc-500ml 826 824 950 1247
wdm-spjbsc-500ml 926 821 1044 1239
wdm-spjbsc-500ml 1017 821 1132 1218
wdm-cxhy-510g 1097 821 1203 1209
wdm-cxhy-510g 1191 812 1297 1197
wdm-cxhy-510g 1273 818 1373 1191
wdm-cxhy-510g 1338 812 1423 1194
wdm-zphy-510g 1414 818 1503 1180
wdm-zphy-510g 1479 815 1573 1177
wdm-zphy-510g 1558 809 1635 1156
wdm-zphy-510g 1620 806 1682 1153
wdm-zphy-510g 1664 812 1764 1150
cbl-hdj-300g 1108 1289 1253 1391
cbl-hdj-300g 1097 1359 1258 1453
cbl-hdj-300g 1103 1430 1270 1533
cbl-hdj-500g 1238 1256 1397 1389
cbl-hdj-500g 1241 1359 1394 1503
cbl-lyxdbj-300g 267 1403 482 1589
cbl-lyxdbj-300g 276 1530 494 1733
cbl-lyxdbj-500g 826 1303 1003 1459
cbl-lyxdbj-500g 820 1418 1011 1606
cbl-lyxdbj-500g 979 1283 1135 1430
cbl-lyxdbj-500g 997 1406 1135 1565
cbl-lyxdbj-800g 1388 1209 1567 1344
cbl-lyxdbj-800g 1370 1309 1564 1486
cbl-lyxtmj-300g 473 1365 673 1541
cbl-lyxtmj-300g 464 1500 673 1686
cbl-lyxtmj-300g 650 1344 835 1509
cbl-lyxtmj-300g 656 1471 856 1653
cbl-lyxtmj-800g 1532 1186 1691 1321
cbl-lyxtmj-800g 1535 1289 1673 1444
cbl-lyxtmj-800g 1661 1168 1806 1294
cbl-lyxtmj-800g 1656 1271 1797 1421
