wdm-wjxjy-800ml 500 321 588 644
wdm-wjxjy-800ml 570 312 661 641
wdm-wjxjy-800ml 650 300 732 630
wdm-wjxjy-800ml 717 280 820 633
wdm-wjxjy-500ml 806 330 885 618
wdm-wjxjy-500ml 879 318 958 621
wdm-wjxjy-500ml 950 306 1041 609
wdm-wjxjy-500ml 1032 291 1126 603
wdm-wjxjy-500ml 1111 277 1208 591
wdm-wjxjy-500ml 1200 262 1300 591
wdm-wjxjy-500ml 1288 244 1388 580
wdm-wjxjy-500ml 1379 230 1476 574
wdm-wjxjy-500ml 1467 209 1573 556
wdm-wjxjy-800ml 538 680 629 986
wdm-wjxjy-800ml 608 674 694 997
wdm-wjxjy-800ml 682 671 779 997
wdm-wjxjy-800ml 388 1000 470 1289
wdm-wjxjy-800ml 453 1018 532 1303
wdm-wjxjy-800ml 514 1018 594 1300
wdm-wjxjy-800ml 582 1015 658 1312
wdm-wjxjy-800ml 647 1024 738 1315
wdm-wjxjy-800ml 720 1027 803 1315
wdm-wjxjy-800ml 788 1024 873 1324
wdm-wjxjy-800ml 861 1024 950 1333
wdm-wjxjy-800ml 938 1021 1038 1341
wdm-wjxjy-1L 332 700 420 983
wdm-wjxjy-1L 403 697 488 986
wdm-wjxjy-1L 470 686 553 989
wdm-btlcjy-500ml 767 709 853 989
wdm-btlcjy-500ml 838 715 923 986
wdm-zphy-510g 911 683 988 989
wdm-zphy-510g 979 677 1064 986
wdm-qxmc-460ml 1053 674 1138 994
wdm-qxmc-460ml 1129 668 1211 1000
wdm-qxmc-460ml 1197 665 1303 994
wdm-cxmc-460ml 1273 653 1361 1003
wdm-cxmc-460ml 1347 653 1441 997
wdm-cxmc-460ml 1426 639 1517 994
wdm-spjbsc-500ml 1035 1059 1132 1356
wdm-spjbsc-500ml 1114 1056 1203 1359
wdm-spjbsc-500ml 1191 1056 1285 1359
wdm-cxhy-510g 1270 1065 1347 1362
wdm-cxhy-510g 1344 1059 1432 1374
wdm-cxhy-510g 1420 1059 1514 1374
cbl-lyxdbj-300g 508 1421 606 1521
cbl-lyxdbj-300g 591 1430 688 1530
cbl-lyxdbj-300g 506 1500 600 1594
cbl-lyxdbj-500g 1044 1462 1173 1600
cbl-lyxdbj-500g 1158 1477 1288 1609
cbl-lyxdbj-800g 1270 1471 1435 1633
cbl-lyxdbj-800g 1276 1597 1426 1730
cbl-lyxsrdbj-300g 667 1444 776 1547
cbl-lyxsrdbj-300g 753 1453 861 1565
cbl-lyxtmj-300g 853 1465 970 1574
cbl-lyxtmj-300g 950 1477 1058 1594
cbl-hdj-900g 697 1700 797 1903
cbl-hdj-900g 844 1721 950 1930
cbl-hdj-900g 926 1741 1014 1950
cbl-hdj-900g 1000 1762 1097 1974
cbl-lhdj-900g 1088 1774 1191 2015
cbl-lhdj-900g 1176 1794 1288 2021
wdm-wjxjy-800ml 773 1656 853 1909
wdm-wjxjy-800ml 638 1633 717 1880
wdm-wjxjy-1.8L 538 1606 658 1874
wdm-wjxjy-1.3L 370 1580 479 1824
wdm-wjxjy-1.3L 453 1597 561 1841
