wdm-wjxjy-1.8L 120 154 257 482
wdm-wjxjy-1.8L 242 168 373 482
wdm-wjxjy-1.8L 359 182 476 483
wdm-spsc-2L 454 171 560 476
wdm-spsc-2L 545 177 651 472
lyx-tjjy-500ml 493 566 566 794
lyx-tjjy-500ml 545 552 623 783
lyx-tjjy-500ml 603 557 674 771
cbl-lyxdbj-300g 625 803 702 872
cbl-lyxdbj-300g 626 862 703 929
cbl-lyxdbj-500g 462 837 586 954
cbl-lyxdbj-500g 465 926 588 1028
cbl-lyxdbj-500g 465 994 586 1105
cbl-lyxtmj-300g 626 914 700 985
cbl-lyxtmj-300g 626 965 700 1042
cbl-lyxtmj-300g 550 822 634 888
cbl-lyxtmj-300g 570 874 634 946
cbl-lyxtmj-300g 577 932 634 999
cbl-lyxtmj-300g 573 989 637 1060
cbl-lyxtmj-800g 203 960 331 1094
cbl-lyxtmj-800g 208 1048 339 1176
cbl-lyxtmj-300g 316 866 433 977
cbl-lyxtmj-300g 317 945 440 1057
cbl-lyxtmj-300g 323 1020 445 1134
cbl-lhdj-900g 328 645 426 819
cbl-hdj-900g 414 637 503 800
cbl-hdj-300g 66 934 208 1034
cbl-hdj-300g 70 983 211 1079
cbl-hdj-300g 76 1037 216 1122
cbl-hdj-300g 85 1088 226 1165
cbl-hdj-300g 94 1120 230 1206
wdm-btlcjy-1L 833 519 891 729
wdm-btlcjy-1L 783 523 839 737
wdm-btlcjy-1L 736 525 793 746
wdm-wjxjy-1L 676 539 743 760
