wdm-wjxjy-1.8L 1403 1539 1541 1891
wdm-wjxjy-1.8L 1517 1541 1644 1880
wdm-wjxjy-1.3L 1300 1553 1441 1909
wdm-wjxjy-1.3L 1185 1565 1320 1918
wdm-wjxjy-1.3L 1070 1562 1203 1936
wdm-wjxjy-1L 967 1562 1088 1953
wdm-wjxjy-1L 858 1562 979 1956
wdm-wjxjy-1L 747 1568 864 1965
wdm-wjxjy-1L 629 1580 761 1989
wdm-wjxjy-1L 658 1118 788 1524
wdm-wjxjy-1L 779 1121 908 1524
wdm-wjxjy-1L 891 1127 1014 1515
wdm-wjxjy-500ml 658 694 753 1074
wdm-wjxjy-500ml 732 712 844 1086
wdm-wjxjy-500ml 658 244 738 606
wdm-wjxjy-500ml 720 271 835 624
wdm-wjxjy-800ml 817 239 938 644
wdm-wjxjy-800ml 917 271 1035 665
wdm-wjxjy-800ml 1020 286 1129 686
wdm-wjxjy-800ml 1123 303 1232 686
wdm-wjxjy-800ml 1217 336 1306 700
wdm-wjxjy-1.3L 1300 377 1453 727
wdm-qxmc-460ml 1438 427 1535 747
wdm-qxmc-460ml 1508 447 1588 753
wdm-cxmc-460ml 1576 453 1661 765
wdm-cxmc-460ml 1526 797 1603 1118
wdm-cxmc-460ml 1585 806 1682 1136
wdm-qxmc-460ml 1464 791 1538 1130
wdm-qxmc-460ml 1397 780 1476 1118
wdm-cxhy-510g 1326 794 1406 1109
wdm-cxhy-510g 1250 780 1338 1124
wdm-spjbsc-500ml 1164 765 1261 1106
wdm-spjbsc-500ml 1091 759 1182 1106
wdm-btlcjy-500ml 1017 753 1123 1100
wdm-btlcjy-500ml 926 744 1029 1100
wdm-btlcjy-500ml 829 727 938 1086
lyx-tjyzjy-500ml 1003 1153 1111 1515
lyx-tjyzjy-500ml 1094 1156 1197 1515
lyx-tjyzjy-500ml 1182 1168 1288 1509
lyx-tjjy-500ml 1276 1165 1364 1506
lyx-tjjy-500ml 1350 1162 1450 1506
lyx-tjjy-500ml 1438 1171 1541 1503
lyx-hsjy-500ml 1523 1168 1606 1503
lyx-hsjy-500ml 1576 1174 1664 1500
cbl-lyxdbj-300g 629 2139 776 2315
cbl-lyxdbj-300g 626 2286 773 2433
cbl-lyxdbj-300g 744 2244 917 2406
cbl-lyxtmj-300g 758 2118 911 2291
cbl-lyxtmj-300g 894 2103 1047 2265
cbl-hdj-300g 1008 2074 1200 2224
cbl-hdj-300g 967 1994 1147 2097
cbl-hdj-300g 1017 2186 1197 2286
cbl-lyxdbj-300g 1170 2059 1320 2206
cbl-lyxdbj-300g 1182 2186 1326 2327
cbl-lyxdbj-800g 1282 1977 1464 2162
cbl-lyxdbj-800g 1303 2124 1470 2294
