wdm-wjxjy-500ml 1470 452 1541 656
wdm-wjxjy-500ml 1418 458 1478 658
wdm-wjxjy-500ml 1366 462 1424 662
wdm-wjxjy-500ml 1314 462 1372 662
wdm-wjxjy-500ml 1260 468 1320 664
wdm-wjxjy-500ml 1210 468 1268 666
wdm-wjxjy-500ml 1160 470 1216 672
wdm-wjxjy-500ml 1110 474 1170 662
wdm-wjxjy-500ml 1064 479 1120 670
wdm-wjxjy-500ml 1014 483 1070 670
wdm-wjxjy-500ml 964 483 1016 674
wdm-wjxjy-500ml 916 485 972 674
wdm-wjxjy-500ml 870 483 924 677
wdm-wjxjy-500ml 824 487 874 677
wdm-wjxjy-500ml 776 491 831 683
wdm-wjxjy-1L 1464 1043 1533 1239
wdm-wjxjy-1L 1414 1043 1474 1237
wdm-wjxjy-1L 1358 1039 1420 1229
wdm-wjxjy-1L 1303 1041 1370 1233
wdm-wjxjy-1L 1254 1033 1316 1235
wdm-wjxjy-1L 1203 1031 1262 1227
wdm-wjxjy-1L 1149 1033 1206 1222
wdm-wjxjy-1L 1103 1029 1158 1216
wdm-wjxjy-1L 1047 1035 1108 1216
wdm-wjxjy-1L 999 1031 1060 1212
wdm-wjxjy-1L 1472 760 1543 950
wdm-wjxjy-1L 1416 766 1485 958
wdm-wjxjy-1L 1362 766 1426 960
wdm-wjxjy-1L 1306 764 1368 952
wdm-btlcjy-1L 1256 762 1312 960
wdm-btlcjy-1L 1199 766 1260 956
wdm-btlcjy-1L 1147 764 1210 960
wdm-wjxjy-1.3L 912 1035 991 1208
wdm-wjxjy-1.3L 849 1033 929 1212
wdm-wjxjy-1.3L 795 1029 868 1200
wdm-cxmc-460ml 1106 774 1154 950
wdm-cxmc-460ml 1064 772 1116 956
wdm-cxmc-460ml 1024 772 1072 954
wdm-spjbsc-500ml 874 775 920 947
wdm-spjbsc-500ml 831 777 876 947
wdm-spjbsc-500ml 791 779 837 945
wdm-zphy-510g 908 781 958 947
wdm-zphy-510g 953 772 1001 952
wdm-zphy-510g 989 777 1035 956
cbl-lyxdbj-300g 551 835 618 895
cbl-lyxdbj-300g 493 833 556 893
cbl-lyxdbj-300g 499 883 562 937
cbl-lyxdbj-300g 553 887 622 937
cbl-lyxtmj-300g 441 827 504 895
