cbl-hdj-900g 323 477 447 673
cbl-lhdj-900g 401 464 525 668
cbl-lyxtmj-300g 497 560 606 664
cbl-lyxtmj-300g 660 540 784 653
cbl-lyxdbj-300g 582 545 682 658
cbl-lyxdbj-300g 590 362 714 471
cbl-lyxdbj-300g 612 445 729 551
cbl-lyxljj-500g 766 510 901 642
cbl-lyxdbj-500g 877 490 1034 631
cbl-lyxdbj-500g 953 345 1099 475
wdm-cxmc-460ml 360 736 460 984
wdm-spjbsc-500ml 414 742 512 986
wdm-btlcjy-500ml 479 742 577 992
wdm-wjxjy-1L 882 1045 997 1321
wdm-wjxjy-500ml 1049 1029 1142 1253
wdm-wjxjy-1.3L 895 1336 1006 1592
wdm-wjxjy-1.3L 973 1371 1103 1629
wdm-btlcjy-500ml 769 1323 862 1534
