wdm-wjxjy-800ml 254 464 489 908
wdm-wjxjy-800ml 401 464 614 906
wdm-wjxjy-1.8L 562 491 795 939
wdm-wjxjy-1.8L 810 535 1028 974
wdm-wjxjy-1.8L 1029 535 1262 979
wdm-wjxjy-2L 1245 560 1539 1018
wdm-wjxjy-800ml 1445 595 1724 1012
wdm-wjxjy-800ml 695 927 870 1314
wdm-wjxjy-800ml 179 897 441 1281
wdm-wjxjy-800ml 739 814 887 1199
wdm-wjxjy-800ml 854 868 997 1235
wdm-wjxjy-800ml 933 956 1087 1347
wdm-wjxjy-800ml 1060 964 1222 1352
wdm-wjxjy-800ml 997 841 1133 1154
wdm-wjxjy-800ml 1116 860 1254 1214
wdm-wjxjy-800ml 1214 906 1412 1270
wdm-wjxjy-800ml 1339 897 1566 1275
wdm-wjxjy-800ml 1479 887 1718 1266
