wdm-cxhy-510g 1006 1403 1120 1756
wdm-cxhy-510g 1097 1403 1206 1756
wdm-spjbsc-500ml 706 1424 814 1783
wdm-spjbsc-500ml 591 1424 711 1789
cbl-hdj-900g 453 1497 608 1803
cbl-hdj-900g 314 1483 476 1812
wdm-btlcjy-500ml 800 1412 920 1759
wdm-btlcjy-500ml 906 1418 1026 1744
wdm-wjxjy-800ml 1182 1371 1323 1739
wdm-wjxjy-800ml 1288 1380 1432 1727
wdm-wjxjy-800ml 1403 1368 1535 1721
wdm-wjxjy-800ml 276 1836 432 2206
wdm-wjxjy-800ml 403 1859 538 2197
wdm-wjxjy-800ml 520 1859 644 2191
wdm-wjxjy-800ml 632 1850 758 2186
wdm-wjxjy-800ml 747 1839 858 2180
wdm-wjxjy-800ml 847 1830 956 2141
wdm-wjxjy-800ml 941 1839 1070 2165
wdm-wjxjy-800ml 1050 1824 1173 2162
wdm-wjxjy-1L 1153 1809 1288 2139
wdm-wjxjy-1L 1267 1789 1394 2124
wdm-wjxjy-500ml 350 915 494 1336
wdm-wjxjy-500ml 473 912 620 1324
wdm-wjxjy-500ml 606 909 741 1330
wdm-wjxjy-500ml 729 909 858 1324
wdm-cxmc-460ml 844 889 982 1333
wdm-cxmc-460ml 961 886 1082 1315
wdm-cxmc-460ml 1061 889 1185 1333
wdm-qxmc-460ml 1161 877 1300 1339
wdm-qxmc-460ml 1261 877 1411 1315
wdm-zplj-450ml 1361 865 1494 1312
wdm-zplj-450ml 1464 871 1591 1336
cbl-hdj-900g 1282 447 1491 800
cbl-hdj-900g 1453 444 1647 789
cbl-lyxdbj-500g 1129 439 1338 644
cbl-lyxdbj-500g 938 430 1156 636
cbl-lyxdbj-300g 108 244 332 459
cbl-lyxdbj-300g 103 427 373 630
cbl-lyxdbj-300g 335 271 561 465
cbl-lyxdbj-300g 326 441 561 633
cbl-lyxdbj-300g 338 603 570 768
cbl-lyxdbj-300g 564 294 785 483
cbl-lyxtmj-300g 774 314 953 488
cbl-lyxtmj-300g 750 456 956 647
cbl-lyxsrdbj-300g 544 459 770 641
