wdm-wjxjy-800ml 455 1174 635 1627
wdm-wjxjy-800ml 603 1171 767 1615
wdm-wjxjy-800ml 741 1156 885 1612
wdm-wjxjy-800ml 855 1165 1026 1600
wdm-wjxjy-800ml 838 439 1053 1092
wdm-wjxjy-800ml 1005 433 1191 1071
wdm-wjxjy-1.3L 391 447 655 1074
wdm-wjxjy-1.3L 620 477 891 1092
wdm-wjxjy-1.8L 850 1630 1032 1977
wdm-wjxjy-1.8L 1026 1633 1244 1965
wdm-wjxjy-1L 1129 480 1388 1086
wdm-wjxjy-1L 1288 492 1558 1074
wdm-spjbsc-500ml 985 1212 1138 1615
wdm-spjbsc-500ml 1100 1218 1258 1606
wdm-spjbsc-500ml 1214 1186 1361 1589
wdm-wjxjy-800ml 708 1665 838 1977
wdm-wjxjy-800ml 591 1671 726 1997
wdm-wjxjy-800ml 476 1677 597 1994
