wdm-wjxjy-800ml 291 1341 482 1800
wdm-wjxjy-800ml 458 1321 629 1756
wdm-wjxjy-800ml 600 1289 758 1703
wdm-wjxjy-500ml 261 27 444 641
wdm-wjxjy-500ml 414 68 582 650
wdm-btlcjy-500ml 553 91 691 656
wdm-btlcjy-500ml 670 118 814 656
wdm-btlcjy-1L 729 1265 879 1662
wdm-btlcjy-1L 864 1241 994 1618
wdm-spjbsc-500ml 1332 733 1438 1112
wdm-spjbsc-500ml 1397 730 1488 1089
wdm-wjxjy-1.3L 467 1821 644 2236
wdm-wjxjy-1.3L 600 1768 779 2180
wdm-wjxjy-1.8L 741 1739 894 2112
wdm-wjxjy-1.8L 870 1671 1017 2050
wdm-wjxjy-1.8L 991 1644 1147 2000
wdm-spjbsc-1.3L 317 1871 500 2318
