wdm-wjxjy-1L 29 1 253 568
wdm-wjxjy-1L 188 12 397 586
wdm-wjxjy-1L 347 21 538 603
wdm-wjxjy-1L 503 39 682 594
wdm-wjxjy-500ml 644 89 803 600
wdm-wjxjy-500ml 773 89 932 609
wdm-wjxjy-800ml 155 636 353 1203
wdm-wjxjy-800ml 320 653 491 1186
wdm-wjxjy-800ml 453 653 611 1177
wdm-wjxjy-800ml 570 647 741 1162
wdm-wjxjy-800ml 708 653 864 1168
wdm-wjxjy-800ml 826 647 991 1156
wdm-wjxjy-800ml 953 650 1091 1133
wdm-btlcjy-500ml 1341 127 1458 597
wdm-btlcjy-500ml 1429 127 1567 583
wdm-btlcjy-500ml 1532 133 1685 577
wdm-spjbsc-500ml 905 77 1047 609
wdm-spjbsc-500ml 1020 77 1153 606
wdm-spjbsc-500ml 1132 94 1270 609
wdm-zphy-510g 1226 106 1353 583
cbl-lhdj-900g 1067 797 1235 1118
cbl-lhdj-900g 1200 800 1355 1124
cbl-lhdj-900g 1332 792 1503 1112
cbl-hdj-900g 1455 786 1614 1083
cbl-lyxdbj-800g 1070 1239 1258 1433
cbl-lyxdbj-800g 1070 1386 1261 1556
cbl-lyxdbj-500g 917 1274 1100 1456
cbl-lyxdbj-500g 929 1415 1100 1580
cbl-lyxdbj-500g 767 1286 961 1480
cbl-lyxdbj-500g 794 1436 961 1621
cbl-lyxdbj-300g 626 1347 805 1506
cbl-lyxdbj-300g 479 1362 653 1518
cbl-lyxdbj-300g 479 1489 653 1630
cbl-lyxdbj-300g 303 1374 497 1550
cbl-lyxdbj-300g 303 1500 500 1665
wdm-wjxjy-1.3L 305 1724 485 2103
wdm-wjxjy-1.3L 453 1703 650 2071
wdm-wjxjy-1.3L 603 1677 797 2044
wdm-wjxjy-1.8L 750 1665 944 2015
wdm-wjxjy-1.8L 914 1642 1100 1994
wdm-wjxjy-1.8L 1067 1621 1250 1971
wdm-wjxjy-2L 1361 1953 1523 2324
wdm-wjxjy-2L 1223 1968 1385 2342
wdm-wjxjy-2L 1088 2021 1244 2383
