cbl-hdj-900g 1003 224 1146 488
cbl-hdj-900g 1171 234 1298 483
cbl-hdj-900g 498 456 598 678
cbl-hdj-900g 583 456 688 709
cbl-hdj-900g 671 461 778 729
cbl-hdj-900g 763 470 883 749
cbl-hdj-900g 866 468 1015 744
cbl-hdj-900g 376 680 466 870
cbl-hdj-900g 442 683 546 895
cbl-hdj-900g 527 697 644 917
cbl-hdj-900g 627 714 739 936
cbl-hdj-900g 717 734 837 973
cbl-hdj-900g 815 758 956 988
cbl-hdj-900g 944 788 1085 1061
cbl-hdj-900g 1046 807 1210 1097
cbl-hdj-900g 1181 829 1351 1122
cbl-hdj-900g 1317 827 1512 1156
cbl-lhdj-900g 978 485 1144 790
