wdm-zphy-510g 570 520 601 681
wdm-zphy-510g 591 516 628 685
wdm-wjxjy-500ml 616 520 645 679
wdm-wjxjy-500ml 639 520 678 685
wdm-wjxjy-500ml 666 514 703 679
wdm-wjxjy-500ml 697 512 733 679
wdm-wjxjy-800ml 810 481 866 693
wdm-wjxjy-800ml 847 481 903 693
wdm-wjxjy-800ml 895 472 962 697
wdm-spjbsc-500ml 722 500 762 687
wdm-spjbsc-500ml 753 497 795 693
wdm-spjbsc-500ml 787 493 833 693
wdm-spjbsc-500ml 676 714 716 885
wdm-spjbsc-500ml 706 716 747 889
wdm-spjbsc-500ml 735 714 776 891
wdm-cxmc-460ml 758 716 806 893
wdm-cxmc-460ml 787 712 831 906
wdm-cxmc-460ml 816 712 862 910
wdm-cxmc-460ml 845 714 889 922
wdm-cxmc-460ml 879 718 924 925
wdm-cxmc-460ml 912 718 964 931
wdm-cxmc-460ml 951 720 999 939
wdm-cxmc-460ml 985 729 1041 943
wdm-cxhy-510g 651 710 687 881
wdm-cxhy-510g 618 702 664 879
wdm-cxhy-510g 587 706 631 872
wdm-btlcjy-1L 949 468 1014 699
wdm-btlcjy-1L 999 458 1078 708
wdm-cxmc-1.3L 1053 462 1143 700
wdm-cxmc-1.3L 1126 460 1218 708
wdm-spsc-2L 706 918 778 1087
wdm-spsc-2L 758 925 824 1097
wdm-spsc-2L 799 935 864 1114
wdm-wjxjy-1L 589 887 635 1045
wdm-wjxjy-1L 618 893 658 1056
wdm-wjxjy-1L 645 900 689 1070
wdm-wjxjy-1L 676 906 724 1079
wdm-wjxjy-1.8L 843 943 939 1135
wdm-wjxjy-1.8L 914 954 1018 1166
wdm-wjxjy-1.3L 989 974 1068 1189
wdm-wjxjy-1.3L 1056 987 1151 1214
wdm-wjxjy-1.3L 1129 1004 1222 1227
lyx-tjyzjy-500ml 1024 729 1087 956
lyx-tjyzjy-500ml 1072 731 1143 970
lyx-tjyzjy-500ml 1126 737 1197 974
