wdm-cxhy-510g 456 19 522 234
wdm-cxhy-510g 505 29 563 234
wdm-zphy-510g 551 24 612 231
wdm-zphy-510g 588 1 656 229
wdm-zplj-450ml 529 268 583 485
wdm-zplj-450ml 568 268 624 488
wdm-zplj-450ml 612 270 668 495
wdm-cxhy-510g 663 283 710 492
wdm-cxhy-510g 700 283 746 490
wdm-cxhy-510g 732 283 790 495
lyx-tjjy-500ml 778 275 842 505
lyx-tjjy-500ml 829 270 898 507
lyx-tjyzjy-500ml 883 270 954 509
lyx-tjyzjy-500ml 942 268 1017 517
lyx-tjyzjy-500ml 1003 266 1076 519
lyx-hsjy-500ml 1068 263 1151 522
lyx-hsjy-500ml 1142 258 1220 529
lyx-hsjy-500ml 1205 258 1290 536
lyx-hsjy-500ml 1281 258 1368 544
wdm-zphy-510g 600 534 656 729
wdm-zphy-510g 642 534 683 739
wdm-zphy-510g 673 534 727 746
wdm-spjbsc-500ml 715 546 776 749
wdm-spjbsc-500ml 759 549 817 761
wdm-spjbsc-500ml 798 553 854 773
wdm-qxmc-460ml 842 551 903 783
wdm-qxmc-460ml 890 553 949 790
wdm-qxmc-460ml 937 553 1003 795
wdm-cxmc-460ml 988 563 1054 805
wdm-cxmc-460ml 1037 563 1105 827
