wdm-btlcjy-500ml 632 1109 741 1494
wdm-btlcjy-500ml 717 1118 823 1491
wdm-cxmc-460ml 800 1086 920 1521
wdm-cxmc-460ml 888 1086 1000 1544
wdm-cxhy-510g 1200 1124 1329 1586
wdm-cxhy-510g 1303 1121 1432 1603
wdm-spjbsc-500ml 1414 1121 1567 1621
wdm-spjbsc-500ml 1547 1136 1703 1615
wdm-zplj-450ml 991 1089 1111 1550
wdm-zplj-450ml 1091 1094 1214 1559
wdm-wjxjy-500ml 547 1100 656 1486
wdm-wjxjy-500ml 467 1103 567 1465
wdm-wjxjy-500ml 391 1083 482 1453
wdm-wjxjy-800ml 1238 1733 1385 2236
wdm-wjxjy-800ml 1350 1753 1500 2303
wdm-wjxjy-800ml 1500 1791 1670 2344
wdm-wjxjy-1L 1094 1694 1253 2183
wdm-wjxjy-1L 973 1691 1114 2136
wdm-wjxjy-1L 850 1662 991 2118
wdm-wjxjy-1L 753 1644 876 2065
wdm-wjxjy-1L 656 1612 788 2021
wdm-wjxjy-1.3L 523 1597 673 2012
wdm-wjxjy-1.3L 397 1559 567 1968
wdm-wjxjy-1.8L 267 1515 426 1947
cbl-hdj-900g 1538 521 1761 918
cbl-hdj-900g 1358 541 1567 924
cbl-hdj-300g 1138 618 1382 739
cbl-hdj-300g 1123 715 1376 836
cbl-lyxtmj-300g 976 627 1158 789
cbl-lyxtmj-300g 829 633 991 789
cbl-lyxtmj-300g 973 771 1153 930
cbl-lyxdbj-500g 553 627 714 789
cbl-lyxdbj-500g 558 768 711 927
cbl-lyxdbj-500g 694 621 861 786
cbl-lyxdbj-500g 688 762 847 921
cbl-lyxdbj-300g 450 677 582 818
cbl-lyxdbj-300g 447 797 582 936
cbl-lyxdbj-300g 335 680 464 818
