wdm-wjxjy-800ml 505 168 576 388
wdm-wjxjy-800ml 566 173 632 388
wdm-wjxjy-800ml 615 170 690 395
wdm-wjxjy-800ml 671 173 742 388
wdm-wjxjy-800ml 734 168 795 390
wdm-wjxjy-800ml 785 163 854 392
wdm-wjxjy-800ml 844 173 907 385
wdm-wjxjy-800ml 903 168 968 388
wdm-wjxjy-800ml 961 166 1027 385
wdm-wjxjy-800ml 1020 161 1090 392
wdm-wjxjy-800ml 1078 161 1149 385
wdm-wjxjy-800ml 1146 158 1217 390
wdm-wjxjy-800ml 1210 158 1276 385
wdm-wjxjy-800ml 1266 156 1337 385
wdm-wjxjy-800ml 1324 153 1395 380
wdm-wjxjy-800ml 820 809 883 992
wdm-wjxjy-800ml 876 812 937 997
wdm-wjxjy-800ml 932 814 995 997
wdm-wjxjy-800ml 988 812 1056 1002
wdm-wjxjy-800ml 1044 814 1110 1002
wdm-wjxjy-800ml 1100 817 1163 1005
wdm-wjxjy-800ml 1159 822 1222 1012
wdm-wjxjy-800ml 1215 822 1283 1017
wdm-wjxjy-800ml 1276 824 1349 1022
wdm-wjxjy-500ml 783 627 832 785
wdm-wjxjy-500ml 824 627 881 783
wdm-wjxjy-500ml 871 627 927 785
wdm-wjxjy-500ml 920 629 973 785
wdm-wjxjy-500ml 966 629 1024 790
wdm-wjxjy-500ml 1015 631 1073 790
wdm-wjxjy-1L 773 809 824 985
wdm-wjxjy-1L 720 807 778 983
wdm-wjxjy-1L 668 802 729 983
wdm-wjxjy-1L 624 800 676 973
wdm-btlcjy-500ml 1317 427 1376 609
wdm-btlcjy-500ml 1266 422 1324 614
wdm-btlcjy-500ml 1217 414 1271 605
wdm-btlcjy-500ml 1163 414 1222 602
wdm-btlcjy-500ml 1115 419 1173 605
wdm-qxmc-460ml 1068 417 1117 605
wdm-qxmc-460ml 1027 417 1073 602
wdm-qxmc-460ml 981 414 1032 612
wdm-qxmc-460ml 934 414 988 602
wdm-cxmc-460ml 883 419 939 600
wdm-cxmc-460ml 842 419 890 602
wdm-cxmc-460ml 803 419 844 605
wdm-cxmc-460ml 756 417 807 600
wdm-cxhy-510g 720 422 763 595
wdm-cxhy-510g 678 419 724 597
wdm-cxhy-510g 637 422 685 600
wdm-cxhy-510g 600 422 642 600
wdm-cxhy-510g 556 412 607 600
wdm-spjbsc-500ml 1071 629 1127 792
wdm-spjbsc-500ml 1117 627 1176 800
wdm-wjxjy-1.3L 946 1024 1015 1175
wdm-wjxjy-1.3L 1005 1027 1081 1178
wdm-wjxjy-1.3L 1073 1024 1146 1180
wdm-wjxjy-1.3L 1142 1036 1215 1190
wdm-wjxjy-1.8L 846 1007 927 1161
wdm-wjxjy-1.8L 776 1005 859 1158
wdm-wjxjy-2L 707 1000 785 1156
wdm-wjxjy-2L 637 995 712 1151
wdm-wjxjy-2L 568 992 651 1149
wdm-wjxjy-2L 571 802 632 973
wdm-cxmc-1.3L 1207 1031 1285 1195
wdm-cxmc-1.3L 1276 1039 1356 1197
wdm-zphy-510g 581 617 627 770
wdm-zphy-510g 620 624 666 775
wdm-zphy-510g 659 627 707 773
wdm-zphy-510g 700 629 746 773
wdm-zphy-510g 742 624 788 775
wdm-zplj-450ml 1166 636 1220 805
wdm-zplj-450ml 1212 636 1266 797
wdm-zplj-450ml 1256 639 1310 797
wdm-zplj-450ml 1307 636 1359 800
