wdm-wjxjy-800ml 1145 727 1279 1145
cbl-hdj-800g 1037 479 1237 666
cbl-hdj-800g 1026 318 1262 510
cbl-lyxdbj-500g 1426 318 1641 524
cbl-lyxdbj-500g 1226 324 1433 525
cbl-lyxdbj-500g 1216 491 1426 672
cbl-lyxdbj-500g 1410 487 1639 687
cbl-lyxdbj-800g 847 325 1054 506
cbl-lyxdbj-800g 858 481 1060 658
cbl-lyxdbj-800g 687 331 879 502
cbl-lyxdbj-800g 699 483 885 645
cbl-lyxdbj-300g 464 504 628 631
cbl-lyxdbj-300g 370 489 508 627
cbl-lyxdbj-300g 510 283 668 410
cbl-lyxdbj-300g 412 289 551 414
cbl-lyxdbj-300g 435 397 570 510
cbl-lyxdbj-300g 526 395 668 512
cbl-lyxtmj-300g 637 379 749 512
cbl-lyxtmj-300g 645 491 749 620
wdm-spjbsc-500ml 470 704 570 1014
wdm-spjbsc-500ml 524 710 651 1027
wdm-spjbsc-1.3L 620 704 768 1052
wdm-spjbsc-1.3L 743 712 895 1083
wdm-cxmc-1.3L 868 718 1028 1104
wdm-wjxjy-1.3L 1008 739 1168 1145
