wdm-wjxjy-800ml 286 925 328 1052
wdm-wjxjy-800ml 325 929 365 1048
wdm-wjxjy-800ml 360 931 399 1046
wdm-wjxjy-800ml 396 928 436 1051
wdm-wjxjy-800ml 433 928 473 1049
wdm-wjxjy-800ml 468 926 510 1049
wdm-wjxjy-800ml 505 929 546 1051
wdm-wjxjy-800ml 296 788 336 911
wdm-wjxjy-800ml 333 785 373 911
wdm-wjxjy-800ml 370 788 410 908
wdm-wjxjy-800ml 406 786 446 905
wdm-wjxjy-800ml 443 786 482 903
wdm-wjxjy-800ml 479 788 517 909
wdm-wjxjy-800ml 514 791 554 914
lyx-hsjy-1L 283 657 320 769
lyx-hsjy-1L 316 659 354 768
lyx-hsjy-1L 351 656 390 765
lyx-hsjy-1L 386 657 425 763
lyx-hsjy-1L 423 659 459 762
lyx-hsjy-1L 459 657 494 762
lyx-hsjy-1L 494 657 528 762
lyx-hsjy-1L 530 660 565 765
lyx-hsjy-500ml 277 525 310 636
lyx-hsjy-500ml 308 526 343 637
lyx-hsjy-500ml 340 526 374 636
lyx-hsjy-500ml 371 526 410 640
lyx-hsjy-500ml 405 526 440 634
lyx-hsjy-500ml 439 528 477 634
lyx-tjyzjy-500ml 473 525 506 636
lyx-tjyzjy-500ml 505 528 540 642
lyx-tjyzjy-500ml 539 528 576 639
wdm-cxhy-510g 382 392 411 509
wdm-cxhy-510g 408 391 439 506
wdm-cxhy-510g 437 392 466 506
wdm-cxhy-510g 463 391 490 508
wdm-cxhy-510g 490 392 519 509
wdm-zphy-510g 517 392 548 511
wdm-zphy-510g 542 397 573 509
wdm-zphy-510g 570 394 599 509
wdm-zphy-510g 596 392 626 512
wdm-zphy-510g 625 394 654 506
lyx-tjjy-1L 562 656 602 769
lyx-tjjy-1L 602 654 637 771
lyx-tjjy-1L 636 649 679 776
lyx-tjjy-1L 679 657 723 768
lyx-tjjy-1L 722 654 762 777
lyx-tjjy-1L 760 654 803 774
lyx-tjjy-500ml 571 526 605 636
lyx-tjjy-500ml 602 526 636 637
lyx-tjjy-500ml 633 528 673 632
lyx-tjjy-500ml 668 525 703 634
lyx-tjjy-500ml 700 523 737 639
lyx-tjjy-500ml 734 523 768 636
lyx-tjjy-500ml 766 520 799 640
