wdm-cxmc-460ml 653 1 844 665
wdm-cxmc-460ml 811 1 967 689
wdm-cxmc-460ml 941 47 1088 715
wdm-wjxjy-500ml 1038 68 1158 727
wdm-wjxjy-500ml 1114 124 1279 750
wdm-wjxjy-500ml 1226 191 1344 780
wdm-wjxjy-1.3L 253 736 564 1544
wdm-wjxjy-1.3L 544 768 767 1494
wdm-spjbsc-500ml 753 827 914 1483
wdm-spjbsc-500ml 885 841 1008 1453
wdm-wjxjy-500ml 970 874 1097 1418
wdm-wjxjy-500ml 1076 900 1203 1421
wdm-wjxjy-500ml 1161 900 1244 1418
cbl-lyxtmj-300g 629 1627 888 1874
cbl-lyxtmj-300g 617 1806 873 2047
cbl-lyxtmj-300g 847 1612 1020 1806
cbl-lyxtmj-300g 832 1750 1017 1974
cbl-lyxdbj-300g 985 1583 1164 1747
cbl-lyxdbj-300g 988 1712 1150 1891
cbl-lyxdbj-300g 1120 1671 1258 1847
cbl-hdj-900g 867 2036 1029 2444
cbl-hdj-900g 997 2006 1129 2333
