wdm-wjxjy-1.3L 690 844 837 1146
wdm-wjxjy-1.3L 810 846 920 1161
wdm-wjxjy-800ml 888 841 1010 1205
wdm-wjxjy-800ml 978 841 1100 1222
wdm-wjxjy-800ml 1073 836 1190 1229
wdm-wjxjy-800ml 1171 834 1300 1249
wdm-wjxjy-800ml 1281 836 1410 1244
wdm-wjxjy-800ml 1383 849 1517 1263
wdm-wjxjy-800ml 1500 839 1639 1258
wdm-wjxjy-800ml 1617 841 1766 1266
cbl-lyxdbj-300g 968 563 1110 685
cbl-lyxdbj-300g 978 656 1124 783
cbl-lyxdbj-300g 856 573 993 688
cbl-lyxdbj-300g 861 666 1007 778
cbl-lyxdbj-300g 737 580 876 695
cbl-lyxdbj-300g 756 678 888 792
cbl-lyxdbj-300g 627 583 761 697
cbl-lyxdbj-300g 634 678 763 783
cbl-lyxdbj-500g 510 575 646 697
cbl-lyxdbj-500g 529 683 663 797
cbl-lyxdbj-500g 415 568 534 697
cbl-lyxdbj-500g 432 683 559 788
cbl-lyxtmj-300g 329 607 437 707
cbl-lyxtmj-300g 337 697 466 797
cbl-lyxtmj-300g 239 614 354 712
cbl-lyxtmj-300g 259 695 366 795
cbl-hdj-900g 700 168 854 409
cbl-hdj-900g 598 170 739 429
cbl-hdj-900g 512 195 654 436
cbl-hdj-900g 427 214 554 444
