cbl-hdj-900g 959 544 1095 744
cbl-hdj-900g 934 302 1056 505
cbl-hdj-900g 873 527 1000 724
cbl-hdj-900g 803 517 905 695
cbl-hdj-900g 720 512 827 675
cbl-hdj-900g 661 502 749 666
cbl-hdj-900g 598 490 681 653
cbl-hdj-900g 534 483 624 641
cbl-hdj-900g 485 470 561 619
cbl-hdj-900g 434 461 503 614
cbl-hdj-900g 388 453 456 607
cbl-hdj-900g 1122 541 1200 714
cbl-hdj-900g 1071 551 1159 722
cbl-hdj-900g 1183 539 1254 697
cbl-hdj-900g 1237 534 1312 690
cbl-hdj-900g 1281 539 1349 683
cbl-hdj-900g 1329 529 1381 680
cbl-hdj-900g 1359 519 1424 666
cbl-lhdj-900g 851 302 959 488
cbl-lhdj-900g 781 302 873 468
cbl-lhdj-900g 693 295 793 458
cbl-lhdj-900g 1034 317 1132 509
cbl-lhdj-900g 1110 327 1181 497
cbl-lhdj-900g 1159 334 1237 509
