lyx-tjjy-160ml 73 169 134 341
lyx-tjjy-160ml 126 175 182 343
lyx-tjjy-160ml 176 172 233 347
lyx-tjjy-160ml 225 173 283 341
lyx-tjjy-500ml 74 378 140 600
lyx-tjjy-500ml 136 381 202 604
lyx-tjjy-500ml 194 380 262 601
lyx-tjjy-500ml 254 381 322 601
lyx-tjjy-500ml 319 384 382 604
lyx-hsjy-500ml 376 386 445 606
lyx-hsjy-500ml 440 387 511 606
lyx-hsjy-500ml 505 390 573 606
lyx-hsjy-500ml 570 389 633 607
lyx-hsjy-500ml 626 392 691 609
lyx-hsjy-500ml 686 389 753 606
lyx-hsjy-500ml 746 392 808 604
lyx-tjjy-1L 514 638 582 840
lyx-tjjy-1L 571 637 640 841
lyx-tjjy-1L 634 638 703 843
lyx-tjjy-1L 696 641 766 843
lyx-tjjy-1L 754 638 823 844
lyx-tjjy-1L 822 638 903 847
lyx-tjjy-1L 888 640 962 846
lyx-hsjy-1L 63 633 153 846
lyx-hsjy-1L 136 633 213 847
lyx-hsjy-1L 200 633 274 846
lyx-hsjy-1L 263 633 337 847
lyx-hsjy-1L 326 633 403 847
lyx-hsjy-1L 391 633 463 846
lyx-hsjy-1L 454 635 520 846
lyx-nmzyjy-380ml 420 123 483 350
lyx-nmzyjy-380ml 479 127 542 352
lyx-tjyzjy-500ml 536 118 606 353
lyx-tjyzjy-500ml 600 121 668 357
lyx-tjyzjy-500ml 666 124 734 358
wdm-zphy-510g 736 130 800 358
wdm-zphy-510g 786 137 848 360
wdm-zphy-510g 837 137 905 360
