wdm-wjxjy-800ml 161 465 320 971
wdm-wjxjy-800ml 300 474 456 991
wdm-wjxjy-800ml 438 477 582 965
wdm-wjxjy-800ml 564 494 708 968
wdm-wjxjy-800ml 679 491 817 968
wdm-wjxjy-800ml 794 494 914 965
wdm-wjxjy-800ml 900 506 1026 959
wdm-wjxjy-800ml 1003 512 1126 953
wdm-wjxjy-800ml 1103 521 1206 959
wdm-wjxjy-1L 1194 541 1320 939
wdm-wjxjy-1L 1300 547 1411 936
wdm-wjxjy-1L 1382 547 1508 933
wdm-wjxjy-1L 1476 556 1597 927
wdm-wjxjy-1L 1564 556 1682 930
wdm-wjxjy-1L 1656 562 1764 930
wdm-wjxjy-500ml 329 1180 461 1574
wdm-wjxjy-500ml 444 1177 573 1547
wdm-wjxjy-500ml 553 1171 667 1530
wdm-wjxjy-500ml 653 1162 767 1509
wdm-wjxjy-500ml 750 1153 861 1491
wdm-btlcjy-500ml 844 1141 944 1483
wdm-btlcjy-500ml 926 1139 1035 1477
wdm-btlcjy-500ml 1011 1127 1120 1477
wdm-spjbsc-500ml 1097 1118 1191 1459
wdm-spjbsc-500ml 1173 1115 1261 1444
wdm-spjbsc-500ml 1253 1106 1338 1436
wdm-cxhy-510g 1326 1089 1411 1424
wdm-cxhy-510g 1391 1100 1476 1412
wdm-cxhy-510g 1458 1091 1538 1403
wdm-zphy-510g 1517 1080 1594 1394
wdm-zphy-510g 1573 1091 1656 1397
wdm-zphy-510g 1629 1077 1717 1386
wdm-wjxjy-800ml 258 1665 400 2065
wdm-wjxjy-800ml 382 1662 508 2050
wdm-wjxjy-800ml 482 1641 611 2018
wdm-wjxjy-800ml 588 1624 708 2003
wdm-wjxjy-800ml 688 1606 803 1980
wdm-wjxjy-800ml 785 1589 894 1965
wdm-wjxjy-800ml 879 1574 982 1947
wdm-wjxjy-800ml 964 1559 1070 1921
wdm-wjxjy-1.3L 1067 1562 1208 1889
wdm-wjxjy-1.3L 1179 1544 1311 1868
wdm-wjxjy-1.3L 1291 1509 1426 1847
wdm-wjxjy-1.3L 1397 1500 1529 1812
wdm-wjxjy-1.3L 1508 1474 1638 1791
