wdm-wjxjy-800ml 650 24 686 166
wdm-wjxjy-800ml 621 24 657 166
wdm-wjxjy-800ml 596 31 628 165
wdm-wjxjy-800ml 565 33 602 165
wdm-wjxjy-800ml 541 37 571 165
wdm-wjxjy-800ml 517 39 550 163
wdm-wjxjy-800ml 491 39 525 162
wdm-wjxjy-500ml 470 49 499 162
wdm-wjxjy-500ml 452 49 479 162
wdm-wjxjy-500ml 431 50 459 165
wdm-wjxjy-500ml 409 52 438 162
wdm-wjxjy-500ml 389 58 415 163
wdm-btlcjy-500ml 368 52 392 163
wdm-btlcjy-500ml 349 63 375 163
wdm-btlcjy-500ml 333 66 357 166
wdm-btlcjy-500ml 315 63 338 165
lyx-hsjy-500ml 323 178 349 276
lyx-hsjy-500ml 341 174 370 281
lyx-hsjy-500ml 362 174 388 278
lyx-hsjy-500ml 383 178 407 279
lyx-hsjy-500ml 397 176 423 283
wdm-spjbsc-500ml 417 179 447 284
wdm-spjbsc-500ml 439 176 465 291
wdm-spjbsc-500ml 459 178 486 291
wdm-spjbsc-500ml 478 179 507 294
wdm-cxmc-460ml 499 178 528 297
wdm-cxmc-460ml 520 176 547 299
wdm-cxmc-460ml 541 179 570 297
wdm-cxmc-460ml 563 176 596 299
wdm-cxhy-510g 586 183 613 304
wdm-cxhy-510g 609 184 636 300
wdm-cxhy-510g 629 183 655 307
wdm-cxhy-510g 649 183 678 305
wdm-wjxjy-1.3L 325 284 362 381
wdm-wjxjy-1.3L 355 287 389 387
wdm-wjxjy-1.3L 381 294 418 394
wdm-wjxjy-1.3L 405 295 444 400
wdm-wjxjy-1.3L 433 297 473 402
wdm-wjxjy-1.8L 465 299 505 412
wdm-wjxjy-1.8L 497 304 538 416
wdm-wjxjy-1L 528 305 571 426
wdm-wjxjy-1L 565 310 600 424
wdm-wjxjy-1L 592 312 629 431
wdm-wjxjy-1L 623 312 660 429
wdm-wjxjy-1L 654 318 692 434
wdm-wjxjy-1L 686 323 729 445
cbl-lyxdbj-300g 665 224 713 271
cbl-lyxdbj-300g 665 265 713 313
cbl-lyxdbj-300g 704 226 757 274
cbl-lyxdbj-300g 704 266 755 318
cbl-lyxtmj-300g 749 229 797 278
cbl-lyxtmj-300g 744 271 797 323
cbl-lyxtmj-300g 791 231 847 281
cbl-lyxtmj-300g 789 271 847 326
cbl-lyxtmj-500g 839 223 897 279
cbl-lyxtmj-500g 838 273 894 334
cbl-lyxtmj-800g 891 218 965 283
cbl-lyxtmj-800g 888 271 962 336
cbl-lyxtmj-800g 960 220 1042 284
cbl-lyxtmj-800g 957 274 1038 344
