wdm-wjxjy-800ml 354 17 473 409
wdm-wjxjy-800ml 466 41 573 419
wdm-wjxjy-800ml 559 61 666 427
wdm-wjxjy-800ml 656 73 756 424
wdm-wjxjy-800ml 742 90 842 427
wdm-wjxjy-800ml 824 107 917 434
wdm-wjxjy-800ml 905 117 995 449
wdm-wjxjy-800ml 983 131 1066 444
wdm-wjxjy-800ml 1051 141 1132 446
wdm-wjxjy-1.3L 1117 178 1232 451
wdm-wjxjy-1.3L 1212 190 1305 456
wdm-wjxjy-1.3L 1288 197 1398 463
wdm-wjxjy-1.3L 1378 209 1471 463
wdm-wjxjy-500ml 329 595 439 895
wdm-wjxjy-500ml 420 600 527 892
wdm-wjxjy-500ml 507 597 612 902
wdm-spjbsc-500ml 595 590 685 883
wdm-spjbsc-500ml 671 588 763 875
wdm-spjbsc-500ml 749 588 827 878
wdm-cxhy-510g 812 592 885 880
wdm-cxhy-510g 871 595 942 863
wdm-cxmc-460ml 929 580 1010 861
wdm-cxmc-460ml 998 583 1071 858
lyx-hsjy-500ml 1056 588 1132 851
lyx-hsjy-500ml 1117 583 1190 844
lyx-tjjy-500ml 1176 595 1249 839
lyx-tjjy-500ml 1237 588 1303 839
wdm-btlcjy-500ml 1293 597 1361 827
wdm-btlcjy-500ml 1349 597 1407 822
wdm-btlcjy-500ml 1393 597 1451 827
cbl-lyxdbj-800g 371 978 532 1141
cbl-lyxdbj-800g 368 1088 529 1234
cbl-lyxdbj-800g 524 961 693 1107
cbl-lyxdbj-800g 522 1061 685 1212
cbl-lyxdbj-500g 710 973 834 1100
cbl-lyxdbj-500g 703 1066 832 1183
cbl-lyxdbj-500g 778 907 890 997
cbl-lyxdbj-500g 829 958 937 1080
cbl-lyxdbj-500g 822 1056 929 1166
cbl-hdj-900g 912 968 1010 1153
cbl-hdj-900g 990 956 1078 1139
cbl-hdj-900g 1056 946 1146 1117
cbl-lyxtmj-300g 1129 944 1234 1041
cbl-lyxtmj-300g 1129 1019 1232 1107
cbl-lyxtmj-300g 1220 934 1310 1024
cbl-lyxtmj-300g 1215 1012 1305 1095
cbl-lyxdbj-300g 1278 863 1376 949
cbl-lyxdbj-300g 1293 931 1373 1012
cbl-lyxdbj-300g 1288 995 1371 1083
cbl-lyxdbj-300g 1368 861 1451 941
cbl-lyxdbj-300g 1356 922 1449 1009
cbl-lyxdbj-300g 1354 990 1446 1066
