wdm-wjxjy-1.8L 168 511 279 752
wdm-wjxjy-1.8L 274 517 380 745
wdm-wjxjy-1.8L 371 514 470 740
wdm-wjxjy-1L 45 828 123 1082
wdm-wjxjy-1L 116 825 194 1079
wdm-wjxjy-1L 194 819 265 1077
wdm-wjxjy-1L 262 819 339 1072
wdm-wjxjy-1L 331 814 408 1065
wdm-btlcjy-1L 399 816 473 1051
wdm-btlcjy-1L 460 808 536 1045
wdm-btlcjy-1L 525 800 596 1036
wdm-btlcjy-1L 585 796 660 1036
wdm-btlcjy-1L 651 791 726 1039
wdm-spsc-2L 553 497 654 732
wdm-spsc-2L 462 496 562 734
cbl-lyxdbj-500g 128 1123 248 1248
cbl-lyxdbj-500g 123 1209 243 1336
cbl-lyxdbj-300g 42 1120 126 1211
cbl-lyxdbj-300g 28 1186 126 1285
cbl-lyxdbj-300g 39 1248 126 1354
cbl-lyxtmj-500g 243 1116 362 1237
cbl-lyxtmj-500g 237 1197 348 1325
cbl-hdj-900g 442 1208 530 1365
cbl-hdj-2kg 513 1154 626 1365
cbl-hdj-2kg 614 1146 725 1365
