cbl-lyxdbj-800g 329 936 585 1150
cbl-lyxdbj-800g 494 956 764 1191
cbl-lyxdbj-500g 653 989 900 1218
cbl-lyxdbj-500g 826 1012 1094 1256
cbl-lyxdbj-500g 791 797 1008 1003
cbl-lyxdbj-500g 976 794 1235 1018
cbl-lyxdbj-300g 1041 1068 1294 1300
cbl-lyxdbj-300g 1141 880 1394 1080
cbl-lyxdbj-300g 1344 886 1623 1115
cbl-lyxdbj-300g 1261 1094 1541 1341
wdm-wjxjy-800ml 591 1250 729 1665
wdm-wjxjy-800ml 706 1286 844 1700
wdm-wjxjy-800ml 811 1306 941 1747
wdm-wjxjy-800ml 911 1330 1082 1809
wdm-wjxjy-800ml 1058 1362 1223 1844
wdm-wjxjy-800ml 1206 1371 1403 1906
cbl-hdj-900g 758 62 964 577
cbl-hdj-900g 941 21 1176 559
cbl-hdj-900g 1153 1 1414 544
cbl-hdj-900g 1373 1 1664 536
