wdm-wjxjy-800ml 14 653 197 1197
wdm-wjxjy-800ml 167 662 344 1200
wdm-wjxjy-800ml 326 668 470 1197
wdm-wjxjy-800ml 456 671 611 1197
wdm-wjxjy-800ml 585 691 717 1183
wdm-wjxjy-800ml 706 700 835 1168
wdm-wjxjy-500ml 823 777 935 1168
wdm-wjxjy-500ml 923 780 1032 1156
wdm-spjbsc-500ml 997 777 1103 1165
wdm-spjbsc-500ml 1088 777 1194 1150
wdm-spjbsc-500ml 1182 783 1279 1162
wdm-spjbsc-500ml 1270 777 1361 1153
wdm-spjbsc-500ml 1353 783 1438 1147
wdm-spjbsc-500ml 1432 783 1520 1136
wdm-spjbsc-500ml 1497 786 1591 1144
wdm-cxhy-510g 1570 794 1650 1121
wdm-cxhy-510g 1650 803 1738 1130
wdm-cxhy-510g 1720 797 1806 1127
