wdm-zphy-510g 94 427 206 806
wdm-zphy-510g 185 430 291 809
wdm-zphy-510g 270 424 376 809
wdm-btlcjy-500ml 358 441 473 809
wdm-btlcjy-500ml 458 439 582 818
wdm-btlcjy-500ml 564 444 673 815
wdm-cxhy-510g 658 427 758 818
wdm-cxhy-510g 747 430 847 815
wdm-cxhy-510g 835 430 926 809
wdm-zplj-450ml 917 406 1026 809
wdm-zplj-450ml 1014 403 1108 809
wdm-zplj-450ml 1106 397 1206 812
wdm-zplj-450ml 1197 400 1300 809
wdm-spjbsc-500ml 1297 418 1408 803
wdm-spjbsc-500ml 1406 415 1514 803
wdm-spjbsc-500ml 1497 412 1617 800
wdm-spjbsc-500ml 1600 406 1723 806
wdm-spjbsc-500ml 1706 406 1823 794
lyx-tjyzjy-500ml 179 936 291 1283
lyx-tjyzjy-500ml 279 941 403 1291
lyx-tjjy-500ml 394 941 506 1294
lyx-tjjy-500ml 500 944 606 1286
wdm-qxmc-460ml 594 933 700 1294
wdm-qxmc-460ml 685 933 779 1291
wdm-cxmc-460ml 776 933 867 1294
wdm-cxmc-460ml 858 927 947 1291
wdm-cxmc-460ml 938 933 1041 1294
wdm-cxmc-460ml 1026 927 1126 1294
wdm-wjxjy-500ml 1111 997 1200 1297
wdm-wjxjy-500ml 1191 1003 1282 1294
wdm-wjxjy-500ml 1276 1006 1361 1300
wdm-spjbsc-500ml 1356 944 1458 1300
wdm-spjbsc-500ml 1447 947 1553 1306
wdm-spjbsc-500ml 1544 939 1661 1303
wdm-spjbsc-500ml 1650 947 1764 1297
wdm-wjxjy-1L 197 1362 314 1706
wdm-wjxjy-1L 297 1365 417 1712
wdm-wjxjy-1L 397 1368 511 1718
wdm-wjxjy-800ml 500 1362 611 1721
wdm-wjxjy-800ml 600 1359 708 1724
wdm-wjxjy-800ml 700 1356 803 1721
wdm-wjxjy-800ml 794 1359 894 1724
wdm-wjxjy-800ml 891 1359 1000 1730
wdm-wjxjy-800ml 988 1362 1091 1733
wdm-wjxjy-800ml 1088 1356 1197 1733
wdm-wjxjy-800ml 1191 1359 1297 1739
wdm-wjxjy-500ml 1291 1415 1391 1733
wdm-wjxjy-500ml 1379 1424 1485 1741
wdm-wjxjy-500ml 1479 1418 1585 1736
wdm-wjxjy-500ml 1573 1403 1682 1741
wdm-spjbsc-1.3L 1506 1812 1661 2124
wdm-spjbsc-1.3L 1373 1800 1514 2136
wdm-spjbsc-1.3L 1247 1803 1391 2124
wdm-wjxjy-1.3L 1123 1791 1258 2118
wdm-wjxjy-1.3L 997 1786 1135 2118
wdm-wjxjy-1.3L 873 1786 1011 2112
wdm-wjxjy-1.3L 750 1780 885 2100
wdm-wjxjy-1.8L 617 1774 764 2106
wdm-wjxjy-1.8L 476 1771 635 2100
wdm-wjxjy-1.8L 341 1759 485 2097
wdm-wjxjy-1.8L 211 1759 353 2091
