cbl-lyxdbj-300g 335 56 526 227
cbl-lyxdbj-300g 343 200 538 359
cbl-lyxdbj-300g 511 83 685 250
cbl-lyxdbj-300g 511 224 699 380
cbl-lyxdbj-300g 676 118 840 271
cbl-lyxdbj-300g 673 247 840 397
cbl-lyxdbj-500g 376 474 576 647
cbl-lyxdbj-500g 379 627 582 791
cbl-lyxdbj-500g 558 494 729 656
cbl-lyxdbj-500g 567 639 735 809
cbl-lyxdbj-500g 717 509 879 662
cbl-lyxdbj-500g 720 650 882 812
cbl-lyxdbj-800g 396 1021 599 1206
cbl-lyxdbj-800g 352 874 552 1044
cbl-lyxdbj-800g 582 1018 779 1197
cbl-lyxdbj-800g 758 1018 935 1186
cbl-lyxdbj-800g 540 877 714 1036
cbl-lyxdbj-800g 702 883 867 1021
cbl-lyxtmj-300g 826 147 988 291
cbl-lyxtmj-300g 820 271 979 433
cbl-lyxtmj-300g 964 165 1126 312
cbl-lyxtmj-300g 961 289 1117 430
cbl-hdj-300g 870 650 1079 744
cbl-hdj-300g 867 721 1079 821
cbl-hdj-300g 1058 653 1229 747
cbl-hdj-300g 1058 739 1220 821
cbl-hdj-900g 729 1583 876 1856
cbl-hdj-900g 849 1565 976 1827
