wdm-wjxjy-800ml 1291 1909 1391 2283
wdm-wjxjy-800ml 1217 1880 1314 2247
wdm-wjxjy-800ml 1153 1847 1253 2200
wdm-wjxjy-800ml 1079 1830 1170 2177
wdm-wjxjy-800ml 1026 1794 1103 2127
wdm-wjxjy-800ml 932 1800 1035 2139
wdm-wjxjy-800ml 873 1783 955 2103
wdm-wjxjy-800ml 814 1765 908 2074
wdm-wjxjy-800ml 744 1753 835 2059
wdm-wjxjy-500ml 1220 1053 1317 1389
wdm-wjxjy-500ml 1117 1053 1226 1383
wdm-wjxjy-500ml 1058 1056 1147 1386
wdm-wjxjy-500ml 1005 1056 1088 1365
wdm-btlcjy-500ml 932 1036 1017 1356
wdm-btlcjy-500ml 858 1042 947 1347
wdm-zplj-450ml 797 1036 882 1336
wdm-zplj-450ml 750 1030 820 1327
wdm-zplj-450ml 688 1039 761 1324
wdm-cxmc-460ml 632 1027 711 1315
wdm-wjxjy-1L 576 1024 661 1315
wdm-wjxjy-1L 523 1033 594 1306
wdm-wjxjy-1L 470 1027 544 1306
wdm-spjbsc-1.3L 376 1021 491 1292
wdm-btlcjy-1L 414 1333 485 1586
wdm-btlcjy-1L 467 1330 558 1606
wdm-spjbsc-500ml 1179 621 1314 994
wdm-cxmc-1.3L 1044 630 1208 994
wdm-zphy-510g 988 656 1085 1003
wdm-wjxjy-1.3L 855 650 1000 997
wdm-wjxjy-1.3L 803 665 914 992
wdm-wjxjy-1.3L 703 668 823 989
wdm-wjxjy-1L 673 1742 758 2039
wdm-wjxjy-1L 614 1733 697 2015
wdm-wjxjy-1L 550 1715 632 1994
wdm-wjxjy-1L 491 1700 576 1968
wdm-wjxjy-1L 417 1680 514 1959
cbl-lyxdbj-300g 376 815 470 906
cbl-lyxdbj-300g 385 894 473 989
cbl-lyxdbj-300g 444 812 541 906
cbl-lyxdbj-300g 453 889 550 994
cbl-lyxdbj-500g 517 786 614 897
cbl-lyxdbj-500g 526 880 620 994
cbl-lyxdbj-500g 582 777 726 892
cbl-lyxdbj-500g 594 877 717 994
lyx-tjjy-500ml 905 1397 994 1700
lyx-tjjy-500ml 985 1406 1079 1718
lyx-tjjy-500ml 1064 1418 1150 1727
lyx-tjyzjy-500ml 835 1392 929 1677
lyx-tjyzjy-500ml 791 1380 867 1653
lyx-tjyzjy-500ml 747 1365 817 1630
