cbl-lyxtmj-300g 617 512 803 686
cbl-lyxtmj-300g 608 642 794 830
cbl-lyxtmj-300g 761 536 926 715
cbl-lyxtmj-300g 761 662 914 836
cbl-lyxtmj-300g 617 950 779 1106
cbl-lyxtmj-300g 617 1080 779 1233
cbl-lyxtmj-300g 735 962 891 1103
cbl-lyxtmj-300g 744 1080 888 1224
cbl-lyxtmj-800g 823 1292 1020 1477
cbl-lyxtmj-800g 847 1430 1003 1597
cbl-lyxtmj-800g 950 1280 1132 1450
cbl-lyxtmj-800g 976 1409 1117 1565
cbl-lyxdbj-800g 717 1456 888 1630
cbl-lyxdbj-800g 703 1318 897 1503
cbl-lyxdbj-800g 600 1333 767 1533
cbl-lyxdbj-800g 614 1492 755 1689
cbl-lyxdbj-300g 858 1074 988 1224
cbl-lyxdbj-300g 861 959 994 1100
cbl-lyxdbj-300g 882 686 1032 847
cbl-lyxdbj-300g 879 568 1038 724
