cbl-lyxdbj-800g 1699 537 1919 789
cbl-lyxdbj-800g 1699 700 1919 956
cbl-lyxdbj-300g 1497 497 1718 675
cbl-lyxdbj-300g 1504 629 1716 814
cbl-lyxdbj-300g 1508 745 1720 941
wdm-wjxjy-500ml 1389 495 1528 943
wdm-wjxjy-500ml 1278 497 1414 933
wdm-wjxjy-500ml 1160 499 1304 929
wdm-wjxjy-800ml 1051 435 1195 893
wdm-wjxjy-800ml 945 447 1091 893
wdm-wjxjy-800ml 853 452 985 875
wdm-wjxjy-800ml 762 460 895 870
wdm-wjxjy-1.3L 568 508 739 862
wdm-wjxjy-1.3L 472 512 628 872
wdm-wjxjy-1.3L 366 518 526 854
wdm-wjxjy-1.3L 285 516 426 847
wdm-wjxjy-800ml 481 1012 608 1333
wdm-wjxjy-800ml 558 1018 691 1349
wdm-wjxjy-800ml 639 1029 776 1366
wdm-wjxjy-1L 853 1087 997 1431
wdm-wjxjy-1L 947 1097 1070 1440
wdm-wjxjy-1L 1049 1118 1174 1440
wdm-wjxjy-1L 1156 1131 1289 1440
wdm-wjxjy-1L 1274 1150 1414 1440
wdm-wjxjy-1L 1399 1174 1539 1440
wdm-wjxjy-1L 1526 1199 1683 1440
wdm-wjxjy-1L 1678 1218 1849 1440
