wdm-wjxjy-1.8L 94 1692 311 2159
wdm-wjxjy-1.8L 264 1703 494 2180
wdm-wjxjy-1.8L 444 1703 661 2162
wdm-wjxjy-1.8L 635 1680 841 2142
wdm-wjxjy-1.8L 811 1692 1008 2144
wdm-wjxjy-1.8L 988 1680 1185 2147
wdm-wjxjy-1.8L 1164 1692 1373 2159
wdm-wjxjy-1.8L 1338 1718 1550 2174
wdm-wjxjy-1.8L 1523 1706 1729 2162
wdm-wjxjy-1.8L 150 1171 341 1586
wdm-wjxjy-1.8L 317 1168 500 1586
wdm-wjxjy-1.8L 479 1183 664 1600
wdm-wjxjy-1.8L 638 1186 823 1592
wdm-wjxjy-1.8L 797 1180 973 1586
wdm-wjxjy-1.8L 953 1174 1141 1592
wdm-wjxjy-1.8L 1108 1180 1288 1592
wdm-wjxjy-1.8L 1258 1165 1444 1592
wdm-wjxjy-1.8L 1417 1168 1605 1592
wdm-wjxjy-1.8L 238 765 420 1144
wdm-wjxjy-1.8L 394 765 564 1156
wdm-wjxjy-1.8L 541 777 708 1153
wdm-wjxjy-1.8L 688 771 855 1162
wdm-wjxjy-1.8L 826 780 994 1150
wdm-wjxjy-1.8L 970 774 1141 1147
wdm-wjxjy-1.8L 1114 759 1282 1136
wdm-wjxjy-1.8L 1258 765 1429 1147
wdm-wjxjy-1.8L 1400 759 1570 1136
wdm-wjxjy-1.3L 314 442 467 786
wdm-wjxjy-1.3L 455 442 594 786
wdm-wjxjy-1.3L 582 439 723 786
wdm-wjxjy-1.3L 711 439 867 792
wdm-wjxjy-1.3L 841 453 1003 792
wdm-wjxjy-1.3L 973 439 1123 792
wdm-wjxjy-1.3L 1108 427 1255 780
wdm-wjxjy-1.3L 1232 427 1379 789
wdm-wjxjy-1.3L 1358 430 1511 792
