cbl-lyxdbj-300g 1364 1444 1585 1618
cbl-lyxdbj-300g 1364 1592 1585 1777
cbl-lyxdbj-300g 1585 1427 1832 1615
cbl-lyxdbj-300g 1567 1589 1820 1797
cbl-hdj-300g 1150 1556 1400 1686
cbl-hdj-300g 1138 1650 1403 1768
cbl-hdj-300g 917 1642 1155 1756
cbl-hdj-300g 929 1553 1188 1689
cbl-lyxtmj-300g 764 1592 955 1759
cbl-lyxtmj-300g 776 1474 967 1621
cbl-lyxtmj-300g 635 1597 791 1747
cbl-lyxtmj-300g 644 1477 797 1621
cbl-lyxtmj-300g 505 1586 655 1744
cbl-lyxtmj-300g 520 1483 667 1615
cbl-lyxdbj-800g 364 1568 529 1736
cbl-lyxdbj-800g 388 1433 611 1597
cbl-lyxtmj-800g 250 1565 403 1736
cbl-lyxtmj-800g 264 1439 417 1594
cbl-lyxtmj-800g 129 1565 282 1724
cbl-lyxtmj-800g 144 1439 303 1594
cbl-lyxtmj-800g 217 1206 355 1342
cbl-lyxtmj-800g 338 1189 500 1339
cbl-lyxtmj-800g 458 1174 623 1324
cbl-lyxdbj-800g 600 1153 761 1324
cbl-lyxdbj-800g 747 1136 926 1306
cbl-lyxdbj-800g 911 1109 1108 1292
cbl-lyxdbj-300g 1088 1121 1267 1268
cbl-lyxdbj-300g 1085 1000 1276 1147
cbl-lyxdbj-300g 1253 1097 1444 1256
cbl-lyxdbj-300g 1250 977 1453 1139
cbl-lyxdbj-300g 1417 939 1626 1115
cbl-lyxdbj-300g 1420 1071 1641 1233
cbl-lyxdbj-300g 1600 889 1808 1077
cbl-lyxdbj-300g 1620 1042 1835 1209
