wdm-cxmc-460ml 1600 886 1829 1553
wdm-cxmc-460ml 1414 850 1655 1494
wdm-spjbsc-500ml 1191 809 1464 1471
wdm-spjbsc-500ml 1029 800 1282 1433
wdm-zplj-450ml 911 777 1132 1371
wdm-zplj-450ml 782 759 1014 1321
wdm-zplj-450ml 676 750 897 1280
wdm-zphy-510g 585 739 803 1250
wdm-zphy-510g 479 739 711 1227
wdm-zphy-510g 400 727 620 1197
lyx-hsjy-500ml 1655 1630 1858 2068
lyx-hsjy-500ml 1494 1621 1697 1977
lyx-tjjy-500ml 1332 1542 1538 1947
lyx-tjjy-500ml 1223 1503 1397 1859
wdm-wjxjy-800ml 1100 1444 1285 1786
wdm-wjxjy-800ml 961 1400 1158 1756
wdm-wjxjy-800ml 841 1347 1032 1703
wdm-wjxjy-800ml 729 1300 917 1668
wdm-wjxjy-800ml 714 1300 917 1668
wdm-wjxjy-800ml 653 1265 823 1621
wdm-wjxjy-800ml 555 1227 744 1577
