wdm-zphy-510g 979 329 1053 622
wdm-zphy-510g 1047 325 1114 616
wdm-zphy-510g 1110 323 1181 614
wdm-zphy-510g 991 645 1062 918
wdm-zphy-510g 1053 648 1120 920
wdm-zphy-510g 1110 650 1183 923
wdm-cxmc-460ml 514 923 591 1193
wdm-cxmc-460ml 570 931 639 1183
wdm-cxmc-460ml 628 935 697 1189
wdm-cxmc-460ml 683 937 756 1195
wdm-qxmc-460ml 447 927 524 1183
wdm-cxhy-510g 1174 320 1249 614
wdm-cxhy-510g 1241 316 1322 616
wdm-cxhy-510g 1308 318 1389 604
wdm-cxhy-510g 1174 648 1245 922
wdm-cxhy-510g 1237 647 1320 922
wdm-cxhy-510g 1303 652 1385 922
