wdm-wjxjy-1.8L 47 797 235 1212
wdm-wjxjy-1.8L 220 797 400 1206
wdm-wjxjy-1.8L 376 800 550 1206
wdm-wjxjy-1.8L 532 794 714 1203
wdm-wjxjy-1.8L 688 783 870 1209
wdm-wjxjy-1.3L 850 809 1008 1200
wdm-wjxjy-1.3L 985 812 1155 1197
wdm-wjxjy-1.3L 1126 800 1303 1197
wdm-wjxjy-1.3L 1264 794 1426 1197
wdm-wjxjy-1.3L 1405 783 1570 1192
wdm-wjxjy-1.3L 1547 794 1708 1183
wdm-zphy-510g 120 1303 232 1686
wdm-zphy-510g 211 1309 335 1686
wdm-zplj-450ml 314 1297 423 1683
wdm-zplj-450ml 405 1294 514 1674
wdm-qxmc-460ml 497 1292 603 1689
wdm-qxmc-460ml 582 1286 694 1686
wdm-spjbsc-500ml 667 1306 791 1694
wdm-spjbsc-500ml 761 1306 873 1692
wdm-cxhy-510g 861 1309 976 1694
wdm-cxmc-460ml 944 1303 1061 1694
wdm-cxmc-460ml 1029 1280 1138 1680
wdm-cxmc-460ml 1114 1280 1229 1677
wdm-btlcjy-500ml 1205 1306 1329 1680
wdm-btlcjy-500ml 1305 1300 1426 1668
wdm-wjxjy-800ml 1405 1244 1553 1665
wdm-wjxjy-800ml 1523 1233 1670 1668
wdm-wjxjy-800ml 1644 1227 1794 1665
wdm-cxmc-1.3L 832 1765 991 2171
wdm-cxmc-1.3L 964 1759 1141 2177
wdm-spjbsc-1.3L 1129 1753 1311 2183
wdm-spjbsc-1.3L 1300 1753 1479 2183
wdm-wjxjy-1.3L 1438 1750 1641 2186
wdm-wjxjy-1.3L 1603 1756 1794 2177
wdm-wjxjy-1.8L 664 1747 853 2192
wdm-wjxjy-1.8L 517 1742 691 2174
wdm-wjxjy-1.8L 338 1739 541 2186
wdm-wjxjy-1.8L 170 1739 361 2189
