cbl-hdj-900g 1 874 173 1177
cbl-lyxdbj-300g 323 506 508 662
cbl-lyxdbj-300g 155 500 338 665
cbl-lyxdbj-500g 1 477 170 668
wdm-btlcjy-1L 464 715 635 1147
wdm-wjxjy-1L 926 700 1055 1121
wdm-wjxjy-1L 1061 697 1191 1106
wdm-wjxjy-1L 1164 709 1305 1121
wdm-wjxjy-1L 1288 703 1429 1094
wdm-wjxjy-800ml 544 147 714 659
wdm-wjxjy-800ml 682 142 835 647
wdm-wjxjy-800ml 811 144 947 647
wdm-wjxjy-800ml 917 159 1038 656
wdm-wjxjy-2L 1685 118 1920 621
wdm-wjxjy-1.8L 1679 668 1885 1083
wdm-wjxjy-500ml 1714 1092 1805 1374
wdm-wjxjy-500ml 1644 1092 1741 1397
wdm-wjxjy-500ml 1564 1115 1667 1412
wdm-wjxjy-500ml 1476 1112 1591 1412
wdm-wjxjy-500ml 1361 1115 1470 1430
wdm-wjxjy-500ml 1276 1133 1400 1433
wdm-wjxjy-500ml 1188 1130 1303 1442
wdm-cxmc-1.3L 491 1150 650 1489
wdm-cxmc-1.3L 344 1162 532 1509
wdm-cxmc-1.3L 211 1171 394 1521
wdm-cxmc-1.3L 47 1174 253 1536
