wdm-spjbsc-1.8L 344 1 544 406
wdm-spjbsc-1.8L 514 24 682 412
wdm-spjbsc-1.3L 650 56 817 430
wdm-spjbsc-1.3L 791 65 938 430
wdm-cxmc-1.3L 923 106 1070 442
wdm-cxmc-1.3L 1038 109 1188 453
wdm-wjxjy-1.3L 1164 133 1297 468
wdm-wjxjy-1.3L 1282 159 1420 477
wdm-wjxjy-1L 344 450 467 827
wdm-wjxjy-1L 455 456 561 827
wdm-wjxjy-1L 550 465 670 836
wdm-wjxjy-1L 653 474 767 842
wdm-btlcjy-1L 750 483 861 847
wdm-btlcjy-1L 850 492 955 844
wdm-btlcjy-1L 944 500 1047 842
wdm-wjxjy-800ml 1035 489 1144 847
wdm-wjxjy-800ml 1129 492 1238 859
wdm-wjxjy-800ml 1223 500 1332 850
lyx-tjjy-885ml 320 892 438 1230
lyx-tjjy-885ml 426 889 526 1239
lyx-tjyzjy-500ml 511 897 611 1230
lyx-tjyzjy-500ml 603 900 705 1224
wdm-zphy-510g 688 909 785 1224
wdm-zphy-510g 764 915 844 1218
wdm-cxhy-510g 832 915 911 1224
wdm-cxhy-510g 905 918 991 1230
wdm-cxmc-460ml 970 894 1050 1230
wdm-cxmc-460ml 1038 903 1120 1218
wdm-spjbsc-500ml 1105 915 1194 1227
wdm-spjbsc-500ml 1179 918 1267 1218
wdm-wjxjy-500ml 1244 939 1338 1218
wdm-wjxjy-500ml 1320 927 1408 1212
cbl-lyxdbj-300g 805 1300 929 1412
cbl-lyxdbj-300g 800 1389 935 1492
cbl-lyxdbj-300g 800 1477 929 1586
cbl-lyxdbj-300g 914 1456 1026 1574
cbl-lyxdbj-300g 914 1365 1041 1477
cbl-lyxdbj-300g 908 1268 1032 1386
cbl-lyxdbj-800g 1253 1439 1391 1562
cbl-lyxdbj-800g 1255 1347 1397 1462
cbl-lyxdbj-800g 1253 1247 1405 1359
cbl-lyxtmj-800g 1120 1436 1267 1571
cbl-lyxtmj-800g 1117 1342 1273 1468
cbl-lyxtmj-800g 1126 1244 1270 1365
cbl-lyxtmj-300g 1020 1465 1141 1577
cbl-lyxtmj-300g 1020 1383 1141 1483
cbl-lyxtmj-300g 1020 1303 1153 1403
cbl-lyxtmj-300g 1020 1230 1138 1321
wdm-wjxjy-800ml 1200 1589 1297 1880
wdm-wjxjy-800ml 1123 1600 1223 1892
wdm-wjxjy-800ml 1044 1606 1138 1892
wdm-wjxjy-800ml 970 1603 1064 1903
wdm-wjxjy-800ml 888 1612 985 1915
wdm-wjxjy-800ml 805 1612 903 1921
wdm-wjxjy-1.8L 682 1618 829 1939
wdm-wjxjy-1.8L 544 1621 700 1959
wdm-wjxjy-1.8L 397 1630 567 1968
