wdm-wjxjy-1.8L 351 481 462 754
wdm-wjxjy-1.8L 429 477 545 760
wdm-wjxjy-1.8L 526 462 660 766
wdm-wjxjy-1.8L 633 458 735 760
wdm-btlcjy-500ml 712 495 795 770
wdm-btlcjy-500ml 783 491 868 775
wdm-wjxjy-500ml 856 485 933 768
wdm-wjxjy-500ml 922 475 1016 770
wdm-wjxjy-500ml 1003 479 1103 773
wdm-wjxjy-800ml 1083 422 1197 777
wdm-wjxjy-800ml 1174 414 1289 775
wdm-wjxjy-800ml 1272 400 1393 775
cbl-lyxdbj-300g 1264 847 1401 964
cbl-lyxdbj-800g 1728 822 1920 977
cbl-lyxtmj-800g 1553 810 1737 960
cbl-lyxtmj-800g 1547 935 1737 1079
cbl-lyxtmj-800g 1389 812 1560 952
cbl-lyxtmj-800g 1383 922 1562 1070
