wdm-wjxjy-1.8L 699 593 864 935
wdm-wjxjy-1.8L 591 577 747 912
wdm-wjxjy-1.8L 824 568 976 895
wdm-wjxjy-1.8L 943 541 1083 856
wdm-wjxjy-1.8L 1051 504 1191 822
wdm-wjxjy-1.3L 1162 506 1279 791
wdm-wjxjy-1.3L 1247 475 1345 756
wdm-wjxjy-1.3L 1324 458 1447 733
wdm-wjxjy-1.3L 1412 431 1520 708
wdm-wjxjy-1.3L 1499 412 1593 677
wdm-wjxjy-1.8L 793 350 947 681
wdm-wjxjy-1.8L 922 325 1070 652
wdm-wjxjy-1.8L 1043 300 1181 614
wdm-wjxjy-1.8L 1137 300 1258 598
wdm-wjxjy-1.8L 1239 283 1358 570
wdm-wjxjy-1.8L 745 329 864 635
wdm-wjxjy-1.8L 835 137 976 477
wdm-wjxjy-1.8L 943 122 1078 448
wdm-wjxjy-1.8L 1049 125 1179 443
wdm-wjxjy-1.8L 1145 108 1260 422
cbl-hdj-900g 714 1000 814 1198
cbl-hdj-900g 862 943 972 1118
cbl-hdj-900g 945 912 1051 1095
cbl-hdj-900g 1026 889 1128 1056
cbl-hdj-900g 1103 860 1203 1039
cbl-hdj-900g 1178 837 1274 1008
cbl-hdj-900g 1253 812 1358 975
cbl-hdj-900g 1335 781 1416 947
cbl-hdj-900g 1399 762 1497 923
cbl-hdj-900g 1478 733 1566 898
wdm-wjxjy-1.8L 1453 933 1549 1120
wdm-wjxjy-1.8L 1366 964 1470 1147
wdm-wjxjy-1.8L 1289 1002 1383 1177
wdm-wjxjy-1.8L 1201 1033 1303 1231
wdm-wjxjy-1.8L 1112 1077 1218 1264
wdm-wjxjy-1.8L 1024 1110 1133 1318
wdm-wjxjy-1.8L 929 1141 1047 1360
wdm-wjxjy-1.8L 824 1191 958 1406
