wdm-wjxjy-1.8L 1353 1450 1570 1783
wdm-wjxjy-1.8L 1208 1486 1400 1821
wdm-wjxjy-1.8L 1058 1533 1270 1868
wdm-wjxjy-1.3L 911 1571 1108 1912
wdm-wjxjy-1.3L 750 1609 961 1971
wdm-wjxjy-1.3L 600 1647 803 2009
wdm-wjxjy-800ml 455 1683 626 2068
wdm-wjxjy-800ml 311 1715 491 2115
wdm-wjxjy-800ml 150 1730 353 2150
wdm-wjxjy-500ml 1514 1053 1703 1415
wdm-wjxjy-500ml 1411 1059 1608 1424
wdm-spjbsc-500ml 1323 1065 1488 1465
wdm-spjbsc-500ml 1226 1089 1388 1474
wdm-spjbsc-500ml 1111 1080 1282 1503
wdm-zphy-510g 1008 1115 1179 1527
wdm-zphy-510g 885 1121 1041 1536
wdm-btlcjy-500ml 750 1144 926 1577
wdm-btlcjy-500ml 644 1147 797 1603
wdm-btlcjy-500ml 503 1174 664 1621
wdm-cxmc-460ml 361 1203 529 1656
wdm-cxmc-460ml 200 1209 388 1686
cbl-lyxtmj-800g 1658 574 1920 836
cbl-lyxtmj-800g 1614 783 1855 1000
cbl-lyxtmj-800g 1429 583 1744 850
cbl-lyxtmj-800g 1411 794 1685 1036
cbl-lyxtmj-300g 1079 677 1332 894
cbl-lyxtmj-300g 1058 830 1303 1059
cbl-lyxdbj-300g 1267 668 1514 886
cbl-lyxdbj-300g 1253 839 1467 1053
