lyx-hsjy-500ml 560 427 639 673
lyx-hsjy-500ml 633 420 706 675
lyx-hsjy-500ml 699 429 768 675
lyx-hsjy-500ml 766 427 835 673
wdm-wjxjy-500ml 889 695 958 908
wdm-wjxjy-500ml 949 698 1016 908
wdm-wjxjy-500ml 1004 697 1072 912
wdm-wjxjy-500ml 1062 697 1129 910
wdm-wjxjy-500ml 1122 695 1193 916
wdm-wjxjy-1.3L 903 931 989 1152
wdm-wjxjy-1.3L 979 933 1064 1150
wdm-wjxjy-1.8L 772 1175 866 1389
wdm-wjxjy-1.8L 860 1175 953 1387
wdm-wjxjy-1.8L 945 1170 1041 1397
wdm-wjxjy-1.8L 1029 1173 1133 1389
lyx-tjyzjy-500ml 547 102 631 379
lyx-tjyzjy-500ml 618 108 712 385
lyx-tjyzjy-500ml 699 112 778 379
