cbl-lyxtmj-300g 56 47 166 141
cbl-lyxtmj-300g 72 120 182 198
cbl-lyxtmj-300g 129 33 236 133
cbl-lyxtmj-300g 147 106 249 198
cbl-lyxdbj-300g 202 35 300 128
cbl-lyxdbj-300g 217 109 330 194
cbl-lyxtmj-800g 271 1 404 107
cbl-lyxtmj-800g 293 93 416 187
cbl-lyxtmj-800g 380 1 507 105
cbl-lyxtmj-800g 395 80 523 188
cbl-lyxdbj-800g 494 52 644 179
cbl-lyxdbj-800g 485 1 622 85
wdm-wjxjy-500ml 198 219 295 409
wdm-wjxjy-500ml 248 212 352 406
wdm-btlcjy-500ml 308 209 395 405
wdm-btlcjy-500ml 349 207 441 407
wdm-spjbsc-500ml 408 201 493 411
wdm-spjbsc-500ml 459 203 548 412
wdm-spjbsc-500ml 525 197 608 410
wdm-cxhy-510g 580 196 657 411
wdm-cxhy-510g 629 197 704 412
wdm-zplj-450ml 681 193 758 419
wdm-zplj-450ml 740 188 813 416
wdm-cxmc-460ml 799 185 875 419
wdm-cxmc-460ml 859 183 935 415
wdm-wjxjy-1.8L 270 443 379 646
wdm-wjxjy-1.8L 344 447 453 655
wdm-wjxjy-1.8L 421 447 534 664
wdm-wjxjy-1.8L 498 451 615 675
wdm-wjxjy-1.8L 586 443 697 665
wdm-wjxjy-1.3L 672 474 772 684
wdm-wjxjy-1.3L 754 479 853 691
wdm-wjxjy-1.3L 840 474 945 703
