cbl-lyxdbj-300g 420 1044 555 1183
cbl-lyxdbj-300g 438 1153 553 1277
cbl-lyxdbj-500g 594 1044 761 1206
cbl-lyxdbj-500g 694 1056 858 1227
cbl-lyxdbj-500g 597 1171 729 1306
cbl-lyxdbj-500g 697 1183 838 1324
cbl-lyxtmj-300g 505 1062 632 1200
cbl-lyxtmj-300g 511 1168 641 1280
cbl-hdj-500g 788 1027 976 1174
cbl-hdj-500g 805 1133 973 1262
cbl-hdj-500g 817 1215 979 1356
cbl-hdj-800g 926 1071 1144 1268
cbl-hdj-800g 947 1227 1129 1383
cbl-hdj-800g 1076 1092 1308 1297
cbl-hdj-800g 1100 1244 1285 1421
cbl-lyxdbj-800g 1238 1112 1476 1336
cbl-lyxdbj-800g 1247 1277 1473 1459
cbl-lyxtmj-800g 1438 1144 1703 1368
cbl-lyxtmj-800g 1432 1300 1676 1503
