wdm-wjxjy-1.8L 191 1694 382 2162
wdm-wjxjy-1.8L 361 1697 573 2159
wdm-wjxjy-1.8L 535 1694 723 2142
wdm-wjxjy-1.8L 703 1706 894 2156
wdm-cxmc-1.3L 864 1718 1047 2150
wdm-cxmc-1.3L 1020 1712 1205 2147
wdm-spjbsc-1.3L 1176 1712 1382 2147
wdm-spjbsc-1.3L 1353 1715 1541 2144
wdm-wjxjy-1.3L 1517 1706 1708 2139
wdm-wjxjy-1.3L 1670 1700 1870 2142
wdm-wjxjy-800ml 1726 1165 1879 1627
wdm-wjxjy-800ml 1594 1174 1755 1624
wdm-wjxjy-800ml 1464 1174 1629 1627
wdm-btlcjy-500ml 1367 1244 1497 1624
wdm-btlcjy-500ml 1255 1247 1403 1630
wdm-cxmc-460ml 1164 1218 1282 1627
wdm-cxmc-460ml 1079 1221 1197 1639
wdm-cxhy-510g 991 1250 1100 1639
wdm-cxhy-510g 900 1247 1011 1639
wdm-spjbsc-500ml 797 1253 920 1642
wdm-spjbsc-500ml 700 1244 817 1639
wdm-qxmc-460ml 608 1233 726 1636
wdm-qxmc-460ml 517 1236 626 1639
wdm-zplj-450ml 423 1233 541 1636
wdm-zplj-450ml 323 1233 444 1630
wdm-zphy-510g 229 1253 335 1633
wdm-zphy-510g 123 1250 253 1639
wdm-wjxjy-1.3L 1623 697 1805 1106
wdm-wjxjy-1.3L 1473 706 1658 1121
wdm-wjxjy-1.3L 1317 715 1505 1127
wdm-wjxjy-1.3L 1179 727 1347 1130
wdm-wjxjy-1.3L 1035 724 1211 1136
wdm-wjxjy-1.3L 885 727 1053 1139
wdm-wjxjy-1.8L 717 689 911 1139
wdm-wjxjy-1.8L 550 703 735 1156
wdm-wjxjy-1.8L 388 697 576 1147
wdm-wjxjy-1.8L 211 712 417 1147
wdm-wjxjy-1.8L 41 709 238 1153
