wdm-wjxjy-800ml 108 459 264 933
wdm-wjxjy-800ml 244 483 394 947
wdm-wjxjy-800ml 370 497 517 947
wdm-wjxjy-800ml 497 512 620 953
wdm-wjxjy-1.3L 603 574 767 971
wdm-wjxjy-1.3L 744 589 914 986
cbl-lyxtmj-800g 661 1809 870 2018
cbl-lyxtmj-800g 653 1950 861 2144
cbl-lyxtmj-300g 994 1853 1144 2012
cbl-lyxtmj-300g 994 1968 1135 2112
cbl-lyxdbj-800g 835 1800 1017 1994
cbl-lyxdbj-800g 826 1942 1005 2124
cbl-lyxdbj-300g 1120 1844 1261 1994
cbl-lyxdbj-300g 1117 1962 1255 2100
cbl-lyxdbj-300g 1229 1842 1388 1986
cbl-lyxdbj-300g 1244 1959 1376 2089
