wdm-wjxjy-800ml 493 518 547 672
wdm-zphy-510g 837 547 876 664
wdm-zphy-510g 860 539 903 670
wdm-zphy-510g 889 543 929 672
wdm-cxhy-510g 958 539 1001 668
wdm-cxhy-510g 989 539 1029 675
wdm-cxhy-510g 1018 535 1056 668
wdm-spjbsc-500ml 1045 533 1091 670
wdm-spjbsc-500ml 1081 539 1122 668
wdm-wjxjy-500ml 481 737 526 874
wdm-wjxjy-500ml 516 737 556 870
wdm-btlcjy-500ml 553 737 599 870
wdm-btlcjy-500ml 591 735 633 875
wdm-btlcjy-1L 626 722 679 872
wdm-btlcjy-1L 668 720 716 872
wdm-wjxjy-1L 814 720 854 866
wdm-wjxjy-1L 843 720 887 866
wdm-wjxjy-1L 878 720 926 866
cbl-lyxdbj-300g 697 902 754 958
cbl-lyxdbj-300g 731 943 785 997
cbl-lyxdbj-300g 685 954 741 1000
cbl-lyxdbj-300g 685 991 735 1035
cbl-lyxdbj-300g 728 993 785 1039
