cbl-hdj-900g 1 318 382 950
cbl-hdj-900g 332 350 676 997
cbl-hdj-900g 655 389 991 1003
cbl-hdj-900g 935 436 1303 997
cbl-hdj-900g 1164 450 1576 1024
cbl-hdj-900g 61 971 394 1436
cbl-hdj-900g 353 980 664 1421
cbl-hdj-900g 608 980 911 1394
cbl-hdj-900g 855 1003 1176 1397
cbl-hdj-900g 1079 1033 1385 1397
cbl-hdj-900g 1279 1033 1608 1403
cbl-hdj-900g 164 1424 426 1771
cbl-hdj-900g 382 1424 641 1747
cbl-hdj-900g 608 1418 853 1724
cbl-hdj-900g 841 1412 1094 1706
cbl-hdj-900g 1023 1409 1282 1694
cbl-hdj-900g 1223 1403 1476 1677
cbl-hdj-900g 217 1721 453 2003
cbl-hdj-900g 426 1727 647 1980
cbl-hdj-900g 617 1712 847 1950
cbl-hdj-900g 826 1697 1035 1939
cbl-hdj-900g 991 1686 1229 1918
cbl-hdj-900g 1150 1677 1397 1903
