wdm-btlcjy-500ml 1228 145 1395 614
wdm-btlcjy-500ml 1103 168 1262 620
wdm-btlcjy-500ml 978 193 1156 637
wdm-btlcjy-500ml 878 218 1049 643
wdm-qxmc-460ml 776 198 956 639
wdm-qxmc-460ml 695 214 874 643
wdm-qxmc-460ml 610 229 797 639
lyx-tjjy-500ml 543 250 701 641
lyx-tjjy-500ml 460 262 637 647
lyx-hsjy-500ml 387 273 558 647
lyx-hsjy-500ml 316 293 487 639
lyx-tjyzjy-500ml 249 304 416 631
lyx-tjyzjy-500ml 187 312 356 631
wdm-cxhy-510g 1310 677 1437 1039
wdm-cxhy-510g 1208 685 1349 1033
wdm-wjxjy-800ml 1095 650 1254 1020
wdm-wjxjy-800ml 999 656 1147 1004
wdm-wjxjy-500ml 899 685 1045 1002
wdm-wjxjy-500ml 822 691 966 1002
wdm-wjxjy-500ml 739 685 887 985
wdm-zphy-510g 672 679 808 981
wdm-zphy-510g 608 675 751 977
wdm-spjbsc-500ml 547 675 679 968
wdm-spjbsc-500ml 483 666 626 956
wdm-zplj-450ml 420 664 574 956
wdm-zplj-450ml 374 660 516 945
wdm-wjxjy-1.8L 1301 1045 1483 1316
wdm-wjxjy-1.8L 1172 1027 1329 1270
wdm-wjxjy-1.8L 1029 1018 1208 1268
wdm-wjxjy-1.8L 920 997 1070 1233
wdm-wjxjy-1.8L 806 983 960 1206
wdm-wjxjy-1.8L 701 973 866 1197
wdm-wjxjy-1.8L 589 973 762 1198
wdm-wjxjy-1.8L 508 964 658 1166
