wdm-wjxjy-800ml 88 81 178 350
wdm-wjxjy-800ml 147 70 234 347
wdm-wjxjy-800ml 208 61 284 341
wdm-wjxjy-800ml 253 45 344 331
wdm-wjxjy-800ml 311 19 400 322
wdm-wjxjy-800ml 379 5 473 313
wdm-wjxjy-800ml 452 1 540 302
wdm-wjxjy-800ml 526 1 624 299
wdm-wjxjy-1.3L 30 103 134 347
wdm-zphy-510g 1 381 47 560
wdm-zphy-510g 23 380 78 563
wdm-zphy-510g 49 377 113 561
wdm-zphy-510g 82 371 146 563
wdm-cxhy-510g 124 368 184 561
wdm-cxhy-510g 165 360 229 564
wdm-cxhy-510g 201 355 271 564
cbl-hdj-900g 249 399 337 571
cbl-hdj-900g 311 394 402 568
wdm-spjbsc-500ml 382 332 463 574
wdm-spjbsc-500ml 437 332 510 574
wdm-zplj-450ml 487 325 565 583
wdm-zplj-450ml 549 322 627 583
wdm-btlcjy-500ml 162 802 221 974
wdm-btlcjy-500ml 201 812 256 989
wdm-btlcjy-500ml 243 818 302 999
wdm-btlcjy-500ml 284 825 346 1010
wdm-wjxjy-500ml 326 834 395 1023
wdm-wjxjy-500ml 376 839 443 1036
wdm-cxmc-460ml 427 848 491 1050
wdm-cxmc-460ml 478 852 542 1063
wdm-cxmc-460ml 529 870 598 1071
wdm-cxmc-460ml 581 884 649 1087
wdm-wjxjy-800ml 78 955 136 1110
wdm-wjxjy-800ml 113 971 172 1129
wdm-wjxjy-800ml 149 984 216 1142
wdm-wjxjy-800ml 192 1000 252 1160
wdm-wjxjy-800ml 233 1009 298 1174
wdm-wjxjy-800ml 275 1028 342 1193
wdm-wjxjy-800ml 327 1035 394 1210
wdm-wjxjy-800ml 376 1054 443 1226
wdm-wjxjy-800ml 427 1071 501 1242
wdm-cxmc-1.3L 478 1079 576 1268
wdm-cxmc-1.3L 556 1105 652 1280
wdm-btlcjy-1L 111 789 187 958
wdm-btlcjy-1L 62 777 137 944
lyx-tjjy-500ml 210 586 282 790
lyx-tjjy-500ml 263 590 326 797
lyx-tjjy-500ml 307 593 372 809
lyx-tjjy-500ml 358 594 429 812
lyx-hsjy-500ml 416 594 488 828
lyx-hsjy-500ml 472 602 544 839
lyx-hsjy-500ml 530 602 611 847
lyx-tjyzjy-500ml 173 592 240 777
lyx-tjyzjy-500ml 127 586 200 770
lyx-tjyzjy-500ml 81 584 153 768
lyx-tjyzjy-500ml 43 579 111 761
