wdm-cxmc-460ml 1231 537 1306 764
wdm-cxmc-460ml 1162 543 1233 758
wdm-cxhy-510g 1099 541 1168 766
wdm-cxhy-510g 1039 548 1116 770
lyx-hsjy-500ml 983 545 1062 748
lyx-hsjy-500ml 914 545 999 752
lyx-tjyzjy-500ml 843 550 928 766
lyx-tjyzjy-500ml 779 552 856 756
lyx-tjjy-500ml 704 556 795 752
lyx-tjjy-500ml 649 554 731 748
wdm-spjbsc-500ml 578 548 666 745
wdm-spjbsc-500ml 520 552 608 748
wdm-wjxjy-800ml 779 970 864 1173
wdm-wjxjy-800ml 845 973 926 1179
wdm-wjxjy-1.3L 899 983 1014 1191
wdm-wjxjy-1.3L 985 991 1089 1200
wdm-wjxjy-1.8L 1070 985 1179 1210
wdm-wjxjy-1.8L 1158 1000 1278 1222
