wdm-zplj-450ml 653 956 747 1289
wdm-zplj-450ml 729 956 832 1294
wdm-cxhy-510g 820 974 905 1300
wdm-cxhy-510g 900 974 982 1297
wdm-wjxjy-500ml 970 986 1064 1289
wdm-wjxjy-500ml 1053 986 1158 1312
wdm-btlcjy-500ml 1147 986 1241 1303
wdm-btlcjy-500ml 1232 983 1332 1300
wdm-wjxjy-500ml 1444 500 1553 830
wdm-wjxjy-500ml 1350 509 1455 836
wdm-wjxjy-1.3L 1208 474 1364 836
wdm-wjxjy-1.3L 1079 474 1226 839
wdm-wjxjy-1.3L 944 483 1100 842
wdm-wjxjy-1.8L 803 456 961 836
wdm-wjxjy-1.8L 658 459 823 830
wdm-wjxjy-1.8L 523 459 679 830
