cbl-hdj-900g 486 33 609 205
cbl-lyxtmj-300g 75 124 144 191
cbl-lyxtmj-300g 98 176 165 232
cbl-lyxdbj-300g 111 124 171 187
cbl-lyxdbj-300g 131 174 197 230
cbl-lyxdbj-300g 144 116 215 184
cbl-lyxdbj-300g 167 171 236 230
cbl-lyxtmj-800g 177 71 266 165
cbl-lyxtmj-800g 207 153 298 225
cbl-lyxtmj-800g 226 69 321 159
cbl-lyxtmj-800g 262 138 347 219
cbl-lyxdbj-800g 312 134 408 220
cbl-lyxdbj-800g 286 69 376 152
cbl-lyxdbj-800g 266 1 350 87
cbl-lyxdbj-800g 309 1 409 80
cbl-lyxdbj-800g 376 1 504 69
cbl-lyxdbj-800g 341 64 441 147
cbl-lyxdbj-800g 400 34 527 141
wdm-btlcjy-1L 876 250 985 496
wdm-btlcjy-1L 809 243 915 478
wdm-btlcjy-1L 745 246 856 469
wdm-btlcjy-1L 682 255 788 475
wdm-btlcjy-500ml 635 279 723 465
wdm-btlcjy-500ml 594 280 676 461
wdm-btlcjy-500ml 549 280 631 455
wdm-spjbsc-500ml 509 267 594 446
wdm-spjbsc-500ml 471 267 554 444
wdm-spjbsc-500ml 441 265 517 437
wdm-zphy-510g 417 265 488 428
wdm-zphy-510g 384 271 468 433
wdm-cxhy-510g 358 269 431 428
wdm-cxhy-510g 335 267 406 426
wdm-cxhy-510g 311 265 384 421
wdm-zplj-450ml 282 259 358 415
wdm-zplj-450ml 258 260 336 412
wdm-zplj-450ml 238 257 309 409
wdm-cxmc-460ml 212 261 290 407
wdm-cxmc-460ml 191 261 267 414
wdm-wjxjy-800ml 267 424 334 556
wdm-wjxjy-800ml 290 428 362 560
wdm-wjxjy-500ml 321 441 386 570
wdm-wjxjy-500ml 348 446 415 573
wdm-wjxjy-500ml 375 450 444 582
lyx-tjyzjy-500ml 408 446 472 583
lyx-tjyzjy-500ml 434 450 504 588
lyx-tjyzjy-500ml 466 453 539 598
lyx-tjyzjy-500ml 497 460 579 607
lyx-tjjy-500ml 544 462 625 609
lyx-tjjy-500ml 591 470 667 616
lyx-tjjy-500ml 631 471 703 624
lyx-tjjy-500ml 667 480 745 639
