cbl-lyxdbj-300g 688 812 832 927
cbl-lyxdbj-300g 697 921 823 1044
cbl-lyxdbj-300g 705 1033 829 1153
cbl-lyxdbj-800g 770 844 985 1018
cbl-lyxdbj-800g 779 986 994 1162
cbl-lyxdbj-300g 1355 412 1541 583
cbl-lyxdbj-300g 1353 271 1550 447
cbl-lyxdbj-800g 1526 380 1755 571
cbl-lyxdbj-800g 1535 200 1767 412
wdm-btlcjy-500ml 1185 174 1332 603
wdm-btlcjy-500ml 1050 194 1188 618
wdm-spjbsc-500ml 944 206 1079 630
wdm-spjbsc-500ml 847 218 970 650
wdm-cxhy-510g 744 221 867 642
wdm-cxhy-510g 641 230 767 656
wdm-wjxjy-500ml 508 253 638 668
wdm-wjxjy-500ml 417 265 541 677
wdm-wjxjy-500ml 317 274 444 683
wdm-wjxjy-800ml 247 239 376 683
wdm-wjxjy-800ml 155 259 291 694
wdm-wjxjy-800ml 47 256 200 709
