wdm-zplj-450ml 379 312 532 821
wdm-zplj-450ml 500 321 653 830
wdm-spjbsc-500ml 629 359 761 827
wdm-spjbsc-500ml 750 380 876 836
wdm-zphy-510g 844 389 964 847
wdm-zphy-510g 944 409 1055 844
wdm-cxhy-510g 1038 415 1150 844
wdm-cxhy-510g 1129 433 1238 847
wdm-cxmc-460ml 1203 415 1305 853
wdm-cxmc-460ml 1270 424 1405 865
lyx-tjjy-500ml 1385 439 1491 859
lyx-tjjy-500ml 1485 447 1600 856
wdm-btlcjy-500ml 1573 471 1700 859
wdm-btlcjy-500ml 1670 483 1779 856
wdm-wjxjy-500ml 517 968 647 1397
wdm-wjxjy-500ml 629 968 773 1394
wdm-wjxjy-800ml 1008 900 1141 1371
wdm-wjxjy-800ml 1120 900 1241 1356
wdm-btlcjy-1L 741 924 903 1400
wdm-btlcjy-1L 876 909 1038 1386
wdm-wjxjy-1.3L 1220 942 1397 1362
wdm-wjxjy-1.3L 1364 944 1517 1350
wdm-wjxjy-1.8L 1503 900 1679 1344
cbl-lyxdbj-300g 529 1621 717 1794
cbl-lyxdbj-300g 538 1747 726 1906
cbl-lyxdbj-800g 976 1503 1191 1709
cbl-lyxdbj-800g 1005 1668 1185 1850
cbl-lyxdbj-800g 1144 1474 1361 1689
cbl-lyxdbj-800g 1155 1639 1353 1827
cbl-lyxtmj-300g 858 1586 1029 1750
cbl-lyxtmj-300g 705 1727 891 1883
cbl-lyxtmj-300g 847 1583 1023 1744
cbl-lyxtmj-300g 850 1715 1032 1856
cbl-lyxtmj-300g 703 1589 867 1771
cbl-lyxtmj-800g 1308 1462 1514 1665
cbl-lyxtmj-800g 1323 1633 1505 1794
cbl-lyxtmj-800g 1464 1444 1682 1642
cbl-lyxtmj-800g 1476 1594 1673 1771
