wdm-spjbsc-500ml 235 1 355 383
wdm-spjbsc-500ml 326 1 432 377
lyx-tjjy-500ml 414 1 532 377
lyx-tjjy-500ml 508 1 611 371
lyx-tjyzjy-500ml 594 1 714 374
lyx-tjyzjy-500ml 697 1 814 359
wdm-wjxjy-500ml 55 424 170 756
wdm-wjxjy-500ml 138 415 253 756
wdm-wjxjy-500ml 211 403 323 753
wdm-wjxjy-1.3L 335 777 494 1121
wdm-wjxjy-1.3L 482 777 614 1118
wdm-spjbsc-1.3L 591 774 738 1118
wdm-spjbsc-1.3L 711 771 853 1127
wdm-wjxjy-800ml 379 1139 488 1474
wdm-wjxjy-800ml 455 1139 570 1477
wdm-wjxjy-1L 541 1150 658 1471
wdm-btlcjy-1L 629 1150 744 1483
wdm-btlcjy-1L 720 1159 829 1483
wdm-btlcjy-1L 808 1162 923 1483
wdm-wjxjy-1.3L 673 1506 829 1824
wdm-wjxjy-1.3L 794 1515 950 1812
wdm-wjxjy-1.8L 923 1850 1064 2183
wdm-wjxjy-1.8L 1050 1856 1200 2206
wdm-btlcjy-500ml 291 421 405 756
wdm-btlcjy-500ml 379 409 485 756
wdm-btlcjy-500ml 461 397 567 756
wdm-btlcjy-500ml 544 397 653 753
