cbl-lyxdbj-300g 626 1697 826 1883
cbl-lyxdbj-300g 647 1815 841 1992
cbl-lyxdbj-800g 1076 1527 1303 1753
cbl-lyxdbj-800g 1241 1492 1470 1715
cbl-lyxdbj-800g 1100 1694 1297 1883
cbl-lyxdbj-800g 1267 1665 1453 1844
cbl-lyxtmj-300g 955 1621 1141 1806
cbl-lyxtmj-300g 961 1765 1135 1918
cbl-lyxtmj-300g 800 1665 994 1850
cbl-lyxtmj-300g 803 1789 1000 1962
cbl-lyxtmj-800g 1403 1465 1620 1680
cbl-lyxtmj-800g 1432 1639 1617 1800
cbl-lyxtmj-800g 1570 1447 1794 1644
cbl-lyxtmj-800g 1573 1580 1770 1771
wdm-btlcjy-500ml 1788 415 1903 830
wdm-btlcjy-500ml 1679 418 1817 839
lyx-tjjy-500ml 1588 389 1720 844
lyx-tjjy-500ml 1482 392 1603 842
wdm-cxmc-460ml 1379 371 1523 862
wdm-cxmc-460ml 1288 374 1408 850
wdm-cxhy-510g 1223 394 1332 856
wdm-cxhy-510g 1123 392 1247 856
wdm-zphy-510g 1023 383 1147 877
wdm-zphy-510g 914 374 1047 874
wdm-spjbsc-500ml 805 362 950 889
wdm-spjbsc-500ml 682 353 841 877
wdm-zplj-450ml 547 318 714 889
wdm-zplj-450ml 414 315 588 897
wdm-wjxjy-500ml 582 1039 738 1489
wdm-wjxjy-500ml 703 1021 864 1480
wdm-btlcjy-1L 829 956 997 1468
wdm-btlcjy-1L 979 936 1141 1450
wdm-wjxjy-800ml 1103 921 1247 1421
wdm-wjxjy-800ml 1203 912 1341 1397
wdm-wjxjy-1.3L 1317 939 1503 1386
wdm-wjxjy-1.3L 1464 936 1626 1359
wdm-wjxjy-1.8L 1603 880 1791 1339
