wdm-wjxjy-800ml 618 693 656 810
wdm-wjxjy-800ml 645 691 683 818
wdm-wjxjy-800ml 674 691 708 822
wdm-wjxjy-1L 703 706 739 820
wdm-btlcjy-1L 731 693 768 824
wdm-btlcjy-1L 756 693 799 827
cbl-lyxtmj-800g 854 731 918 779
cbl-lyxtmj-800g 856 772 916 824
cbl-lyxtmj-300g 906 714 949 762
cbl-lyxtmj-300g 901 606 958 662
cbl-lyxtmj-300g 947 604 1016 662
cbl-lyxtmj-300g 958 566 1014 616
cbl-lyxtmj-300g 916 564 972 618
cbl-lyxdbj-800g 945 670 1001 722
cbl-lyxdbj-800g 943 714 999 770
cbl-lyxdbj-300g 991 687 1039 729
cbl-lyxdbj-300g 991 720 1039 772
cbl-lyxdbj-500g 1031 677 1083 722
cbl-lyxdbj-500g 1035 716 1083 766
cbl-lyxdbj-800g 1106 920 1174 977
cbl-lyxdbj-800g 1108 881 1166 939
