cbl-lyxdbj-300g 1 309 150 527
cbl-lyxdbj-300g 1 503 153 709
cbl-lyxdbj-300g 135 297 382 518
cbl-lyxdbj-300g 138 492 394 706
cbl-lyxdbj-300g 353 277 620 509
cbl-lyxdbj-300g 358 474 629 689
cbl-hdj-300g 585 292 914 442
cbl-hdj-300g 594 424 914 562
cbl-hdj-300g 597 542 908 680
cbl-lyxtmj-300g 876 268 1141 486
cbl-lyxtmj-300g 867 456 1120 680
cbl-lyxtmj-300g 1111 250 1391 486
cbl-lyxtmj-300g 1103 456 1370 674
cbl-lyxdbj-500g 14 844 276 1092
cbl-lyxdbj-500g 20 1053 300 1292
cbl-lyxdbj-500g 241 830 508 1083
cbl-lyxdbj-500g 253 1047 520 1283
cbl-lyxdbj-500g 470 842 741 1083
cbl-lyxdbj-500g 485 1042 753 1286
cbl-hdj-500g 705 880 1014 1097
cbl-hdj-500g 703 1059 1032 1277
cbl-hdj-500g 988 883 1326 1089
cbl-hdj-500g 997 1062 1317 1277
cbl-hdj-800g 1297 789 1614 1042
cbl-hdj-800g 1294 1012 1603 1262
cbl-hdj-800g 1588 774 1920 1033
cbl-hdj-800g 1588 1009 1920 1256
cbl-lyxdbj-800g 1 1368 267 1627
cbl-lyxdbj-800g 1 1559 288 1847
cbl-lyxdbj-800g 226 1356 550 1633
cbl-lyxdbj-800g 505 1353 811 1621
cbl-lyxdbj-800g 517 1559 805 1821
cbl-lyxtmj-800g 785 1356 1070 1615
cbl-lyxtmj-800g 788 1559 1070 1836
cbl-lyxtmj-800g 1047 1368 1350 1621
cbl-lyxtmj-800g 1044 1533 1350 1839
cbl-lyxtmj-800g 1358 1362 1673 1621
cbl-lyxtmj-800g 1344 1544 1676 1856
cbl-lyxtmj-800g 1647 1356 1920 1633
cbl-lyxtmj-800g 1617 1544 1920 1836
cbl-hdj-900g 764 1930 985 2377
cbl-hdj-900g 950 1924 1179 2368
cbl-hdj-900g 1141 1927 1353 2380
cbl-hdj-900g 1314 1930 1553 2394
cbl-hdj-900g 1520 1930 1741 2394
cbl-hdj-900g 1711 1918 1920 2394
