wdm-btlcjy-1L 1 1006 305 1892
wdm-btlcjy-1L 179 1030 576 1909
lyx-tjjy-500ml 444 1162 808 1942
lyx-tjjy-500ml 682 1186 1014 1997
wdm-zplj-450ml 929 1209 1208 2027
wdm-zplj-450ml 1097 1215 1438 2042
wdm-qxmc-460ml 1308 1236 1644 2083
wdm-qxmc-460ml 1526 1271 1841 2106
cbl-lyxdbj-800g 935 194 1364 615
cbl-lyxdbj-800g 897 518 1303 886
cbl-lyxdbj-800g 1323 256 1782 671
cbl-lyxdbj-800g 1285 547 1717 971
cbl-hdj-800g 550 139 985 556
cbl-hdj-800g 503 462 914 815
cbl-hdj-800g 85 412 526 780
cbl-hdj-800g 114 80 567 500
