wdm-wjxjy-3.78L 1032 671 1247 1053
wdm-wjxjy-1L 685 686 779 983
wdm-wjxjy-1L 614 683 711 971
wdm-wjxjy-1L 517 674 620 971
wdm-wjxjy-1L 467 668 555 953
wdm-wjxjy-1L 400 659 491 950
wdm-btlcjy-1L 747 680 847 992
wdm-btlcjy-1L 817 686 920 1006
wdm-btlcjy-1L 908 703 1023 1021
wdm-qxmc-460ml 1214 727 1303 1036
wdm-qxmc-460ml 1288 724 1405 1050
wdm-qxmc-460ml 1388 733 1500 1056
cbl-lhdj-900g 1132 365 1255 603
cbl-lhdj-900g 1035 365 1150 609
cbl-hdj-900g 935 368 1047 600
cbl-hdj-900g 855 368 961 600
cbl-hdj-900g 776 368 879 594
cbl-hdj-900g 694 374 803 592
cbl-hdj-900g 620 371 720 583
cbl-hdj-900g 538 377 650 586
cbl-hdj-900g 461 371 564 580
cbl-hdj-900g 411 377 497 577
wdm-cxmc-1.3L 1317 1162 1453 1474
wdm-cxmc-1.3L 1211 1153 1347 1447
wdm-cxmc-1.3L 1108 1133 1247 1418
wdm-wjxjy-1.8L 1003 1097 1147 1406
wdm-wjxjy-1.8L 903 1080 1038 1365
wdm-wjxjy-1.8L 803 1071 929 1356
wdm-wjxjy-1.8L 711 1044 826 1333
wdm-wjxjy-1.8L 623 1030 741 1309
wdm-wjxjy-1.8L 467 1003 597 1268
