wdm-wjxjy-500ml 161 1368 355 1842
wdm-wjxjy-500ml 297 1371 482 1806
wdm-zplj-450ml 435 1359 611 1771
wdm-zplj-450ml 564 1350 705 1730
wdm-cxmc-460ml 673 1342 817 1742
wdm-cxmc-460ml 791 1333 920 1730
wdm-cxmc-460ml 900 1315 1038 1724
wdm-zphy-510g 1011 1324 1144 1739
wdm-zphy-510g 1120 1318 1253 1742
wdm-spjbsc-500ml 1214 1297 1338 1677
wdm-spjbsc-500ml 1294 1292 1444 1718
wdm-spjbsc-500ml 1411 1286 1544 1689
wdm-btlcjy-500ml 1505 1271 1676 1718
wdm-btlcjy-500ml 1626 1280 1803 1703
wdm-spsc-2L 182 1862 447 2309
wdm-wjxjy-1.8L 614 1844 841 2274
wdm-wjxjy-1.3L 794 1853 988 2262
wdm-wjxjy-1.3L 967 1842 1158 2244
wdm-wjxjy-1.3L 1144 1818 1303 2197
wdm-wjxjy-800ml 1288 1803 1438 2209
wdm-wjxjy-800ml 1420 1794 1561 2200
wdm-wjxjy-800ml 1535 1777 1697 2197
