cbl-lyxtmj-300g 1617 462 1841 653
cbl-lyxtmj-300g 1635 306 1870 497
cbl-lyxtmj-300g 1450 471 1644 647
cbl-lyxtmj-300g 1476 327 1670 497
cbl-lyxtmj-300g 1317 342 1503 503
cbl-lyxtmj-800g 832 494 991 662
cbl-lyxtmj-800g 847 359 1011 521
cbl-lyxdbj-800g 729 374 873 524
cbl-lyxdbj-800g 720 500 864 653
cbl-lyxdbj-500g 967 365 1135 524
cbl-lyxdbj-500g 953 500 1097 659
cbl-lyxdbj-300g 1076 383 1220 533
cbl-lyxdbj-300g 1064 494 1208 656
cbl-lyxdbj-300g 1200 362 1353 515
cbl-lyxdbj-300g 1185 492 1350 659
cbl-hdj-900g 638 397 758 662
cbl-hdj-900g 579 412 676 665
cbl-lhdj-900g 517 424 614 653
cbl-lhdj-900g 450 427 550 656
wdm-cxhy-510g 429 727 500 1030
wdm-cxhy-510g 473 730 553 1030
wdm-cxhy-510g 508 733 597 1042
wdm-cxhy-510g 555 739 644 1036
wdm-spjbsc-500ml 603 730 700 1056
wdm-spjbsc-500ml 650 739 764 1065
wdm-spjbsc-500ml 708 744 826 1083
wdm-spjbsc-500ml 770 739 888 1094
wdm-spjbsc-500ml 853 750 964 1097
wdm-btlcjy-500ml 905 762 1035 1118
wdm-btlcjy-500ml 979 759 1103 1133
wdm-btlcjy-500ml 1047 759 1185 1150
wdm-wjxjy-500ml 1135 774 1276 1171
wdm-wjxjy-500ml 1217 774 1370 1177
wdm-wjxjy-500ml 1317 777 1491 1197
wdm-wjxjy-500ml 1417 780 1588 1215
wdm-wjxjy-500ml 1526 786 1714 1242
wdm-spjbsc-1.3L 447 1080 567 1383
wdm-spjbsc-1.3L 511 1094 629 1415
wdm-spjbsc-1.3L 573 1100 691 1433
wdm-spjbsc-1.3L 632 1103 750 1459
wdm-spjbsc-1.3L 697 1130 823 1480
wdm-spjbsc-1.3L 764 1139 903 1500
wdm-spjbsc-1.3L 844 1153 970 1518
wdm-wjxjy-800ml 908 1174 1044 1553
wdm-wjxjy-800ml 979 1194 1135 1594
wdm-wjxjy-800ml 1061 1206 1214 1621
wdm-wjxjy-800ml 1161 1230 1335 1647
wdm-wjxjy-800ml 1244 1250 1429 1689
wdm-wjxjy-800ml 1358 1262 1555 1736
wdm-wjxjy-800ml 1505 1280 1682 1759
wdm-wjxjy-800ml 1608 1277 1750 1736
wdm-cxmc-1.3L 1347 1877 1553 2333
wdm-cxmc-1.3L 1208 1803 1420 2271
wdm-wjxjy-1.3L 1076 1742 1267 2174
wdm-wjxjy-1.3L 935 1692 1120 2077
wdm-wjxjy-1.8L 791 1597 976 1992
wdm-wjxjy-1.8L 700 1550 873 1942
wdm-wjxjy-1.8L 626 1512 782 1877
wdm-wjxjy-1.8L 547 1468 694 1824
