wdm-wjxjy-800ml 247 1065 405 1456
wdm-wjxjy-800ml 344 1071 488 1477
wdm-wjxjy-500ml 441 1142 579 1497
wdm-wjxjy-500ml 526 1153 670 1506
wdm-btlcjy-500ml 620 1162 764 1515
wdm-btlcjy-500ml 726 1153 855 1533
wdm-zplj-450ml 803 1136 947 1547
wdm-zplj-450ml 905 1144 1032 1562
wdm-zplj-450ml 988 1150 1129 1577
wdm-cxhy-510g 1100 1177 1223 1571
wdm-cxhy-510g 1194 1186 1317 1589
wdm-cxhy-510g 1291 1192 1417 1597
wdm-spjbsc-500ml 1385 1194 1541 1627
wdm-spjbsc-500ml 1494 1224 1655 1642
wdm-wjxjy-1.3L 1041 1621 1223 1968
wdm-wjxjy-1.3L 917 1594 1085 1930
wdm-wjxjy-1.3L 779 1565 953 1889
wdm-wjxjy-1.8L 638 1536 832 1868
wdm-wjxjy-1.8L 505 1512 685 1836
wdm-wjxjy-1.8L 382 1497 553 1789
wdm-wjxjy-1.8L 223 1456 435 1756
