wdm-spjbsc-500ml 100 442 270 968
wdm-spjbsc-500ml 244 444 397 959
wdm-zphy-510g 370 462 514 971
wdm-zphy-510g 476 483 608 986
lyx-hsjy-500ml 591 474 735 977
wdm-btlcjy-500ml 714 518 850 986
wdm-btlcjy-500ml 838 530 973 997
wdm-btlcjy-500ml 947 533 1123 992
lyx-tjjy-500ml 1064 509 1214 989
lyx-tjjy-500ml 1194 515 1329 1003
lyx-tjjy-500ml 1311 524 1455 1006
wdm-cxmc-460ml 1417 518 1576 1009
wdm-cxmc-460ml 1520 524 1697 1003
wdm-zplj-450ml 1632 524 1797 1015
wdm-wjxjy-800ml 191 1962 320 2353
wdm-wjxjy-800ml 297 1962 429 2350
wdm-wjxjy-800ml 408 1959 535 2359
wdm-wjxjy-800ml 511 1956 650 2342
wdm-wjxjy-800ml 617 1956 758 2342
wdm-wjxjy-800ml 723 1959 853 2342
wdm-wjxjy-1.8L 832 1947 997 2321
wdm-wjxjy-1.8L 985 1942 1164 2324
wdm-wjxjy-1.8L 1129 1909 1323 2336
wdm-wjxjy-1.8L 1279 1924 1447 2309
wdm-wjxjy-1.8L 1414 1924 1594 2292
