wdm-wjxjy-1.8L 20 1536 226 1983
wdm-wjxjy-1.8L 182 1544 403 1989
wdm-wjxjy-1.8L 358 1530 573 1983
wdm-wjxjy-1.8L 547 1524 761 1962
wdm-wjxjy-1.8L 729 1518 920 1974
wdm-wjxjy-1.8L 894 1512 1082 1971
wdm-wjxjy-1.8L 1067 1524 1267 1962
wdm-wjxjy-1.8L 1232 1553 1438 1994
wdm-wjxjy-1.8L 1420 1544 1623 1986
wdm-wjxjy-1.8L 167 592 344 989
wdm-wjxjy-1.8L 323 606 491 1006
wdm-wjxjy-1.8L 467 615 644 994
wdm-wjxjy-1.8L 605 600 794 1015
wdm-wjxjy-1.8L 758 618 929 1015
wdm-wjxjy-1.8L 900 600 1067 994
wdm-wjxjy-1.8L 1044 592 1217 994
wdm-wjxjy-1.8L 1191 592 1355 989
wdm-wjxjy-1.8L 1344 589 1508 983
wdm-wjxjy-1.8L 247 274 405 630
wdm-wjxjy-1.8L 376 256 541 636
wdm-wjxjy-1.8L 508 259 667 633
wdm-wjxjy-1.8L 644 253 800 639
wdm-wjxjy-1.8L 776 271 941 630
wdm-wjxjy-1.8L 911 274 1070 633
wdm-wjxjy-1.8L 1050 265 1205 630
wdm-wjxjy-1.8L 1173 259 1332 630
wdm-wjxjy-1.8L 1308 244 1473 627
