wdm-wjxjy-800ml 626 321 841 1027
wdm-wjxjy-800ml 761 377 997 1077
wdm-wjxjy-800ml 864 436 1150 1159
wdm-btlcjy-1L 1020 556 1379 1280
wdm-btlcjy-1L 1161 624 1576 1389
wdm-btlcjy-500ml 1329 797 1705 1471
wdm-wjxjy-500ml 1485 894 1908 1603
wdm-spjbsc-500ml 611 1180 767 1609
wdm-spjbsc-500ml 694 1236 864 1671
wdm-spjbsc-500ml 767 1318 950 1742
wdm-qxmc-460ml 835 1362 1032 1830
wdm-qxmc-460ml 908 1453 1129 1918
wdm-cxhy-510g 1408 1815 1717 2312
wdm-cxhy-510g 1514 1921 1855 2406
wdm-cxhy-510g 1667 2018 1920 2494
lyx-tjjy-500ml 1026 1542 1297 2021
lyx-tjjy-500ml 1164 1615 1444 2097
lyx-tjjy-500ml 1288 1709 1603 2206
