cbl-lyxdbj-800g 1 724 476 1083
cbl-lyxdbj-800g 1 400 488 783
cbl-lyxdbj-800g 426 483 791 856
cbl-lyxdbj-800g 388 765 761 1109
cbl-lyxdbj-300g 1114 768 1311 971
cbl-lyxdbj-300g 1103 930 1294 1150
cbl-lyxdbj-300g 1250 792 1432 989
cbl-lyxdbj-300g 1247 959 1417 1144
cbl-lyxtmj-800g 703 568 1035 889
cbl-lyxtmj-800g 688 824 1005 1136
cbl-lyxtmj-300g 958 733 1158 956
cbl-lyxtmj-300g 935 915 1147 1142
cbl-hdj-900g 1350 765 1532 1162
cbl-hdj-900g 1467 794 1623 1171
cbl-lhdj-900g 1558 827 1700 1159
cbl-lhdj-900g 1629 844 1773 1159
