cbl-lyxtmj-300g 1539 291 1662 397
cbl-lyxtmj-300g 1433 289 1558 397
cbl-lyxdbj-300g 1329 287 1453 393
cbl-lyxdbj-300g 1220 287 1345 397
cbl-lyxdbj-300g 1222 198 1351 306
cbl-lyxdbj-300g 1297 189 1401 291
cbl-lyxdbj-800g 1095 268 1239 391
cbl-lyxdbj-800g 964 264 1114 393
cbl-lyxdbj-800g 974 162 1122 287
cbl-lyxdbj-800g 843 262 978 389
cbl-lyxdbj-800g 841 152 987 289
cbl-lyxtmj-800g 714 260 864 395
wdm-zplj-450ml 776 460 860 733
wdm-zplj-450ml 849 462 931 741
wdm-cxmc-460ml 937 460 1018 735
wdm-cxmc-460ml 1037 456 1116 735
wdm-cxmc-460ml 1101 462 1197 733
wdm-zphy-510g 1189 464 1278 733
wdm-zphy-510g 1258 466 1354 725
wdm-btlcjy-500ml 1351 479 1454 725
wdm-btlcjy-500ml 1431 475 1528 727
wdm-spjbsc-500ml 693 772 770 1004
wdm-spjbsc-500ml 756 777 828 1000
wdm-cxhy-510g 1241 781 1328 1016
wdm-cxhy-510g 1295 785 1381 1014
lyx-tjyzjy-500ml 1083 775 1166 1016
lyx-tjyzjy-500ml 1153 775 1235 1016
lyx-tjjy-500ml 964 775 1045 1014
lyx-tjjy-500ml 897 777 976 1014
wdm-wjxjy-800ml 1322 1075 1404 1306
wdm-wjxjy-800ml 1258 1073 1349 1314
wdm-wjxjy-800ml 1197 1075 1279 1308
wdm-wjxjy-800ml 1131 1072 1220 1310
wdm-wjxjy-800ml 1066 1075 1151 1312
wdm-wjxjy-800ml 1008 1068 1081 1304
wdm-wjxjy-800ml 943 1073 1020 1308
wdm-wjxjy-1.8L 851 1068 953 1308
wdm-wjxjy-2L 733 1070 849 1302
