wdm-btlcjy-500ml 282 733 376 1089
wdm-btlcjy-500ml 355 742 447 1118
wdm-wjxjy-500ml 426 759 511 1136
wdm-wjxjy-500ml 488 765 576 1130
wdm-wjxjy-800ml 558 733 673 1156
wdm-wjxjy-800ml 641 747 770 1180
wdm-qxmc-460ml 726 777 841 1197
wdm-qxmc-460ml 800 780 914 1230
wdm-spjbsc-500ml 1550 209 1764 803
wdm-spjbsc-500ml 1682 203 1908 818
wdm-cxhy-510g 1694 944 1900 1453
wdm-btlcjy-1L 982 1327 1144 1703
wdm-btlcjy-1L 876 1315 1038 1689
wdm-wjxjy-1L 791 1277 923 1639
wdm-wjxjy-1L 714 1242 841 1597
wdm-wjxjy-1.8L 617 1212 747 1565
wdm-wjxjy-1.8L 508 1189 653 1533
lyx-hsjy-500ml 741 230 867 709
lyx-hsjy-500ml 829 227 973 697
lyx-tjyzjy-500ml 944 224 1097 733
lyx-tjyzjy-500ml 1041 215 1214 742
lyx-tjjy-500ml 1158 206 1335 742
lyx-tjjy-500ml 1279 206 1473 765
lyx-tjjy-500ml 1411 189 1626 780
