cbl-hdj-900g 531 600 605 736
cbl-hdj-900g 592 596 673 736
cbl-lyxtmj-300g 598 418 681 483
cbl-lyxtmj-300g 601 470 684 538
cbl-lyxtmj-300g 537 470 610 535
cbl-lyxtmj-300g 534 419 611 484
cbl-lyxtmj-300g 466 473 544 541
cbl-lyxtmj-300g 469 421 540 486
cbl-lyxdbj-300g 401 474 475 544
cbl-lyxdbj-300g 401 418 484 489
cbl-lyxdbj-300g 337 479 411 547
cbl-lyxdbj-300g 331 422 405 492
cbl-lyxdbj-300g 266 480 342 550
cbl-lyxdbj-300g 262 423 342 494
cbl-lyxdbj-300g 197 481 275 552
cbl-lyxdbj-300g 195 428 275 493
cbl-lyxdbj-300g 130 484 204 550
cbl-lyxdbj-300g 124 425 205 496
cbl-lyxdbj-300g 58 487 133 550
cbl-lyxdbj-300g 50 428 136 496
cbl-lyxdbj-300g 147 665 236 750
cbl-lyxdbj-300g 224 664 300 748
cbl-hdj-500g 287 623 378 697
cbl-hdj-500g 289 680 382 748
cbl-hdj-500g 369 621 465 693
cbl-hdj-500g 373 680 462 739
cbl-hdj-500g 452 615 547 684
cbl-hdj-500g 456 677 542 741
cbl-lyxtmj-800g 508 790 605 880
cbl-lyxtmj-800g 514 852 610 944
cbl-lyxtmj-800g 436 792 526 886
cbl-lyxtmj-800g 437 865 530 948
cbl-lyxtmj-800g 356 797 444 887
cbl-lyxtmj-800g 355 865 446 947
cbl-lyxdbj-800g 275 800 365 893
cbl-lyxdbj-800g 275 865 360 954
cbl-lyxdbj-800g 191 799 287 896
cbl-lyxdbj-800g 189 874 287 957
cbl-lyxdbj-800g 105 799 205 899
