wdm-btlcjy-500ml 1726 1415 1920 1906
wdm-btlcjy-500ml 1535 1427 1758 1906
wdm-spjbsc-500ml 1411 1403 1600 1809
wdm-spjbsc-500ml 1261 1389 1441 1844
wdm-spjbsc-500ml 1158 1380 1308 1768
wdm-zphy-510g 1035 1383 1191 1815
wdm-zphy-510g 905 1386 1061 1792
wdm-cxmc-460ml 782 1353 947 1747
wdm-cxmc-460ml 644 1347 820 1744
wdm-cxmc-460ml 517 1344 697 1744
wdm-zplj-450ml 397 1324 582 1706
wdm-zplj-450ml 250 1324 473 1733
wdm-wjxjy-500ml 111 1324 332 1753
wdm-wjxjy-500ml 1 1303 200 1756
wdm-spsc-2L 61 1815 350 2189
wdm-wjxjy-1.8L 482 1850 729 2262
wdm-wjxjy-1.3L 673 1909 888 2289
wdm-wjxjy-1.3L 867 1924 1097 2309
wdm-wjxjy-1.3L 1067 1930 1282 2315
wdm-wjxjy-800ml 1250 1942 1420 2350
wdm-wjxjy-800ml 1394 1974 1582 2371
wdm-wjxjy-800ml 1547 2006 1735 2397
