cbl-lyxdbj-300g 591 1727 779 1936
cbl-lyxdbj-300g 747 1677 955 1877
cbl-lyxdbj-300g 641 1827 803 2009
cbl-lyxdbj-300g 773 1789 950 1977
cbl-lyxtmj-300g 917 1647 1105 1839
cbl-lyxtmj-300g 1058 1609 1244 1780
cbl-lyxtmj-300g 929 1771 1100 1936
cbl-lyxtmj-300g 1082 1727 1238 1868
cbl-lyxdbj-800g 1155 1459 1391 1694
cbl-lyxdbj-800g 1323 1421 1541 1644
cbl-lyxdbj-800g 1217 1592 1405 1800
cbl-lyxdbj-800g 1367 1553 1541 1742
cbl-lyxtmj-800g 1479 1374 1700 1589
cbl-lyxtmj-800g 1632 1339 1853 1542
cbl-lyxtmj-800g 1517 1542 1691 1697
cbl-lyxtmj-800g 1655 1497 1820 1659
