cbl-lyxtmj-800g 1605 1097 1808 1306
cbl-lyxtmj-800g 1623 1259 1791 1415
cbl-lyxtmj-800g 1453 1147 1661 1350
cbl-lyxtmj-800g 1485 1294 1661 1456
cbl-lyxdbj-800g 1308 1200 1523 1406
cbl-lyxdbj-800g 1161 1239 1367 1453
cbl-lyxdbj-800g 1211 1362 1385 1553
cbl-lyxdbj-800g 1353 1339 1526 1494
cbl-lyxtmj-300g 1091 1371 1235 1539
cbl-lyxtmj-300g 1088 1494 1247 1627
cbl-lyxtmj-300g 947 1418 1120 1586
cbl-lyxtmj-300g 961 1530 1117 1671
cbl-lyxdbj-300g 800 1450 976 1627
cbl-lyxdbj-300g 823 1568 994 1724
cbl-lyxdbj-300g 650 1497 829 1677
cbl-lyxdbj-300g 673 1606 855 1736
