wdm-wjxjy-800ml 573 739 682 1183
wdm-wjxjy-800ml 655 747 761 1197
wdm-wjxjy-800ml 717 742 829 1206
wdm-wjxjy-800ml 782 736 897 1233
wdm-wjxjy-800ml 853 750 976 1265
wdm-wjxjy-500ml 935 847 1067 1286
wdm-wjxjy-500ml 1035 850 1164 1294
wdm-wjxjy-500ml 1111 859 1238 1333
wdm-btlcjy-500ml 1188 874 1335 1362
wdm-btlcjy-500ml 1297 877 1458 1397
wdm-zplj-450ml 1429 842 1620 1442
wdm-zplj-450ml 1488 850 1676 1471
wdm-zplj-450ml 1623 856 1844 1503
wdm-zphy-510g 738 1271 847 1609
wdm-zphy-510g 811 1289 894 1636
wdm-cxmc-460ml 864 1300 964 1677
wdm-cxmc-460ml 923 1330 1035 1712
wdm-cxmc-460ml 1005 1353 1117 1747
wdm-cxmc-460ml 1076 1386 1191 1786
wdm-cxmc-460ml 1153 1394 1264 1836
wdm-cxmc-460ml 1229 1433 1364 1886
wdm-spjbsc-500ml 1320 1468 1482 1947
wdm-spjbsc-500ml 1420 1509 1603 2003
wdm-spjbsc-500ml 1553 1553 1741 2053
