wdm-wjxjy-800ml 455 1 823 1142
wdm-wjxjy-800ml 694 1 994 1089
wdm-qxmc-460ml 897 83 1135 1003
wdm-qxmc-460ml 1053 71 1270 956
wdm-qxmc-460ml 1194 80 1376 927
wdm-wjxjy-800ml 653 1309 953 2139
wdm-wjxjy-1.8L 817 1244 1138 1997
wdm-wjxjy-1.8L 1023 1147 1285 1821
wdm-spsc-2L 1188 1015 1426 1689
wdm-spsc-2L 1355 986 1529 1568
wdm-spsc-2L 1470 912 1661 1477
wdm-btlcjy-1L 1605 874 1741 1386
wdm-btlcjy-1L 1691 836 1829 1327
lyx-tjjy-500ml 1303 124 1455 871
lyx-tjjy-500ml 1370 121 1529 847
wdm-zphy-510g 1479 130 1623 827
wdm-zphy-510g 1573 127 1723 762
