wdm-spjbsc-500ml 370 842 508 1271
wdm-spjbsc-500ml 485 853 603 1265
wdm-qxmc-460ml 582 859 694 1259
wdm-spjbsc-500ml 670 874 767 1250
wdm-zplj-450ml 744 868 864 1253
wdm-zphy-510g 853 883 953 1262
wdm-zphy-510g 938 871 1029 1253
cbl-lyxdbj-800g 394 1462 570 1615
cbl-lyxdbj-800g 361 1292 570 1489
cbl-lyxdbj-800g 538 1286 735 1494
cbl-lyxdbj-800g 544 1447 738 1621
cbl-lyxdbj-800g 717 1289 897 1483
cbl-lyxdbj-800g 720 1430 923 1615
cbl-hdj-800g 873 1418 1061 1600
cbl-hdj-800g 1035 1415 1211 1589
cbl-hdj-800g 1179 1418 1367 1600
cbl-hdj-800g 853 1277 1020 1447
cbl-hdj-800g 988 1274 1164 1444
cbl-hdj-900g 467 1974 617 2265
cbl-hdj-900g 394 1950 541 2206
cbl-lhdj-900g 647 1968 788 2253
cbl-lhdj-900g 761 1956 903 2239
cbl-lhdj-900g 867 1942 1005 2227
