wdm-spjbsc-500ml 551 573 618 745
wdm-spjbsc-500ml 593 572 662 745
wdm-cxmc-460ml 1108 573 1164 768
wdm-cxmc-460ml 1054 575 1118 758
wdm-cxhy-510g 1004 575 1064 764
wdm-cxhy-510g 962 573 1018 764
lyx-hsjy-500ml 920 577 979 750
lyx-hsjy-500ml 864 583 931 748
lyx-tjyzjy-500ml 810 573 870 752
lyx-tjyzjy-500ml 756 575 818 754
lyx-tjjy-500ml 703 577 764 745
lyx-tjjy-500ml 647 579 718 747
wdm-wjxjy-800ml 747 927 812 1118
wdm-wjxjy-800ml 799 939 864 1123
wdm-wjxjy-1.3L 849 948 929 1133
wdm-wjxjy-1.3L 918 954 999 1143
wdm-wjxjy-1.8L 987 948 1079 1147
wdm-wjxjy-1.8L 1062 960 1158 1152
