cbl-lyxtmj-800g 1335 859 1920 1380
cbl-lyxtmj-800g 1320 1233 1920 1771
cbl-lyxtmj-800g 1003 1156 1438 1603
cbl-lyxtmj-300g 791 956 1153 1256
cbl-lyxtmj-300g 788 1194 1088 1500
cbl-lyxdbj-300g 632 942 891 1209
cbl-lyxdbj-300g 638 1150 858 1433
cbl-lyxdbj-800g 470 874 794 1153
cbl-lyxdbj-800g 497 1092 738 1362
cbl-hdj-300g 403 1033 591 1194
cbl-hdj-300g 423 1144 585 1312
cbl-lyxdbj-800g 308 1021 479 1268
cbl-lyxdbj-800g 214 992 379 1233
cbl-lhdj-900g 388 189 658 736
cbl-lhdj-900g 303 242 520 718
cbl-hdj-900g 691 62 1003 677
