cbl-lyxdbj-300g 697 156 778 235
cbl-lyxdbj-300g 772 150 862 233
cbl-lyxdbj-300g 856 152 947 239
cbl-lyxdbj-300g 703 260 779 335
cbl-lyxdbj-300g 774 256 866 333
cbl-lyxdbj-300g 856 252 941 335
cbl-lyxdbj-300g 704 320 787 398
cbl-lyxdbj-300g 778 320 870 402
cbl-lyxdbj-300g 858 322 945 395
cbl-lyxdbj-300g 764 458 866 556
cbl-lyxdbj-300g 691 406 772 481
cbl-lyxdbj-300g 691 470 774 548
cbl-lyxdbj-300g 768 416 849 479
cbl-lyxdbj-300g 849 470 922 554
cbl-lyxdbj-300g 847 418 916 485
cbl-lyxdbj-800g 733 604 826 698
cbl-lyxdbj-800g 820 608 929 700
cbl-lyxtmj-800g 941 754 1033 847
cbl-lyxtmj-800g 1024 760 1112 845
cbl-lyxtmj-800g 1020 704 1120 779
cbl-hdj-800g 918 606 1008 691
cbl-hdj-800g 997 604 1093 691
cbl-hdj-300g 912 502 1020 556
cbl-hdj-300g 914 462 1022 516
cbl-hdj-300g 1006 498 1103 554
cbl-hdj-900g 1026 1006 1099 1141
cbl-hdj-900g 1087 998 1153 1137
cbl-hdj-900g 1143 998 1210 1127
cbl-hdj-900g 1195 995 1262 1127
cbl-hdj-900g 1249 993 1312 1114
cbl-lhdj-900g 1087 854 1158 985
cbl-lhdj-900g 1145 858 1210 979
cbl-lhdj-900g 1201 852 1270 977
cbl-lhdj-900g 1254 848 1322 975
cbl-lyxtmj-300g 1078 327 1158 402
cbl-lyxtmj-300g 1003 325 1091 406
cbl-lyxtmj-300g 931 322 1018 406
cbl-lyxtmj-300g 933 254 1014 337
cbl-lyxtmj-300g 1010 260 1093 337
cbl-lyxtmj-300g 933 158 1024 241
cbl-lyxtmj-300g 1012 160 1097 245
cbl-lyxtmj-300g 1083 164 1178 245
