cbl-lyxdbj-300g 1 1477 279 1694
cbl-lyxdbj-300g 1 1642 273 1877
cbl-lyxdbj-300g 244 1465 505 1709
cbl-lyxdbj-300g 244 1653 505 1874
cbl-lyxdbj-300g 491 1480 741 1712
cbl-lyxdbj-300g 479 1642 732 1886
cbl-hdj-300g 720 1483 1014 1677
cbl-hdj-300g 708 1621 1023 1777
cbl-hdj-300g 708 1718 1014 1886
cbl-lyxtmj-300g 1000 1492 1226 1712
cbl-lyxtmj-300g 991 1653 1208 1886
cbl-lyxtmj-300g 1211 1492 1467 1718
cbl-lyxtmj-300g 1200 1653 1447 1903
cbl-lyxdbj-500g 82 1994 353 2253
cbl-lyxdbj-500g 82 2153 350 2444
cbl-lyxdbj-500g 326 1986 591 2265
cbl-lyxdbj-500g 323 2147 573 2439
cbl-lyxdbj-500g 579 1992 817 2247
cbl-lyxdbj-500g 564 2153 820 2439
cbl-hdj-500g 797 2015 1097 2277
cbl-hdj-500g 797 2194 1091 2450
cbl-hdj-500g 1073 2009 1379 2292
cbl-hdj-500g 1061 2171 1373 2444
cbl-hdj-800g 1350 1986 1667 2250
cbl-hdj-800g 1332 2130 1644 2453
cbl-hdj-800g 1620 1994 1908 2230
cbl-hdj-800g 1611 2156 1917 2439
