wdm-wjxjy-1.8L 202 312 414 774
wdm-wjxjy-1.8L 399 321 608 762
wdm-wjxjy-1.3L 593 347 785 777
wdm-wjxjy-1.3L 767 344 967 777
wdm-wjxjy-500ml 173 936 305 1359
wdm-wjxjy-500ml 296 944 423 1356
wdm-wjxjy-500ml 408 947 540 1347
wdm-wjxjy-500ml 529 947 664 1344
wdm-wjxjy-800ml 167 1441 320 1950
wdm-wjxjy-800ml 305 1459 446 1939
wdm-wjxjy-800ml 435 1462 582 1933
wdm-wjxjy-800ml 567 1462 714 1933
wdm-wjxjy-1L 196 2053 349 2530
wdm-wjxjy-1L 329 2053 485 2518
wdm-wjxjy-1L 470 2050 623 2530
wdm-wjxjy-1L 599 2047 767 2533
